4:3757380_G_A	4:2183726_C_CA
4:3757380_G_A	4:2248073_C_T
4:3757380_G_A	4:3047899_G_A
4:3757380_G_A	4:3073964_C_T
4:3757380_G_A	4:3095851_C_T
4:3757380_G_A	4:3633810_C_T
4:3757380_G_A	4:3637963_A_G
4:3757380_G_A	4:3641613_C_G
4:3757380_G_A	4:3641670_A_C
4:3757380_G_A	4:3641703_T_C
4:3757380_G_A	4:3641923_A_G
4:3757380_G_A	4:3644472_G_A
4:3757380_G_A	4:3648043_G_A
4:3757380_G_A	4:3710795_C_T
4:3757380_G_A	4:3715551_C_T
4:3757380_G_A	4:3715603_T_C
4:3757380_G_A	4:3716090_T_A
4:3757380_G_A	4:3716223_T_C
4:3757380_G_A	4:3716501_C_G
4:3757380_G_A	4:3718456_C_T
4:3757380_G_A	4:3719663_A_G
4:3757380_G_A	4:3719829_G_A
4:3757380_G_A	4:3720622_G_C
4:3757380_G_A	4:3720869_T_C
4:3757380_G_A	4:3720900_C_T
4:3757380_G_A	4:3720905_G_C
4:3757380_G_A	4:3720931_G_GTCTC
4:3757380_G_A	4:3721085_A_G
4:3757380_G_A	4:3721111_G_C
4:3757380_G_A	4:3721120_G_A
4:3757380_G_A	4:3721299_G_A
4:3757380_G_A	4:3721822_C_T
4:3757380_G_A	4:3721896_A_G
4:3757380_G_A	4:3733960_C_T
4:3757380_G_A	4:3739305_G_C
4:3757380_G_A	4:3739334_T_A
4:3757380_G_A	4:3740519_C_T
4:3757380_G_A	4:3740542_C_G
4:3757380_G_A	4:3740717_A_G
4:3757380_G_A	4:3741038_T_G
4:3757380_G_A	4:3741660_T_C
4:3757380_G_A	4:3742818_G_T
4:3757380_G_A	4:3742998_G_T
4:3757380_G_A	4:3743004_T_C
4:3757380_G_A	4:3743628_CCCAGCCTG_C
4:3757380_G_A	4:3743792_A_G
4:3757380_G_A	4:3743797_T_C
4:3757380_G_A	4:3743820_G_A
4:3757380_G_A	4:3744069_T_G
4:3757380_G_A	4:3744294_G_A
4:3757380_G_A	4:3745351_T_G
4:3757380_G_A	4:3746133_G_C
4:3757380_G_A	4:3747842_A_C
4:3757380_G_A	4:3748134_C_A
4:3757380_G_A	4:3748555_G_C
4:3757380_G_A	4:3750715_A_C
4:3757380_G_A	4:3752734_G_T
4:3757380_G_A	4:3752797_A_G
4:3757380_G_A	4:3753097_C_T
4:3757380_G_A	4:3753417_C_T
4:3757380_G_A	4:3754427_T_G
4:3757380_G_A	4:3754715_C_G
4:3757380_G_A	4:3754818_A_G
4:3757380_G_A	4:3755589_C_T
4:3757380_G_A	4:3756297_G_T
4:3757380_G_A	4:3757751_T_C
4:3757380_G_A	4:3758382_A_G
4:3757380_G_A	4:3759184_C_T
4:3757380_G_A	4:3760093_A_G
4:3757380_G_A	4:3761347_G_A
4:3757380_G_A	4:3761446_G_C
4:3757380_G_A	4:3761787_G_C
4:3757380_G_A	4:3762437_C_A
4:3757380_G_A	4:3762529_G_A
4:3757380_G_A	4:3762919_T_C
4:3757380_G_A	4:3763593_C_T
4:3757380_G_A	4:3765090_T_G
4:3757380_G_A	4:3765106_T_C
4:3757380_G_A	4:3765128_C_T
4:3757380_G_A	4:3765336_G_A
4:3757380_G_A	4:3769789_G_GGGGGAGCTTTCCCAGAGACCC
4:3757380_G_A	4:3771727_G_A
4:3757380_G_A	4:3771733_G_A
4:3757380_G_A	4:3771966_C_T
4:3757380_G_A	4:3772243_C_G
4:3757380_G_A	4:3772578_A_G
4:3757380_G_A	4:3775163_G_T
4:3757380_G_A	4:3778166_C_G
4:3757380_G_A	4:3778167_C_G
4:3757380_G_A	4:3779161_T_C
4:3757380_G_A	4:3779503_T_G
4:3757380_G_A	4:3779942_T_C
4:3757380_G_A	4:3780072_C_T
4:3757380_G_A	4:3780353_T_C
4:3757380_G_A	4:3780821_C_G
4:3757380_G_A	4:3780906_C_T
4:3757380_G_A	4:3781030_G_A
4:3757380_G_A	4:3781438_C_G
4:3757380_G_A	4:3782159_T_G
4:3757380_G_A	4:3782167_G_A
4:3757380_G_A	4:3782294_C_T
4:3757380_G_A	4:3784225_C_T
4:3757380_G_A	4:3785838_G_C
4:3757380_G_A	4:3786710_G_A
4:3757380_G_A	4:4330025_T_C
4:3757380_G_A	4:4330027_C_T
4:3757380_G_A	4:4332177_C_CT
4:3757380_G_A	4:4332281_T_C
4:3757380_G_A	4:4332331_C_A
4:3757380_G_A	4:4354607_G_A
4:3757380_G_A	4:4354743_C_G
4:3757380_G_A	4:4355207_G_A
4:3757380_G_A	4:12431610_T_TTC
6:28535960_C_CA	6:18930082_TATCTATC_T
6:28535960_C_CA	6:19093152_A_G
6:28535960_C_CA	6:23893685_A_G
6:28535960_C_CA	6:24828932_A_C
6:28535960_C_CA	6:24839137_G_A
6:28535960_C_CA	6:24932605_T_C
6:28535960_C_CA	6:24933215_CAGA_C
6:28535960_C_CA	6:24935580_G_A
6:28535960_C_CA	6:24941208_G_T
6:28535960_C_CA	6:25417423_G_T
6:28535960_C_CA	6:25419094_T_C
6:28535960_C_CA	6:25424191_A_G
6:28535960_C_CA	6:25424327_G_A
6:28535960_C_CA	6:25425526_A_G
6:28535960_C_CA	6:25450026_C_A
6:28535960_C_CA	6:25464108_T_C
6:28535960_C_CA	6:25480328_T_G
6:28535960_C_CA	6:25514179_G_A
6:28535960_C_CA	6:25517150_G_C
6:28535960_C_CA	6:25528913_T_C
6:28535960_C_CA	6:25534677_G_A
6:28535960_C_CA	6:25534912_T_A
6:28535960_C_CA	6:25535929_G_A
6:28535960_C_CA	6:25536105_C_T
6:28535960_C_CA	6:25539470_T_C
6:28535960_C_CA	6:25546782_G_A
6:28535960_C_CA	6:25552269_TTTTG_T
6:28535960_C_CA	6:25561630_G_A
6:28535960_C_CA	6:25569710_A_G
6:28535960_C_CA	6:25571426_A_G
6:28535960_C_CA	6:25572530_A_C
6:28535960_C_CA	6:25573629_A_ACCT
6:28535960_C_CA	6:25575053_A_C
6:28535960_C_CA	6:25577839_T_A
6:28535960_C_CA	6:25577905_G_C
6:28535960_C_CA	6:25580821_C_T
6:28535960_C_CA	6:25585517_A_G
6:28535960_C_CA	6:25586264_T_G
6:28535960_C_CA	6:25586392_G_A
6:28535960_C_CA	6:25588780_C_T
6:28535960_C_CA	6:25588815_C_T
6:28535960_C_CA	6:25589519_T_G
6:28535960_C_CA	6:25597043_A_T
6:28535960_C_CA	6:25597201_AC_A
6:28535960_C_CA	6:25605586_TAATAA_T
6:28535960_C_CA	6:25615202_T_C
6:28535960_C_CA	6:25615347_G_A
6:28535960_C_CA	6:25684606_C_T
6:28535960_C_CA	6:25685878_G_GTATAAT
6:28535960_C_CA	6:25686033_G_T
6:28535960_C_CA	6:25700342_G_A
6:28535960_C_CA	6:25710571_G_A
6:28535960_C_CA	6:25714959_A_G
6:28535960_C_CA	6:25736678_G_A
6:28535960_C_CA	6:25741674_G_A
6:28535960_C_CA	6:25749127_G_T
6:28535960_C_CA	6:25749312_C_T
6:28535960_C_CA	6:25755788_CA_C
6:28535960_C_CA	6:25758212_C_T
6:28535960_C_CA	6:25758970_CT_C
6:28535960_C_CA	6:25761209_T_C
6:28535960_C_CA	6:25763192_A_G
6:28535960_C_CA	6:25764192_A_G
6:28535960_C_CA	6:25767437_G_A
6:28535960_C_CA	6:25769024_T_C
6:28535960_C_CA	6:25769608_G_C
6:28535960_C_CA	6:25771806_GA_G
6:28535960_C_CA	6:25772639_G_C
6:28535960_C_CA	6:25774130_C_T
6:28535960_C_CA	6:25775559_T_TA
6:28535960_C_CA	6:25775570_T_A
6:28535960_C_CA	6:25776060_T_C
6:28535960_C_CA	6:25776376_C_CA
6:28535960_C_CA	6:25777497_A_T
6:28535960_C_CA	6:25777792_A_AAAC
6:28535960_C_CA	6:25778055_C_T
6:28535960_C_CA	6:25780811_A_G
6:28535960_C_CA	6:25781465_CAAAG_C
6:28535960_C_CA	6:25781853_T_G
6:28535960_C_CA	6:25782314_T_G
6:28535960_C_CA	6:25783022_T_C
6:28535960_C_CA	6:25783315_T_C
6:28535960_C_CA	6:25786226_T_C
6:28535960_C_CA	6:25787817_G_A
6:28535960_C_CA	6:25789061_A_G
6:28535960_C_CA	6:25789390_T_A
6:28535960_C_CA	6:25790356_A_T
6:28535960_C_CA	6:25790378_T_C
6:28535960_C_CA	6:25792768_C_T
6:28535960_C_CA	6:25803712_A_G
6:28535960_C_CA	6:25808743_A_T
6:28535960_C_CA	6:25809218_A_G
6:28535960_C_CA	6:25809477_G_A
6:28535960_C_CA	6:25809751_A_G
6:28535960_C_CA	6:25812641_T_C
6:28535960_C_CA	6:25817796_AT_A
6:28535960_C_CA	6:25821224_C_T
6:28535960_C_CA	6:25821992_TATACA_T
6:28535960_C_CA	6:25822134_GA_G
6:28535960_C_CA	6:25822661_C_T
6:28535960_C_CA	6:25827154_T_A
6:28535960_C_CA	6:25828782_A_T
6:28535960_C_CA	6:25830038_C_A
6:28535960_C_CA	6:25831076_A_G
6:28535960_C_CA	6:25833010_T_C
6:28535960_C_CA	6:25833722_C_T
6:28535960_C_CA	6:25836257_C_G
6:28535960_C_CA	6:25836927_C_G
6:28535960_C_CA	6:25837855_T_C
6:28535960_C_CA	6:25838181_T_G
6:28535960_C_CA	6:25840253_A_AG
6:28535960_C_CA	6:25840528_G_A
6:28535960_C_CA	6:25845066_G_A
6:28535960_C_CA	6:25846372_TG_T
6:28535960_C_CA	6:25848025_T_C
6:28535960_C_CA	6:25848911_G_A
6:28535960_C_CA	6:25851338_G_A
6:28535960_C_CA	6:25854642_TC_T
6:28535960_C_CA	6:25854644_C_A
6:28535960_C_CA	6:25857033_C_T
6:28535960_C_CA	6:25857672_G_A
6:28535960_C_CA	6:25857710_G_A
6:28535960_C_CA	6:25859413_A_G
6:28535960_C_CA	6:25859683_C_T
6:28535960_C_CA	6:25860580_G_A
6:28535960_C_CA	6:25860832_C_G
6:28535960_C_CA	6:25863018_TGAAAA_T
6:28535960_C_CA	6:25863487_G_C
6:28535960_C_CA	6:25864682_G_A
6:28535960_C_CA	6:25864818_C_T
6:28535960_C_CA	6:25864882_G_C
6:28535960_C_CA	6:25866232_T_A
6:28535960_C_CA	6:25866243_A_T
6:28535960_C_CA	6:25866935_T_C
6:28535960_C_CA	6:25867566_G_A
6:28535960_C_CA	6:25870381_C_T
6:28535960_C_CA	6:25870655_C_T
6:28535960_C_CA	6:25871117_A_G
6:28535960_C_CA	6:25871649_T_C
6:28535960_C_CA	6:25872579_A_G
6:28535960_C_CA	6:25873190_T_C
6:28535960_C_CA	6:25873746_C_A
6:28535960_C_CA	6:25875084_T_C
6:28535960_C_CA	6:25875567_CTGTAT_C
6:28535960_C_CA	6:25878282_C_CA
6:28535960_C_CA	6:25884519_G_A
6:28535960_C_CA	6:25886577_T_C
6:28535960_C_CA	6:25887217_A_C
6:28535960_C_CA	6:25890656_A_G
6:28535960_C_CA	6:25894609_G_A
6:28535960_C_CA	6:25896907_A_G
6:28535960_C_CA	6:25903047_A_G
6:28535960_C_CA	6:25909166_A_C
6:28535960_C_CA	6:25914035_G_GT
6:28535960_C_CA	6:25918027_A_C
6:28535960_C_CA	6:25918335_T_C
6:28535960_C_CA	6:25918473_C_T
6:28535960_C_CA	6:25918855_G_A
6:28535960_C_CA	6:25919431_T_A
6:28535960_C_CA	6:25923417_A_AAAAC
6:28535960_C_CA	6:25925496_C_T
6:28535960_C_CA	6:25925634_G_A
6:28535960_C_CA	6:25928775_G_A
6:28535960_C_CA	6:25930088_G_A
6:28535960_C_CA	6:25931020_G_A
6:28535960_C_CA	6:25931957_A_C
6:28535960_C_CA	6:25934099_A_T
6:28535960_C_CA	6:25935227_C_A
6:28535960_C_CA	6:25935489_A_G
6:28535960_C_CA	6:25935591_C_T
6:28535960_C_CA	6:25937652_G_A
6:28535960_C_CA	6:25938767_T_A
6:28535960_C_CA	6:25941465_T_TTA
6:28535960_C_CA	6:25943234_C_A
6:28535960_C_CA	6:25943646_G_C
6:28535960_C_CA	6:25944803_G_A
6:28535960_C_CA	6:25946627_A_G
6:28535960_C_CA	6:25946633_AC_A
6:28535960_C_CA	6:25947259_G_C
6:28535960_C_CA	6:25955741_C_T
6:28535960_C_CA	6:25957282_C_T
6:28535960_C_CA	6:25961352_C_T
6:28535960_C_CA	6:25962304_C_T
6:28535960_C_CA	6:25962951_C_A
6:28535960_C_CA	6:25975669_A_G
6:28535960_C_CA	6:25976099_A_G
6:28535960_C_CA	6:25976165_C_T
6:28535960_C_CA	6:25979122_T_C
6:28535960_C_CA	6:25980523_A_C
6:28535960_C_CA	6:25983777_C_T
6:28535960_C_CA	6:25986451_G_A
6:28535960_C_CA	6:25987037_ACC_A
6:28535960_C_CA	6:25993469_A_G
6:28535960_C_CA	6:25993968_T_C
6:28535960_C_CA	6:25995701_A_C
6:28535960_C_CA	6:25999149_C_T
6:28535960_C_CA	6:25999175_G_A
6:28535960_C_CA	6:26003070_C_G
6:28535960_C_CA	6:26008620_C_T
6:28535960_C_CA	6:26014852_G_A
6:28535960_C_CA	6:26015489_G_A
6:28535960_C_CA	6:26021872_C_T
6:28535960_C_CA	6:26022244_A_G
6:28535960_C_CA	6:26022648_A_C
6:28535960_C_CA	6:26026163_C_G
6:28535960_C_CA	6:26030044_A_G
6:28535960_C_CA	6:26031380_G_GTA
6:28535960_C_CA	6:26035806_G_A
6:28535960_C_CA	6:26037601_G_A
6:28535960_C_CA	6:26038681_C_G
6:28535960_C_CA	6:26040595_G_A
6:28535960_C_CA	6:26041870_G_T
6:28535960_C_CA	6:26044373_C_T
6:28535960_C_CA	6:26044864_T_C
6:28535960_C_CA	6:26045905_G_C
6:28535960_C_CA	6:26048559_T_G
6:28535960_C_CA	6:26054171_T_A
6:28535960_C_CA	6:26057781_A_C
6:28535960_C_CA	6:26059157_C_A
6:28535960_C_CA	6:26062631_A_G
6:28535960_C_CA	6:26067360_A_G
6:28535960_C_CA	6:26067785_C_T
6:28535960_C_CA	6:26072981_G_A
6:28535960_C_CA	6:26073375_C_A
6:28535960_C_CA	6:26073411_T_G
6:28535960_C_CA	6:26074884_G_T
6:28535960_C_CA	6:26076616_ATG_A
6:28535960_C_CA	6:26079185_C_T
6:28535960_C_CA	6:26082220_A_G
6:28535960_C_CA	6:26083519_T_C
6:28535960_C_CA	6:26090025_T_C
6:28535960_C_CA	6:26090270_G_T
6:28535960_C_CA	6:26090452_T_C
6:28535960_C_CA	6:26095643_G_A
6:28535960_C_CA	6:26095746_A_G
6:28535960_C_CA	6:26099279_T_G
6:28535960_C_CA	6:26099472_G_A
6:28535960_C_CA	6:26100198_G_A
6:28535960_C_CA	6:26104630_C_T
6:28535960_C_CA	6:26105369_C_T
6:28535960_C_CA	6:26106604_C_A
6:28535960_C_CA	6:26107088_C_T
6:28535960_C_CA	6:26107589_GAT_G
6:28535960_C_CA	6:26110148_T_C
6:28535960_C_CA	6:26111271_C_T
6:28535960_C_CA	6:26117404_T_C
6:28535960_C_CA	6:26119245_C_T
6:28535960_C_CA	6:26122648_G_C
6:28535960_C_CA	6:26128538_C_G
6:28535960_C_CA	6:26133070_G_A
6:28535960_C_CA	6:26162019_T_A
6:28535960_C_CA	6:26163345_A_AT
6:28535960_C_CA	6:26167951_C_G
6:28535960_C_CA	6:26171250_T_C
6:28535960_C_CA	6:26173478_T_G
6:28535960_C_CA	6:26173934_A_ATC
6:28535960_C_CA	6:26175866_A_C
6:28535960_C_CA	6:26184640_C_G
6:28535960_C_CA	6:26185226_A_G
6:28535960_C_CA	6:26189356_G_C
6:28535960_C_CA	6:26199903_C_T
6:28535960_C_CA	6:26230172_A_AAAAT
6:28535960_C_CA	6:26266311_A_C
6:28535960_C_CA	6:26309380_G_A
6:28535960_C_CA	6:26312170_G_C
6:28535960_C_CA	6:26313348_C_T
6:28535960_C_CA	6:26314233_G_C
6:28535960_C_CA	6:26316295_G_A
6:28535960_C_CA	6:26316982_A_G
6:28535960_C_CA	6:26318262_C_T
6:28535960_C_CA	6:26318745_CA_C
6:28535960_C_CA	6:26322115_C_T
6:28535960_C_CA	6:26322153_A_G
6:28535960_C_CA	6:26322861_C_T
6:28535960_C_CA	6:26325228_C_T
6:28535960_C_CA	6:26325463_T_C
6:28535960_C_CA	6:26325843_A_G
6:28535960_C_CA	6:26326360_CA_C
6:28535960_C_CA	6:26327081_A_C
6:28535960_C_CA	6:26327087_C_A
6:28535960_C_CA	6:26327394_A_T
6:28535960_C_CA	6:26327814_T_C
6:28535960_C_CA	6:26327905_G_C
6:28535960_C_CA	6:26327956_T_C
6:28535960_C_CA	6:26328353_T_C
6:28535960_C_CA	6:26328366_G_A
6:28535960_C_CA	6:26328462_G_C
6:28535960_C_CA	6:26328622_T_TA
6:28535960_C_CA	6:26334306_A_G
6:28535960_C_CA	6:26336572_G_A
6:28535960_C_CA	6:26338128_T_C
6:28535960_C_CA	6:26339131_A_G
6:28535960_C_CA	6:26340872_G_A
6:28535960_C_CA	6:26342311_AAGG_A
6:28535960_C_CA	6:26343057_C_G
6:28535960_C_CA	6:26344975_G_C
6:28535960_C_CA	6:26350495_A_G
6:28535960_C_CA	6:26350565_A_G
6:28535960_C_CA	6:26350810_T_A
6:28535960_C_CA	6:26351504_CA_C
6:28535960_C_CA	6:26352069_TAAG_T
6:28535960_C_CA	6:26352566_T_C
6:28535960_C_CA	6:26354100_G_T
6:28535960_C_CA	6:26354247_G_A
6:28535960_C_CA	6:26355094_G_A
6:28535960_C_CA	6:26356038_TTTTC_T
6:28535960_C_CA	6:26356347_C_A
6:28535960_C_CA	6:26356853_C_T
6:28535960_C_CA	6:26356951_T_C
6:28535960_C_CA	6:26357011_C_T
6:28535960_C_CA	6:26357278_A_G
6:28535960_C_CA	6:26357635_A_G
6:28535960_C_CA	6:26357898_C_CT
6:28535960_C_CA	6:26358775_T_C
6:28535960_C_CA	6:26359241_A_T
6:28535960_C_CA	6:26359306_T_C
6:28535960_C_CA	6:26360311_G_A
6:28535960_C_CA	6:26360443_TTTTTC_T
6:28535960_C_CA	6:26360486_A_C
6:28535960_C_CA	6:26361500_G_A
6:28535960_C_CA	6:26361985_A_G
6:28535960_C_CA	6:26362119_A_T
6:28535960_C_CA	6:26362486_T_C
6:28535960_C_CA	6:26362705_C_T
6:28535960_C_CA	6:26362854_T_C
6:28535960_C_CA	6:26364056_C_T
6:28535960_C_CA	6:26364628_A_C
6:28535960_C_CA	6:26365147_C_T
6:28535960_C_CA	6:26365346_G_C
6:28535960_C_CA	6:26365586_T_C
6:28535960_C_CA	6:26365679_T_G
6:28535960_C_CA	6:26365759_T_C
6:28535960_C_CA	6:26365766_T_C
6:28535960_C_CA	6:26365913_G_T
6:28535960_C_CA	6:26366511_T_A
6:28535960_C_CA	6:26366836_A_C
6:28535960_C_CA	6:26367445_C_A
6:28535960_C_CA	6:26367654_G_C
6:28535960_C_CA	6:26367833_A_G
6:28535960_C_CA	6:26369587_A_G
6:28535960_C_CA	6:26370365_G_C
6:28535960_C_CA	6:26370474_C_T
6:28535960_C_CA	6:26370572_C_T
6:28535960_C_CA	6:26370605_T_C
6:28535960_C_CA	6:26370657_A_G
6:28535960_C_CA	6:26370659_C_T
6:28535960_C_CA	6:26371000_G_C
6:28535960_C_CA	6:26371525_T_TA
6:28535960_C_CA	6:26371679_A_G
6:28535960_C_CA	6:26372427_A_G
6:28535960_C_CA	6:26372460_C_CT
6:28535960_C_CA	6:26372584_G_A
6:28535960_C_CA	6:26372827_C_T
6:28535960_C_CA	6:26373086_C_T
6:28535960_C_CA	6:26373121_G_A
6:28535960_C_CA	6:26373150_C_T
6:28535960_C_CA	6:26373507_G_A
6:28535960_C_CA	6:26374274_C_G
6:28535960_C_CA	6:26374978_T_C
6:28535960_C_CA	6:26375159_A_G
6:28535960_C_CA	6:26375243_T_C
6:28535960_C_CA	6:26375256_A_G
6:28535960_C_CA	6:26375645_G_A
6:28535960_C_CA	6:26375658_G_A
6:28535960_C_CA	6:26375854_C_G
6:28535960_C_CA	6:26376103_A_G
6:28535960_C_CA	6:26376314_A_G
6:28535960_C_CA	6:26376368_A_G
6:28535960_C_CA	6:26376628_T_C
6:28535960_C_CA	6:26377028_G_A
6:28535960_C_CA	6:26377385_C_G
6:28535960_C_CA	6:26377573_T_A
6:28535960_C_CA	6:26377927_T_C
6:28535960_C_CA	6:26377939_G_A
6:28535960_C_CA	6:26378288_T_A
6:28535960_C_CA	6:26379440_A_T
6:28535960_C_CA	6:26380032_A_G
6:28535960_C_CA	6:26381630_T_C
6:28535960_C_CA	6:26385093_C_G
6:28535960_C_CA	6:26387546_C_T
6:28535960_C_CA	6:26391190_G_A
6:28535960_C_CA	6:26391394_G_A
6:28535960_C_CA	6:26391395_A_G
6:28535960_C_CA	6:26396727_G_T
6:28535960_C_CA	6:26397573_T_C
6:28535960_C_CA	6:26399615_A_C
6:28535960_C_CA	6:26402717_T_C
6:28535960_C_CA	6:26404694_C_T
6:28535960_C_CA	6:26407482_G_A
6:28535960_C_CA	6:26408472_C_CATAT
6:28535960_C_CA	6:26408551_T_G
6:28535960_C_CA	6:26414425_C_T
6:28535960_C_CA	6:26415409_T_A
6:28535960_C_CA	6:26416787_C_G
6:28535960_C_CA	6:26421345_T_C
6:28535960_C_CA	6:26422627_C_A
6:28535960_C_CA	6:26426856_G_A
6:28535960_C_CA	6:26431982_C_T
6:28535960_C_CA	6:26434630_T_C
6:28535960_C_CA	6:26438817_T_G
6:28535960_C_CA	6:26440429_A_T
6:28535960_C_CA	6:26441640_C_T
6:28535960_C_CA	6:26441725_C_CT
6:28535960_C_CA	6:26444732_C_T
6:28535960_C_CA	6:26444915_G_A
6:28535960_C_CA	6:26444938_T_A
6:28535960_C_CA	6:26445039_A_G
6:28535960_C_CA	6:26449219_G_A
6:28535960_C_CA	6:26454363_C_T
6:28535960_C_CA	6:26454956_C_T
6:28535960_C_CA	6:26455814_T_C
6:28535960_C_CA	6:26456074_T_G
6:28535960_C_CA	6:26462104_C_T
6:28535960_C_CA	6:26463271_T_A
6:28535960_C_CA	6:26463574_G_T
6:28535960_C_CA	6:26466035_A_C
6:28535960_C_CA	6:26467531_A_G
6:28535960_C_CA	6:26468660_G_A
6:28535960_C_CA	6:26469866_G_A
6:28535960_C_CA	6:26470032_T_C
6:28535960_C_CA	6:26471155_T_C
6:28535960_C_CA	6:26471992_A_G
6:28535960_C_CA	6:26474096_G_GT
6:28535960_C_CA	6:26474203_T_TA
6:28535960_C_CA	6:26476782_T_A
6:28535960_C_CA	6:26477143_T_A
6:28535960_C_CA	6:26477779_G_A
6:28535960_C_CA	6:26478252_C_T
6:28535960_C_CA	6:26478825_G_C
6:28535960_C_CA	6:26479000_G_A
6:28535960_C_CA	6:26479150_C_T
6:28535960_C_CA	6:26481317_C_T
6:28535960_C_CA	6:26482468_G_A
6:28535960_C_CA	6:26483806_G_A
6:28535960_C_CA	6:26485573_A_G
6:28535960_C_CA	6:26485717_A_C
6:28535960_C_CA	6:26485725_G_A
6:28535960_C_CA	6:26485727_G_A
6:28535960_C_CA	6:26485733_G_T
6:28535960_C_CA	6:26485734_GT_G
6:28535960_C_CA	6:26487169_C_T
6:28535960_C_CA	6:26488860_C_A
6:28535960_C_CA	6:26489607_C_T
6:28535960_C_CA	6:26489866_A_T
6:28535960_C_CA	6:26491234_A_G
6:28535960_C_CA	6:26492149_C_T
6:28535960_C_CA	6:26493384_G_T
6:28535960_C_CA	6:26493909_T_C
6:28535960_C_CA	6:26496578_A_T
6:28535960_C_CA	6:26496762_G_C
6:28535960_C_CA	6:26496916_G_A
6:28535960_C_CA	6:26498758_G_T
6:28535960_C_CA	6:26499185_C_T
6:28535960_C_CA	6:26500011_C_G
6:28535960_C_CA	6:26501768_C_T
6:28535960_C_CA	6:26507434_A_G
6:28535960_C_CA	6:26511076_C_T
6:28535960_C_CA	6:26511744_G_C
6:28535960_C_CA	6:26513539_AAAAT_A
6:28535960_C_CA	6:26514940_C_T
6:28535960_C_CA	6:26521520_T_C
6:28535960_C_CA	6:26524313_G_A
6:28535960_C_CA	6:26529890_G_A
6:28535960_C_CA	6:26530376_C_T
6:28535960_C_CA	6:26530419_A_G
6:28535960_C_CA	6:26530931_C_T
6:28535960_C_CA	6:26534024_G_T
6:28535960_C_CA	6:26535708_C_CT
6:28535960_C_CA	6:26537609_A_G
6:28535960_C_CA	6:26537801_G_A
6:28535960_C_CA	6:26546048_C_T
6:28535960_C_CA	6:26549212_G_A
6:28535960_C_CA	6:26550144_C_T
6:28535960_C_CA	6:26555433_C_A
6:28535960_C_CA	6:26558531_T_C
6:28535960_C_CA	6:26560672_A_C
6:28535960_C_CA	6:26562269_G_T
6:28535960_C_CA	6:26563864_A_C
6:28535960_C_CA	6:26566887_AGTGAC_A
6:28535960_C_CA	6:26569135_T_C
6:28535960_C_CA	6:26577489_C_CA
6:28535960_C_CA	6:26579560_C_T
6:28535960_C_CA	6:26584668_C_T
6:28535960_C_CA	6:26587373_G_T
6:28535960_C_CA	6:26587406_G_A
6:28535960_C_CA	6:26588521_C_T
6:28535960_C_CA	6:26590578_A_T
6:28535960_C_CA	6:26592707_A_G
6:28535960_C_CA	6:26593037_A_G
6:28535960_C_CA	6:26593275_C_T
6:28535960_C_CA	6:26599509_A_G
6:28535960_C_CA	6:26601355_C_CT
6:28535960_C_CA	6:26601940_G_A
6:28535960_C_CA	6:26602453_A_G
6:28535960_C_CA	6:26603015_T_A
6:28535960_C_CA	6:26603811_A_C
6:28535960_C_CA	6:26603866_T_C
6:28535960_C_CA	6:26603924_C_A
6:28535960_C_CA	6:26605206_G_A
6:28535960_C_CA	6:26609989_G_C
6:28535960_C_CA	6:26610426_G_T
6:28535960_C_CA	6:26610713_CTG_C
6:28535960_C_CA	6:26612870_G_T
6:28535960_C_CA	6:26620312_G_A
6:28535960_C_CA	6:26620658_G_A
6:28535960_C_CA	6:26622545_TTGA_T
6:28535960_C_CA	6:26622549_T_C
6:28535960_C_CA	6:26626530_TA_T
6:28535960_C_CA	6:26626977_GT_G
6:28535960_C_CA	6:26628945_CAA_C
6:28535960_C_CA	6:26630990_G_A
6:28535960_C_CA	6:26631568_G_T
6:28535960_C_CA	6:26633711_T_A
6:28535960_C_CA	6:26634436_G_A
6:28535960_C_CA	6:26637724_T_C
6:28535960_C_CA	6:26640886_C_T
6:28535960_C_CA	6:26640895_C_T
6:28535960_C_CA	6:26642305_G_A
6:28535960_C_CA	6:26646674_A_C
6:28535960_C_CA	6:26646966_T_G
6:28535960_C_CA	6:26649355_T_C
6:28535960_C_CA	6:26649538_T_TAAACAC
6:28535960_C_CA	6:26651053_T_A
6:28535960_C_CA	6:26652489_A_C
6:28535960_C_CA	6:26654189_A_G
6:28535960_C_CA	6:26654318_C_T
6:28535960_C_CA	6:26654333_A_G
6:28535960_C_CA	6:26654817_A_C
6:28535960_C_CA	6:26656073_G_A
6:28535960_C_CA	6:26663096_T_A
6:28535960_C_CA	6:26664268_T_C
6:28535960_C_CA	6:26665235_T_G
6:28535960_C_CA	6:26668832_TG_T
6:28535960_C_CA	6:26670618_A_G
6:28535960_C_CA	6:26699046_G_T
6:28535960_C_CA	6:26701252_G_GT
6:28535960_C_CA	6:26706602_T_A
6:28535960_C_CA	6:26739452_C_T
6:28535960_C_CA	6:26739487_A_G
6:28535960_C_CA	6:26743531_G_C
6:28535960_C_CA	6:26747550_G_GA
6:28535960_C_CA	6:26749353_T_C
6:28535960_C_CA	6:26753800_T_C
6:28535960_C_CA	6:26754358_TG_T
6:28535960_C_CA	6:26755267_A_C
6:28535960_C_CA	6:26758630_T_TGC
6:28535960_C_CA	6:26758634_ATGC_A
6:28535960_C_CA	6:26759078_C_A
6:28535960_C_CA	6:26759130_CTATTTATT_C
6:28535960_C_CA	6:26761282_ATG_A
6:28535960_C_CA	6:26761745_T_C
6:28535960_C_CA	6:26762087_C_T
6:28535960_C_CA	6:26799118_T_C
6:28535960_C_CA	6:26799828_C_G
6:28535960_C_CA	6:26803025_T_C
6:28535960_C_CA	6:26809124_G_A
6:28535960_C_CA	6:26810830_G_C
6:28535960_C_CA	6:26822009_TC_T
6:28535960_C_CA	6:26824920_T_C
6:28535960_C_CA	6:26828359_C_T
6:28535960_C_CA	6:26833708_T_C
6:28535960_C_CA	6:26843517_A_C
6:28535960_C_CA	6:26843647_G_GTAAA
6:28535960_C_CA	6:26846712_T_A
6:28535960_C_CA	6:26849098_C_T
6:28535960_C_CA	6:26851415_G_A
6:28535960_C_CA	6:26855543_G_C
6:28535960_C_CA	6:26865600_C_T
6:28535960_C_CA	6:26865758_T_C
6:28535960_C_CA	6:26865770_C_A
6:28535960_C_CA	6:26865936_C_A
6:28535960_C_CA	6:26865972_G_T
6:28535960_C_CA	6:26866367_G_A
6:28535960_C_CA	6:26870627_T_G
6:28535960_C_CA	6:26871843_G_A
6:28535960_C_CA	6:26872019_T_C
6:28535960_C_CA	6:26872409_C_T
6:28535960_C_CA	6:26883207_G_T
6:28535960_C_CA	6:26884560_T_C
6:28535960_C_CA	6:26885068_AT_A
6:28535960_C_CA	6:26886142_C_A
6:28535960_C_CA	6:26887821_G_A
6:28535960_C_CA	6:26890136_G_C
6:28535960_C_CA	6:26891165_C_A
6:28535960_C_CA	6:26891603_T_C
6:28535960_C_CA	6:26893329_C_G
6:28535960_C_CA	6:26895248_C_A
6:28535960_C_CA	6:26903379_C_T
6:28535960_C_CA	6:26903585_T_G
6:28535960_C_CA	6:26905820_A_G
6:28535960_C_CA	6:26907635_T_C
6:28535960_C_CA	6:26907831_T_C
6:28535960_C_CA	6:26908014_C_CT
6:28535960_C_CA	6:26909096_C_G
6:28535960_C_CA	6:26909593_A_G
6:28535960_C_CA	6:26910752_C_T
6:28535960_C_CA	6:26915439_T_G
6:28535960_C_CA	6:26916313_G_A
6:28535960_C_CA	6:26921528_G_A
6:28535960_C_CA	6:26923099_G_C
6:28535960_C_CA	6:26923129_G_A
6:28535960_C_CA	6:26924357_C_G
6:28535960_C_CA	6:26925914_TTGTG_T
6:28535960_C_CA	6:26927083_G_A
6:28535960_C_CA	6:26927602_G_A
6:28535960_C_CA	6:26929518_A_G
6:28535960_C_CA	6:26931114_C_A
6:28535960_C_CA	6:26932212_C_A
6:28535960_C_CA	6:26935327_C_T
6:28535960_C_CA	6:26935379_C_T
6:28535960_C_CA	6:26937830_C_A
6:28535960_C_CA	6:26942027_T_C
6:28535960_C_CA	6:26942146_A_C
6:28535960_C_CA	6:26946687_C_T
6:28535960_C_CA	6:26949672_A_G
6:28535960_C_CA	6:26961280_C_T
6:28535960_C_CA	6:26963020_G_C
6:28535960_C_CA	6:26963792_T_C
6:28535960_C_CA	6:26970895_C_A
6:28535960_C_CA	6:26975605_TA_T
6:28535960_C_CA	6:26977952_G_T
6:28535960_C_CA	6:26978700_T_C
6:28535960_C_CA	6:26979765_C_CAAAGAGGAGCTGGT
6:28535960_C_CA	6:26985607_C_A
6:28535960_C_CA	6:26995168_G_A
6:28535960_C_CA	6:26997212_CGTGTGTGT_C
6:28535960_C_CA	6:26998693_T_C
6:28535960_C_CA	6:26999845_C_T
6:28535960_C_CA	6:26999908_G_C
6:28535960_C_CA	6:27004098_C_T
6:28535960_C_CA	6:27005085_ATTGT_A
6:28535960_C_CA	6:27007687_T_C
6:28535960_C_CA	6:27016373_ATT_A
6:28535960_C_CA	6:27019575_G_A
6:28535960_C_CA	6:27021173_A_G
6:28535960_C_CA	6:27023081_G_A
6:28535960_C_CA	6:27023694_T_A
6:28535960_C_CA	6:27025281_T_C
6:28535960_C_CA	6:27030980_T_C
6:28535960_C_CA	6:27031029_A_G
6:28535960_C_CA	6:27031100_C_T
6:28535960_C_CA	6:27032711_T_G
6:28535960_C_CA	6:27033104_T_C
6:28535960_C_CA	6:27034181_A_G
6:28535960_C_CA	6:27039233_T_C
6:28535960_C_CA	6:27040273_T_A
6:28535960_C_CA	6:27040402_G_C
6:28535960_C_CA	6:27042287_C_A
6:28535960_C_CA	6:27043286_AT_A
6:28535960_C_CA	6:27050396_A_G
6:28535960_C_CA	6:27054772_G_A
6:28535960_C_CA	6:27057077_C_T
6:28535960_C_CA	6:27057079_C_T
6:28535960_C_CA	6:27059443_A_T
6:28535960_C_CA	6:27064275_C_T
6:28535960_C_CA	6:27067083_C_T
6:28535960_C_CA	6:27067190_T_A
6:28535960_C_CA	6:27072542_A_G
6:28535960_C_CA	6:27074929_G_A
6:28535960_C_CA	6:27075198_A_AT
6:28535960_C_CA	6:27091425_C_A
6:28535960_C_CA	6:27091661_T_C
6:28535960_C_CA	6:27103580_A_G
6:28535960_C_CA	6:27103654_G_A
6:28535960_C_CA	6:27112436_AGAT_A
6:28535960_C_CA	6:27114052_G_T
6:28535960_C_CA	6:27115786_G_A
6:28535960_C_CA	6:27119826_G_A
6:28535960_C_CA	6:27124904_G_C
6:28535960_C_CA	6:27128806_T_C
6:28535960_C_CA	6:27132529_C_G
6:28535960_C_CA	6:27133285_ATAAT_A
6:28535960_C_CA	6:27133479_A_G
6:28535960_C_CA	6:27136225_A_G
6:28535960_C_CA	6:27138206_C_G
6:28535960_C_CA	6:27138529_C_A
6:28535960_C_CA	6:27139048_C_T
6:28535960_C_CA	6:27140866_T_A
6:28535960_C_CA	6:27141904_C_T
6:28535960_C_CA	6:27142601_CTT_CT
6:28535960_C_CA	6:27142601_CT_C
6:28535960_C_CA	6:27142614_C_G
6:28535960_C_CA	6:27144263_TACAAG_T
6:28535960_C_CA	6:27145311_C_T
6:28535960_C_CA	6:27145341_C_T
6:28535960_C_CA	6:27153984_A_C
6:28535960_C_CA	6:27158033_A_G
6:28535960_C_CA	6:27163456_G_A
6:28535960_C_CA	6:27171700_T_C
6:28535960_C_CA	6:27176628_G_A
6:28535960_C_CA	6:27185354_G_A
6:28535960_C_CA	6:27187612_G_A
6:28535960_C_CA	6:27198343_T_G
6:28535960_C_CA	6:27205422_C_T
6:28535960_C_CA	6:27217719_G_C
6:28535960_C_CA	6:27219491_C_G
6:28535960_C_CA	6:27223064_AAAGGAGAGCCAGATT_A
6:28535960_C_CA	6:27224633_T_C
6:28535960_C_CA	6:27227126_TAC_T
6:28535960_C_CA	6:27231150_A_G
6:28535960_C_CA	6:27232395_G_A
6:28535960_C_CA	6:27237363_G_T
6:28535960_C_CA	6:27238356_A_AGATATATAT
6:28535960_C_CA	6:27241043_C_T
6:28535960_C_CA	6:27241915_A_G
6:28535960_C_CA	6:27242681_A_G
6:28535960_C_CA	6:27243134_C_T
6:28535960_C_CA	6:27244231_C_CT
6:28535960_C_CA	6:27245173_A_G
6:28535960_C_CA	6:27248773_A_C
6:28535960_C_CA	6:27248931_T_C
6:28535960_C_CA	6:27249202_G_C
6:28535960_C_CA	6:27249686_G_A
6:28535960_C_CA	6:27254475_G_A
6:28535960_C_CA	6:27254843_A_T
6:28535960_C_CA	6:27254967_T_C
6:28535960_C_CA	6:27255017_G_A
6:28535960_C_CA	6:27256346_G_C
6:28535960_C_CA	6:27259308_T_A
6:28535960_C_CA	6:27261661_A_C
6:28535960_C_CA	6:27261700_C_G
6:28535960_C_CA	6:27262048_A_AT
6:28535960_C_CA	6:27262294_CTG_C
6:28535960_C_CA	6:27263641_A_T
6:28535960_C_CA	6:27265940_T_A
6:28535960_C_CA	6:27267230_C_CA
6:28535960_C_CA	6:27268544_CT_C
6:28535960_C_CA	6:27270261_T_C
6:28535960_C_CA	6:27273365_G_A
6:28535960_C_CA	6:27274834_C_T
6:28535960_C_CA	6:27276171_C_A
6:28535960_C_CA	6:27276194_GA_G
6:28535960_C_CA	6:27280407_C_G
6:28535960_C_CA	6:27283303_G_A
6:28535960_C_CA	6:27288419_T_C
6:28535960_C_CA	6:27289497_A_ACTTTT
6:28535960_C_CA	6:27290082_T_C
6:28535960_C_CA	6:27296364_C_A
6:28535960_C_CA	6:27300310_A_G
6:28535960_C_CA	6:27301512_T_A
6:28535960_C_CA	6:27304586_T_A
6:28535960_C_CA	6:27309779_G_C
6:28535960_C_CA	6:27317016_AC_A
6:28535960_C_CA	6:27327000_C_T
6:28535960_C_CA	6:27327607_GT_G
6:28535960_C_CA	6:27332891_T_C
6:28535960_C_CA	6:27352750_G_A
6:28535960_C_CA	6:27357414_C_G
6:28535960_C_CA	6:27357978_A_G
6:28535960_C_CA	6:27358166_A_G
6:28535960_C_CA	6:27369704_C_G
6:28535960_C_CA	6:27376162_TGAA_T
6:28535960_C_CA	6:27377235_A_G
6:28535960_C_CA	6:27379119_C_T
6:28535960_C_CA	6:27381660_T_C
6:28535960_C_CA	6:27382386_G_T
6:28535960_C_CA	6:27388754_T_C
6:28535960_C_CA	6:27390115_G_C
6:28535960_C_CA	6:27391802_C_T
6:28535960_C_CA	6:27406607_C_G
6:28535960_C_CA	6:27410422_G_A
6:28535960_C_CA	6:27413345_C_T
6:28535960_C_CA	6:27425349_T_C
6:28535960_C_CA	6:27425644_G_C
6:28535960_C_CA	6:27430126_G_A
6:28535960_C_CA	6:27433029_C_T
6:28535960_C_CA	6:27441723_T_A
6:28535960_C_CA	6:27443202_G_T
6:28535960_C_CA	6:27451419_A_G
6:28535960_C_CA	6:27456052_CAG_C
6:28535960_C_CA	6:27459923_G_A
6:28535960_C_CA	6:27474715_A_G
6:28535960_C_CA	6:27479224_AT_A
6:28535960_C_CA	6:27480526_C_T
6:28535960_C_CA	6:27493970_T_TTTCTTA
6:28535960_C_CA	6:27509493_A_C
6:28535960_C_CA	6:27520752_T_A
6:28535960_C_CA	6:27521096_C_T
6:28535960_C_CA	6:27521856_A_G
6:28535960_C_CA	6:27523298_T_G
6:28535960_C_CA	6:27523869_G_A
6:28535960_C_CA	6:27527227_GT_G
6:28535960_C_CA	6:27542282_CT_C
6:28535960_C_CA	6:27556141_A_T
6:28535960_C_CA	6:27560805_C_T
6:28535960_C_CA	6:27564879_T_C
6:28535960_C_CA	6:27575268_T_A
6:28535960_C_CA	6:27586220_C_T
6:28535960_C_CA	6:27592003_C_T
6:28535960_C_CA	6:27606716_C_T
6:28535960_C_CA	6:27607111_T_TA
6:28535960_C_CA	6:27607660_C_A
6:28535960_C_CA	6:27616843_C_T
6:28535960_C_CA	6:27617682_C_CT
6:28535960_C_CA	6:27619691_C_CA
6:28535960_C_CA	6:27622084_T_C
6:28535960_C_CA	6:27624640_A_G
6:28535960_C_CA	6:27626631_A_G
6:28535960_C_CA	6:27640246_G_A
6:28535960_C_CA	6:27640989_A_G
6:28535960_C_CA	6:27646492_A_G
6:28535960_C_CA	6:27647509_G_T
6:28535960_C_CA	6:27653120_C_T
6:28535960_C_CA	6:27666492_A_G
6:28535960_C_CA	6:27668300_A_C
6:28535960_C_CA	6:27671825_G_A
6:28535960_C_CA	6:27675290_A_T
6:28535960_C_CA	6:27675469_A_G
6:28535960_C_CA	6:27676309_A_G
6:28535960_C_CA	6:27676434_G_GT
6:28535960_C_CA	6:27676794_A_G
6:28535960_C_CA	6:27677728_A_G
6:28535960_C_CA	6:27679717_T_C
6:28535960_C_CA	6:27682914_G_T
6:28535960_C_CA	6:27683063_T_A
6:28535960_C_CA	6:27683244_A_T
6:28535960_C_CA	6:27683572_A_G
6:28535960_C_CA	6:27683798_G_A
6:28535960_C_CA	6:27683924_A_G
6:28535960_C_CA	6:27684631_G_A
6:28535960_C_CA	6:27684654_A_G
6:28535960_C_CA	6:27685348_A_G
6:28535960_C_CA	6:27685825_G_A
6:28535960_C_CA	6:27686856_A_G
6:28535960_C_CA	6:27686947_CAA_C
6:28535960_C_CA	6:27686991_A_G
6:28535960_C_CA	6:27687035_C_T
6:28535960_C_CA	6:27687973_G_A
6:28535960_C_CA	6:27688369_G_A
6:28535960_C_CA	6:27688625_G_T
6:28535960_C_CA	6:27688667_A_G
6:28535960_C_CA	6:27688809_C_T
6:28535960_C_CA	6:27688841_A_C
6:28535960_C_CA	6:27688927_G_A
6:28535960_C_CA	6:27688930_C_T
6:28535960_C_CA	6:27689939_T_C
6:28535960_C_CA	6:27690453_G_T
6:28535960_C_CA	6:27693003_A_T
6:28535960_C_CA	6:27694039_GTGACTATATTC_G
6:28535960_C_CA	6:27695329_C_T
6:28535960_C_CA	6:27696951_C_T
6:28535960_C_CA	6:27697004_C_CT
6:28535960_C_CA	6:27698355_A_G
6:28535960_C_CA	6:27698837_C_T
6:28535960_C_CA	6:27698857_A_G
6:28535960_C_CA	6:27699581_A_T
6:28535960_C_CA	6:27700559_A_G
6:28535960_C_CA	6:27701122_T_C
6:28535960_C_CA	6:27702425_G_T
6:28535960_C_CA	6:27702440_A_C
6:28535960_C_CA	6:27702561_A_G
6:28535960_C_CA	6:27702750_C_CA
6:28535960_C_CA	6:27702832_G_A
6:28535960_C_CA	6:27703291_G_A
6:28535960_C_CA	6:27703546_TTTTG_T
6:28535960_C_CA	6:27707976_AC_A
6:28535960_C_CA	6:27708732_A_G
6:28535960_C_CA	6:27711530_C_T
6:28535960_C_CA	6:27712120_A_C
6:28535960_C_CA	6:27713299_G_C
6:28535960_C_CA	6:27715102_G_C
6:28535960_C_CA	6:27715243_A_C
6:28535960_C_CA	6:27715255_A_T
6:28535960_C_CA	6:27715258_A_C
6:28535960_C_CA	6:27715470_T_A
6:28535960_C_CA	6:27718109_A_G
6:28535960_C_CA	6:27718272_T_C
6:28535960_C_CA	6:27718561_CAA_C
6:28535960_C_CA	6:27726467_G_A
6:28535960_C_CA	6:27728827_T_C
6:28535960_C_CA	6:27730064_T_C
6:28535960_C_CA	6:27730082_C_T
6:28535960_C_CA	6:27730334_T_C
6:28535960_C_CA	6:27731402_ATTTTTTTTTTTTTTTTTTTTTTTTTTTT_A
6:28535960_C_CA	6:27731755_C_A
6:28535960_C_CA	6:27731773_ACACG_A
6:28535960_C_CA	6:27734954_C_G
6:28535960_C_CA	6:27737605_A_G
6:28535960_C_CA	6:27738430_C_A
6:28535960_C_CA	6:27738732_A_T
6:28535960_C_CA	6:27738801_G_A
6:28535960_C_CA	6:27738806_T_C
6:28535960_C_CA	6:27739566_T_A
6:28535960_C_CA	6:27740300_C_A
6:28535960_C_CA	6:27740666_C_T
6:28535960_C_CA	6:27741825_T_C
6:28535960_C_CA	6:27742035_A_G
6:28535960_C_CA	6:27745719_T_G
6:28535960_C_CA	6:27745738_G_A
6:28535960_C_CA	6:27746692_T_C
6:28535960_C_CA	6:27746907_CT_C
6:28535960_C_CA	6:27748010_G_A
6:28535960_C_CA	6:27748015_G_A
6:28535960_C_CA	6:27749330_G_C
6:28535960_C_CA	6:27750079_T_C
6:28535960_C_CA	6:27750086_G_A
6:28535960_C_CA	6:27757654_T_A
6:28535960_C_CA	6:27757855_C_G
6:28535960_C_CA	6:27759115_G_C
6:28535960_C_CA	6:27767173_TTTTG_T
6:28535960_C_CA	6:27767640_G_A
6:28535960_C_CA	6:27768100_A_G
6:28535960_C_CA	6:27768348_A_T
6:28535960_C_CA	6:27770016_C_CCTT
6:28535960_C_CA	6:27770890_C_T
6:28535960_C_CA	6:27771106_T_C
6:28535960_C_CA	6:27773832_T_A
6:28535960_C_CA	6:27774428_C_CTT
6:28535960_C_CA	6:27774437_T_TTC
6:28535960_C_CA	6:27775028_C_T
6:28535960_C_CA	6:27775674_A_G
6:28535960_C_CA	6:27775697_G_C
6:28535960_C_CA	6:27779506_C_T
6:28535960_C_CA	6:27781872_G_C
6:28535960_C_CA	6:27782535_C_T
6:28535960_C_CA	6:27783359_A_G
6:28535960_C_CA	6:27783941_C_T
6:28535960_C_CA	6:27785820_T_C
6:28535960_C_CA	6:27785882_A_G
6:28535960_C_CA	6:27788062_C_T
6:28535960_C_CA	6:27788942_C_T
6:28535960_C_CA	6:27792604_TTGTC_T
6:28535960_C_CA	6:27792640_C_T
6:28535960_C_CA	6:27793992_G_A
6:28535960_C_CA	6:27794727_AC_A
6:28535960_C_CA	6:27795418_G_A
6:28535960_C_CA	6:27795578_A_G
6:28535960_C_CA	6:27797255_T_TTTTTTTTG
6:28535960_C_CA	6:27797416_C_A
6:28535960_C_CA	6:27798257_T_C
6:28535960_C_CA	6:27798887_C_G
6:28535960_C_CA	6:27805021_GTA_G
6:28535960_C_CA	6:27806985_A_G
6:28535960_C_CA	6:27808899_T_C
6:28535960_C_CA	6:27809159_C_T
6:28535960_C_CA	6:27810569_A_G
6:28535960_C_CA	6:27810699_A_G
6:28535960_C_CA	6:27810844_CT_C
6:28535960_C_CA	6:27811828_G_A
6:28535960_C_CA	6:27814670_G_A
6:28535960_C_CA	6:27815823_T_G
6:28535960_C_CA	6:27816442_A_G
6:28535960_C_CA	6:27818482_C_G
6:28535960_C_CA	6:27818535_A_G
6:28535960_C_CA	6:27828151_T_A
6:28535960_C_CA	6:27830326_C_T
6:28535960_C_CA	6:27833174_A_G
6:28535960_C_CA	6:27834139_C_G
6:28535960_C_CA	6:27835272_T_C
6:28535960_C_CA	6:27835435_A_G
6:28535960_C_CA	6:27835772_A_G
6:28535960_C_CA	6:27836775_TA_T
6:28535960_C_CA	6:27836976_C_T
6:28535960_C_CA	6:27837183_T_C
6:28535960_C_CA	6:27838518_C_CT
6:28535960_C_CA	6:27838764_C_G
6:28535960_C_CA	6:27843742_A_G
6:28535960_C_CA	6:27845129_C_T
6:28535960_C_CA	6:27846744_G_C
6:28535960_C_CA	6:27850714_A_T
6:28535960_C_CA	6:27850873_G_A
6:28535960_C_CA	6:27852011_C_T
6:28535960_C_CA	6:27852357_G_A
6:28535960_C_CA	6:27853168_C_G
6:28535960_C_CA	6:27854301_T_C
6:28535960_C_CA	6:27854760_C_A
6:28535960_C_CA	6:27854963_A_G
6:28535960_C_CA	6:27855625_G_T
6:28535960_C_CA	6:27855714_GAA_G
6:28535960_C_CA	6:27855845_A_G
6:28535960_C_CA	6:27858904_C_T
6:28535960_C_CA	6:27859453_T_C
6:28535960_C_CA	6:27862127_A_G
6:28535960_C_CA	6:27862152_T_C
6:28535960_C_CA	6:27865902_A_T
6:28535960_C_CA	6:27866384_G_A
6:28535960_C_CA	6:27866943_G_C
6:28535960_C_CA	6:27868792_C_T
6:28535960_C_CA	6:27870257_GA_G
6:28535960_C_CA	6:27877446_T_A
6:28535960_C_CA	6:27877985_A_G
6:28535960_C_CA	6:27896799_A_C
6:28535960_C_CA	6:27905509_T_C
6:28535960_C_CA	6:27910708_A_T
6:28535960_C_CA	6:27912437_G_A
6:28535960_C_CA	6:27912724_A_G
6:28535960_C_CA	6:27914359_AAATGAACTGAAGGAGAGGTCCC_A
6:28535960_C_CA	6:27919243_A_T
6:28535960_C_CA	6:27932301_G_A
6:28535960_C_CA	6:27938484_A_G
6:28535960_C_CA	6:27943369_C_T
6:28535960_C_CA	6:27945396_G_A
6:28535960_C_CA	6:27956055_G_A
6:28535960_C_CA	6:27960435_G_A
6:28535960_C_CA	6:27965809_CA_C
6:28535960_C_CA	6:27967089_T_C
6:28535960_C_CA	6:27967274_G_A
6:28535960_C_CA	6:27967591_T_A
6:28535960_C_CA	6:27970704_A_G
6:28535960_C_CA	6:27970705_A_C
6:28535960_C_CA	6:27970715_T_C
6:28535960_C_CA	6:27971449_GC_G
6:28535960_C_CA	6:27972433_A_T
6:28535960_C_CA	6:27974817_C_G
6:28535960_C_CA	6:27977495_T_C
6:28535960_C_CA	6:27980220_G_A
6:28535960_C_CA	6:27983227_C_T
6:28535960_C_CA	6:27983613_G_T
6:28535960_C_CA	6:27985096_T_C
6:28535960_C_CA	6:27985882_TAC_T
6:28535960_C_CA	6:27989174_A_G
6:28535960_C_CA	6:27989252_C_T
6:28535960_C_CA	6:27989370_T_C
6:28535960_C_CA	6:27991007_G_A
6:28535960_C_CA	6:27992883_C_T
6:28535960_C_CA	6:27992898_G_A
6:28535960_C_CA	6:27993247_G_A
6:28535960_C_CA	6:27993335_T_C
6:28535960_C_CA	6:27994416_A_T
6:28535960_C_CA	6:27995618_G_GAT
6:28535960_C_CA	6:27997083_A_AGCACTAGT
6:28535960_C_CA	6:27998184_T_A
6:28535960_C_CA	6:28001033_T_C
6:28535960_C_CA	6:28002818_C_T
6:28535960_C_CA	6:28002853_T_C
6:28535960_C_CA	6:28003228_C_G
6:28535960_C_CA	6:28004059_T_C
6:28535960_C_CA	6:28004078_A_G
6:28535960_C_CA	6:28007357_A_C
6:28535960_C_CA	6:28007406_AG_A
6:28535960_C_CA	6:28010078_G_C
6:28535960_C_CA	6:28011516_T_C
6:28535960_C_CA	6:28011551_C_G
6:28535960_C_CA	6:28011585_A_G
6:28535960_C_CA	6:28012278_AGAGG_A
6:28535960_C_CA	6:28013617_A_C
6:28535960_C_CA	6:28013854_T_C
6:28535960_C_CA	6:28014025_G_C
6:28535960_C_CA	6:28015111_CA_C
6:28535960_C_CA	6:28015569_A_C
6:28535960_C_CA	6:28015918_G_A
6:28535960_C_CA	6:28017103_A_AAAAC
6:28535960_C_CA	6:28017132_G_A
6:28535960_C_CA	6:28017250_C_T
6:28535960_C_CA	6:28018469_A_G
6:28535960_C_CA	6:28018625_C_A
6:28535960_C_CA	6:28018689_T_A
6:28535960_C_CA	6:28019979_C_T
6:28535960_C_CA	6:28020814_T_G
6:28535960_C_CA	6:28020820_C_G
6:28535960_C_CA	6:28021775_T_G
6:28535960_C_CA	6:28021853_A_AG
6:28535960_C_CA	6:28022248_T_C
6:28535960_C_CA	6:28022417_AAT_A
6:28535960_C_CA	6:28022723_C_A
6:28535960_C_CA	6:28023008_T_A
6:28535960_C_CA	6:28023300_C_A
6:28535960_C_CA	6:28024486_C_G
6:28535960_C_CA	6:28024570_A_G
6:28535960_C_CA	6:28025279_A_G
6:28535960_C_CA	6:28025486_C_T
6:28535960_C_CA	6:28025768_G_A
6:28535960_C_CA	6:28025926_T_C
6:28535960_C_CA	6:28026136_G_T
6:28535960_C_CA	6:28027688_A_C
6:28535960_C_CA	6:28028067_A_G
6:28535960_C_CA	6:28028390_C_A
6:28535960_C_CA	6:28028482_C_T
6:28535960_C_CA	6:28029061_GA_G
6:28535960_C_CA	6:28029837_T_C
6:28535960_C_CA	6:28030499_T_C
6:28535960_C_CA	6:28031838_C_A
6:28535960_C_CA	6:28033039_T_G
6:28535960_C_CA	6:28033198_TA_T
6:28535960_C_CA	6:28033523_A_G
6:28535960_C_CA	6:28034121_T_C
6:28535960_C_CA	6:28034239_G_GA
6:28535960_C_CA	6:28034737_A_G
6:28535960_C_CA	6:28034919_TA_T
6:28535960_C_CA	6:28035246_G_A
6:28535960_C_CA	6:28036225_G_C
6:28535960_C_CA	6:28036251_G_A
6:28535960_C_CA	6:28038929_G_A
6:28535960_C_CA	6:28040819_T_A
6:28535960_C_CA	6:28041667_A_ACC
6:28535960_C_CA	6:28043828_A_G
6:28535960_C_CA	6:28052823_A_C
6:28535960_C_CA	6:28055592_A_AAG
6:28535960_C_CA	6:28058949_G_C
6:28535960_C_CA	6:28065801_T_C
6:28535960_C_CA	6:28065888_T_C
6:28535960_C_CA	6:28067196_T_C
6:28535960_C_CA	6:28070998_C_T
6:28535960_C_CA	6:28071393_C_T
6:28535960_C_CA	6:28072877_CCGACCTGGT_C
6:28535960_C_CA	6:28073881_G_A
6:28535960_C_CA	6:28074526_TATTG_T
6:28535960_C_CA	6:28074901_C_T
6:28535960_C_CA	6:28078356_A_G
6:28535960_C_CA	6:28078502_G_A
6:28535960_C_CA	6:28079598_T_C
6:28535960_C_CA	6:28080628_C_A
6:28535960_C_CA	6:28080777_T_C
6:28535960_C_CA	6:28081758_T_C
6:28535960_C_CA	6:28084731_C_T
6:28535960_C_CA	6:28084732_A_C
6:28535960_C_CA	6:28084733_C_T
6:28535960_C_CA	6:28086413_C_T
6:28535960_C_CA	6:28086883_T_C
6:28535960_C_CA	6:28089481_C_T
6:28535960_C_CA	6:28089699_C_A
6:28535960_C_CA	6:28089731_C_T
6:28535960_C_CA	6:28091580_A_G
6:28535960_C_CA	6:28092603_T_G
6:28535960_C_CA	6:28101021_C_CTG
6:28535960_C_CA	6:28102378_C_T
6:28535960_C_CA	6:28108788_C_T
6:28535960_C_CA	6:28110307_GT_G
6:28535960_C_CA	6:28113746_A_C
6:28535960_C_CA	6:28114818_G_T
6:28535960_C_CA	6:28115336_T_A
6:28535960_C_CA	6:28117443_C_G
6:28535960_C_CA	6:28117804_C_CAA
6:28535960_C_CA	6:28119055_T_C
6:28535960_C_CA	6:28120401_G_C
6:28535960_C_CA	6:28126840_C_T
6:28535960_C_CA	6:28129231_C_T
6:28535960_C_CA	6:28129232_C_T
6:28535960_C_CA	6:28129789_T_G
6:28535960_C_CA	6:28130089_C_T
6:28535960_C_CA	6:28130411_AGAG_A
6:28535960_C_CA	6:28130450_G_A
6:28535960_C_CA	6:28130559_A_G
6:28535960_C_CA	6:28132756_G_A
6:28535960_C_CA	6:28133239_A_T
6:28535960_C_CA	6:28134221_T_C
6:28535960_C_CA	6:28137499_G_A
6:28535960_C_CA	6:28137969_T_TG
6:28535960_C_CA	6:28139710_A_T
6:28535960_C_CA	6:28141253_G_T
6:28535960_C_CA	6:28141292_AT_A
6:28535960_C_CA	6:28141460_G_A
6:28535960_C_CA	6:28142276_C_T
6:28535960_C_CA	6:28143010_T_C
6:28535960_C_CA	6:28144832_T_C
6:28535960_C_CA	6:28146298_G_GC
6:28535960_C_CA	6:28147385_G_A
6:28535960_C_CA	6:28150242_G_A
6:28535960_C_CA	6:28150878_C_T
6:28535960_C_CA	6:28151056_T_C
6:28535960_C_CA	6:28151340_A_T
6:28535960_C_CA	6:28151858_T_TA
6:28535960_C_CA	6:28153897_T_G
6:28535960_C_CA	6:28161271_T_G
6:28535960_C_CA	6:28162087_C_T
6:28535960_C_CA	6:28162469_T_C
6:28535960_C_CA	6:28162780_T_C
6:28535960_C_CA	6:28165298_C_T
6:28535960_C_CA	6:28167635_G_C
6:28535960_C_CA	6:28168343_C_T
6:28535960_C_CA	6:28169241_G_A
6:28535960_C_CA	6:28174757_G_A
6:28535960_C_CA	6:28175153_G_T
6:28535960_C_CA	6:28176181_T_TGCGCCTCC
6:28535960_C_CA	6:28176347_G_GT
6:28535960_C_CA	6:28177854_T_C
6:28535960_C_CA	6:28178512_T_C
6:28535960_C_CA	6:28178636_A_G
6:28535960_C_CA	6:28178695_T_TA
6:28535960_C_CA	6:28179276_T_TA
6:28535960_C_CA	6:28180732_G_GA
6:28535960_C_CA	6:28180904_A_G
6:28535960_C_CA	6:28183242_T_TTCTGAGGAA
6:28535960_C_CA	6:28186726_C_G
6:28535960_C_CA	6:28187632_T_G
6:28535960_C_CA	6:28187719_A_G
6:28535960_C_CA	6:28188782_G_C
6:28535960_C_CA	6:28189389_A_G
6:28535960_C_CA	6:28190830_T_A
6:28535960_C_CA	6:28191057_C_T
6:28535960_C_CA	6:28191288_G_T
6:28535960_C_CA	6:28192122_C_G
6:28535960_C_CA	6:28192125_T_C
6:28535960_C_CA	6:28193102_C_A
6:28535960_C_CA	6:28193786_T_G
6:28535960_C_CA	6:28197752_G_C
6:28535960_C_CA	6:28197886_C_T
6:28535960_C_CA	6:28198281_A_G
6:28535960_C_CA	6:28198831_G_A
6:28535960_C_CA	6:28199764_A_G
6:28535960_C_CA	6:28199866_T_C
6:28535960_C_CA	6:28199937_G_C
6:28535960_C_CA	6:28201531_G_A
6:28535960_C_CA	6:28203056_T_G
6:28535960_C_CA	6:28204558_A_AG
6:28535960_C_CA	6:28205502_A_T
6:28535960_C_CA	6:28205696_A_ATT
6:28535960_C_CA	6:28206813_A_T
6:28535960_C_CA	6:28207737_A_C
6:28535960_C_CA	6:28208192_C_G
6:28535960_C_CA	6:28208558_A_G
6:28535960_C_CA	6:28209197_C_G
6:28535960_C_CA	6:28209398_T_TATC
6:28535960_C_CA	6:28209531_T_A
6:28535960_C_CA	6:28210293_C_G
6:28535960_C_CA	6:28214160_AACTGGTG_A
6:28535960_C_CA	6:28216427_A_AGAAACCTGTC
6:28535960_C_CA	6:28216486_C_G
6:28535960_C_CA	6:28218199_A_C
6:28535960_C_CA	6:28218324_C_CAAAG
6:28535960_C_CA	6:28219661_G_A
6:28535960_C_CA	6:28221264_G_A
6:28535960_C_CA	6:28223731_T_C
6:28535960_C_CA	6:28225311_C_G
6:28535960_C_CA	6:28229411_G_A
6:28535960_C_CA	6:28229461_G_GA
6:28535960_C_CA	6:28236894_GA_G
6:28535960_C_CA	6:28238059_T_C
6:28535960_C_CA	6:28239681_A_G
6:28535960_C_CA	6:28240991_T_G
6:28535960_C_CA	6:28240992_G_C
6:28535960_C_CA	6:28241081_G_A
6:28535960_C_CA	6:28241864_C_CT
6:28535960_C_CA	6:28250179_T_C
6:28535960_C_CA	6:28250955_A_C
6:28535960_C_CA	6:28252199_TC_T
6:28535960_C_CA	6:28255040_G_C
6:28535960_C_CA	6:28256947_C_A
6:28535960_C_CA	6:28258208_C_A
6:28535960_C_CA	6:28260249_T_A
6:28535960_C_CA	6:28262686_G_A
6:28535960_C_CA	6:28262698_T_G
6:28535960_C_CA	6:28265572_C_T
6:28535960_C_CA	6:28265954_A_T
6:28535960_C_CA	6:28268452_G_C
6:28535960_C_CA	6:28270584_T_C
6:28535960_C_CA	6:28271973_C_A
6:28535960_C_CA	6:28277346_AT_A
6:28535960_C_CA	6:28277671_T_G
6:28535960_C_CA	6:28277771_C_A
6:28535960_C_CA	6:28278688_G_A
6:28535960_C_CA	6:28279100_A_T
6:28535960_C_CA	6:28281541_C_T
6:28535960_C_CA	6:28281894_G_A
6:28535960_C_CA	6:28285482_G_A
6:28535960_C_CA	6:28285985_G_A
6:28535960_C_CA	6:28288051_AAGAG_A
6:28535960_C_CA	6:28288785_C_T
6:28535960_C_CA	6:28290328_T_G
6:28535960_C_CA	6:28290647_T_C
6:28535960_C_CA	6:28291240_A_G
6:28535960_C_CA	6:28293408_G_GC
6:28535960_C_CA	6:28295875_T_C
6:28535960_C_CA	6:28296650_C_A
6:28535960_C_CA	6:28300336_A_G
6:28535960_C_CA	6:28301099_A_G
6:28535960_C_CA	6:28301195_A_G
6:28535960_C_CA	6:28302784_A_G
6:28535960_C_CA	6:28303464_C_G
6:28535960_C_CA	6:28305508_G_A
6:28535960_C_CA	6:28305604_G_A
6:28535960_C_CA	6:28305812_C_A
6:28535960_C_CA	6:28305863_AAAC_A
6:28535960_C_CA	6:28306137_C_A
6:28535960_C_CA	6:28306671_T_C
6:28535960_C_CA	6:28307251_G_A
6:28535960_C_CA	6:28308671_G_T
6:28535960_C_CA	6:28308747_A_T
6:28535960_C_CA	6:28311421_C_T
6:28535960_C_CA	6:28312752_CA_C
6:28535960_C_CA	6:28314880_C_T
6:28535960_C_CA	6:28315542_CCAAT_C
6:28535960_C_CA	6:28315958_A_T
6:28535960_C_CA	6:28318331_G_T
6:28535960_C_CA	6:28319107_A_G
6:28535960_C_CA	6:28320674_C_T
6:28535960_C_CA	6:28320741_CT_C
6:28535960_C_CA	6:28321993_T_C
6:28535960_C_CA	6:28323702_G_A
6:28535960_C_CA	6:28323938_T_C
6:28535960_C_CA	6:28324378_C_T
6:28535960_C_CA	6:28324397_T_C
6:28535960_C_CA	6:28326294_GCAGAACCCA_G
6:28535960_C_CA	6:28326490_A_G
6:28535960_C_CA	6:28328391_CTT_C
6:28535960_C_CA	6:28328791_CA_C
6:28535960_C_CA	6:28329731_C_T
6:28535960_C_CA	6:28331818_C_T
6:28535960_C_CA	6:28331834_T_C
6:28535960_C_CA	6:28332006_T_G
6:28535960_C_CA	6:28332141_G_A
6:28535960_C_CA	6:28334079_CAG_C
6:28535960_C_CA	6:28334831_T_C
6:28535960_C_CA	6:28335903_C_G
6:28535960_C_CA	6:28336004_A_T
6:28535960_C_CA	6:28336742_G_T
6:28535960_C_CA	6:28337801_T_A
6:28535960_C_CA	6:28340529_G_A
6:28535960_C_CA	6:28340625_C_T
6:28535960_C_CA	6:28341099_T_C
6:28535960_C_CA	6:28341535_C_A
6:28535960_C_CA	6:28342053_T_C
6:28535960_C_CA	6:28343171_A_AATT
6:28535960_C_CA	6:28343343_G_A
6:28535960_C_CA	6:28343816_A_G
6:28535960_C_CA	6:28344031_AT_A
6:28535960_C_CA	6:28344342_T_TA
6:28535960_C_CA	6:28344438_T_G
6:28535960_C_CA	6:28345026_C_A
6:28535960_C_CA	6:28345083_C_T
6:28535960_C_CA	6:28345210_C_T
6:28535960_C_CA	6:28345282_C_T
6:28535960_C_CA	6:28345403_T_C
6:28535960_C_CA	6:28346031_G_C
6:28535960_C_CA	6:28346318_T_C
6:28535960_C_CA	6:28346910_T_C
6:28535960_C_CA	6:28346945_G_C
6:28535960_C_CA	6:28347013_T_C
6:28535960_C_CA	6:28349698_A_G
6:28535960_C_CA	6:28349844_TCAAGCTATAAGTGATCCTCC_T
6:28535960_C_CA	6:28351728_C_T
6:28535960_C_CA	6:28351829_CG_C
6:28535960_C_CA	6:28353434_A_C
6:28535960_C_CA	6:28354615_A_T
6:28535960_C_CA	6:28354835_C_G
6:28535960_C_CA	6:28357807_C_T
6:28535960_C_CA	6:28357923_CTGT_C
6:28535960_C_CA	6:28357966_A_T
6:28535960_C_CA	6:28358009_T_A
6:28535960_C_CA	6:28359170_A_G
6:28535960_C_CA	6:28359632_T_G
6:28535960_C_CA	6:28359709_T_G
6:28535960_C_CA	6:28360017_T_C
6:28535960_C_CA	6:28360246_C_A
6:28535960_C_CA	6:28360659_G_C
6:28535960_C_CA	6:28361916_T_C
6:28535960_C_CA	6:28362309_G_A
6:28535960_C_CA	6:28362329_C_T
6:28535960_C_CA	6:28364232_G_A
6:28535960_C_CA	6:28364949_G_A
6:28535960_C_CA	6:28367355_G_A
6:28535960_C_CA	6:28367623_C_G
6:28535960_C_CA	6:28367658_G_A
6:28535960_C_CA	6:28367663_T_C
6:28535960_C_CA	6:28367704_C_CT
6:28535960_C_CA	6:28368508_G_C
6:28535960_C_CA	6:28369472_CA_C
6:28535960_C_CA	6:28369537_A_G
6:28535960_C_CA	6:28371794_G_A
6:28535960_C_CA	6:28372069_T_A
6:28535960_C_CA	6:28372192_C_T
6:28535960_C_CA	6:28372483_C_T
6:28535960_C_CA	6:28373154_T_C
6:28535960_C_CA	6:28373155_G_A
6:28535960_C_CA	6:28373701_T_TA
6:28535960_C_CA	6:28374228_A_AT
6:28535960_C_CA	6:28374902_A_G
6:28535960_C_CA	6:28375209_T_G
6:28535960_C_CA	6:28375210_T_C
6:28535960_C_CA	6:28375851_G_A
6:28535960_C_CA	6:28378959_A_G
6:28535960_C_CA	6:28379360_A_G
6:28535960_C_CA	6:28379361_T_A
6:28535960_C_CA	6:28379663_C_T
6:28535960_C_CA	6:28379696_CTTTG_C
6:28535960_C_CA	6:28380248_A_C
6:28535960_C_CA	6:28380321_T_G
6:28535960_C_CA	6:28381272_T_C
6:28535960_C_CA	6:28381305_A_G
6:28535960_C_CA	6:28381345_T_C
6:28535960_C_CA	6:28382410_G_A
6:28535960_C_CA	6:28382526_A_G
6:28535960_C_CA	6:28383842_G_A
6:28535960_C_CA	6:28384241_T_TAA
6:28535960_C_CA	6:28384547_GTTTT_G
6:28535960_C_CA	6:28384723_T_TC
6:28535960_C_CA	6:28385529_C_G
6:28535960_C_CA	6:28385551_T_A
6:28535960_C_CA	6:28385957_G_A
6:28535960_C_CA	6:28386598_TA_T
6:28535960_C_CA	6:28386739_A_T
6:28535960_C_CA	6:28388308_A_G
6:28535960_C_CA	6:28388339_A_AT
6:28535960_C_CA	6:28389222_G_A
6:28535960_C_CA	6:28389251_G_C
6:28535960_C_CA	6:28390137_T_A
6:28535960_C_CA	6:28390230_C_T
6:28535960_C_CA	6:28391987_T_C
6:28535960_C_CA	6:28392743_C_A
6:28535960_C_CA	6:28394680_C_T
6:28535960_C_CA	6:28395437_C_T
6:28535960_C_CA	6:28395506_C_T
6:28535960_C_CA	6:28396190_C_A
6:28535960_C_CA	6:28397676_AAC_A
6:28535960_C_CA	6:28397787_A_G
6:28535960_C_CA	6:28397951_G_C
6:28535960_C_CA	6:28398291_T_C
6:28535960_C_CA	6:28398748_G_T
6:28535960_C_CA	6:28399124_G_A
6:28535960_C_CA	6:28399246_G_A
6:28535960_C_CA	6:28399412_A_C
6:28535960_C_CA	6:28399458_C_CTA
6:28535960_C_CA	6:28400162_T_C
6:28535960_C_CA	6:28400295_T_C
6:28535960_C_CA	6:28400538_T_C
6:28535960_C_CA	6:28401790_A_G
6:28535960_C_CA	6:28405892_GAGA_G
6:28535960_C_CA	6:28405935_A_G
6:28535960_C_CA	6:28406136_T_A
6:28535960_C_CA	6:28406821_A_G
6:28535960_C_CA	6:28411220_T_G
6:28535960_C_CA	6:28411941_G_C
6:28535960_C_CA	6:28412326_C_T
6:28535960_C_CA	6:28412929_T_G
6:28535960_C_CA	6:28413491_T_C
6:28535960_C_CA	6:28413587_A_C
6:28535960_C_CA	6:28414967_G_T
6:28535960_C_CA	6:28415885_A_G
6:28535960_C_CA	6:28416340_TA_T
6:28535960_C_CA	6:28417152_C_A
6:28535960_C_CA	6:28417737_T_A
6:28535960_C_CA	6:28418039_T_C
6:28535960_C_CA	6:28419162_G_A
6:28535960_C_CA	6:28419903_GGT_G
6:28535960_C_CA	6:28436014_TAAACATA_T
6:28535960_C_CA	6:28436145_T_C
6:28535960_C_CA	6:28437763_AGAG_A
6:28535960_C_CA	6:28445285_CT_C
6:28535960_C_CA	6:28453618_T_G
6:28535960_C_CA	6:28457482_TG_T
6:28535960_C_CA	6:28457484_G_T
6:28535960_C_CA	6:28457818_G_A
6:28535960_C_CA	6:28482917_T_C
6:28535960_C_CA	6:28521570_A_C
6:28535960_C_CA	6:28522695_A_G
6:28535960_C_CA	6:28525265_A_G
6:28535960_C_CA	6:28525301_T_C
6:28535960_C_CA	6:28526419_G_C
6:28535960_C_CA	6:28527833_CT_C
6:28535960_C_CA	6:28533265_T_C
6:28535960_C_CA	6:28534971_C_G
6:28535960_C_CA	6:28535685_C_T
6:28535960_C_CA	6:28552144_AT_A
6:28535960_C_CA	6:28553779_A_T
6:28535960_C_CA	6:28554543_G_T
6:28535960_C_CA	6:28556051_C_G
6:28535960_C_CA	6:28556198_GTT_G
6:28535960_C_CA	6:28557133_T_A
6:28535960_C_CA	6:28557633_GT_G
6:28535960_C_CA	6:28558890_G_A
6:28535960_C_CA	6:28560071_A_T
6:28535960_C_CA	6:28561156_GT_G
6:28535960_C_CA	6:28562247_TG_T
6:28535960_C_CA	6:28562589_G_A
6:28535960_C_CA	6:28562957_G_A
6:28535960_C_CA	6:28563499_C_CA
6:28535960_C_CA	6:28565468_TG_T
6:28535960_C_CA	6:28566522_C_T
6:28535960_C_CA	6:28568528_A_G
6:28535960_C_CA	6:28569338_C_T
6:28535960_C_CA	6:28571413_AT_A
6:28535960_C_CA	6:28572059_G_T
6:28535960_C_CA	6:28576143_T_A
6:28535960_C_CA	6:28578286_A_G
6:28535960_C_CA	6:28579471_T_C
6:28535960_C_CA	6:28580121_T_G
6:28535960_C_CA	6:28580593_A_G
6:28535960_C_CA	6:28584775_A_G
6:28535960_C_CA	6:28585096_CCTAT_C
6:28535960_C_CA	6:28585581_T_C
6:28535960_C_CA	6:28587402_C_T
6:28535960_C_CA	6:28587938_G_GTA
6:28535960_C_CA	6:28587939_G_A
6:28535960_C_CA	6:28587940_T_TCCCAG
6:28535960_C_CA	6:28588824_GCAAAT_G
6:28535960_C_CA	6:28592536_G_C
6:28535960_C_CA	6:28593473_T_G
6:28535960_C_CA	6:28594200_A_C
6:28535960_C_CA	6:28595064_G_A
6:28535960_C_CA	6:28595107_T_C
6:28535960_C_CA	6:28595646_C_T
6:28535960_C_CA	6:28596420_T_A
6:28535960_C_CA	6:28597610_AT_A
6:28535960_C_CA	6:28599105_G_A
6:28535960_C_CA	6:28599676_G_A
6:28535960_C_CA	6:28601283_G_A
6:28535960_C_CA	6:28601301_G_T
6:28535960_C_CA	6:28601796_G_A
6:28535960_C_CA	6:28602631_G_A
6:28535960_C_CA	6:28606662_G_A
6:28535960_C_CA	6:28607995_C_T
6:28535960_C_CA	6:28608453_G_C
6:28535960_C_CA	6:28609097_G_T
6:28535960_C_CA	6:28610365_CAA_C
6:28535960_C_CA	6:28611435_GA_G
6:28535960_C_CA	6:28618751_A_G
6:28535960_C_CA	6:28619353_A_G
6:28535960_C_CA	6:28622277_G_T
6:28535960_C_CA	6:28622337_G_A
6:28535960_C_CA	6:28622914_A_G
6:28535960_C_CA	6:28623724_A_T
6:28535960_C_CA	6:28624894_T_A
6:28535960_C_CA	6:28629510_T_G
6:28535960_C_CA	6:28629873_T_C
6:28535960_C_CA	6:28634891_G_A
6:28535960_C_CA	6:28635780_T_C
6:28535960_C_CA	6:28636643_T_C
6:28535960_C_CA	6:28639204_TCGG_T
6:28535960_C_CA	6:28643896_G_A
6:28535960_C_CA	6:28648083_T_A
6:28535960_C_CA	6:28648320_T_C
6:28535960_C_CA	6:28650353_A_G
6:28535960_C_CA	6:28650523_T_C
6:28535960_C_CA	6:28651091_T_G
6:28535960_C_CA	6:28651780_G_A
6:28535960_C_CA	6:28655388_T_C
6:28535960_C_CA	6:28656109_T_A
6:28535960_C_CA	6:28656119_C_A
6:28535960_C_CA	6:28656452_A_C
6:28535960_C_CA	6:28656489_T_G
6:28535960_C_CA	6:28656754_C_T
6:28535960_C_CA	6:28657190_G_A
6:28535960_C_CA	6:28657458_A_G
6:28535960_C_CA	6:28658554_A_G
6:28535960_C_CA	6:28659035_A_G
6:28535960_C_CA	6:28659407_G_A
6:28535960_C_CA	6:28659863_C_T
6:28535960_C_CA	6:28660290_G_A
6:28535960_C_CA	6:28663410_A_C
6:28535960_C_CA	6:28663530_C_A
6:28535960_C_CA	6:28664631_A_G
6:28535960_C_CA	6:28665934_G_A
6:28535960_C_CA	6:28665944_G_A
6:28535960_C_CA	6:28667669_A_G
6:28535960_C_CA	6:28668072_T_C
6:28535960_C_CA	6:28669407_T_C
6:28535960_C_CA	6:28669698_G_T
6:28535960_C_CA	6:28670180_GT_G
6:28535960_C_CA	6:28673434_G_A
6:28535960_C_CA	6:28673998_A_G
6:28535960_C_CA	6:28677045_C_CA
6:28535960_C_CA	6:28679665_C_CA
6:28535960_C_CA	6:28679944_C_T
6:28535960_C_CA	6:28680539_TTA_T
6:28535960_C_CA	6:28680690_T_TA
6:28535960_C_CA	6:28681415_G_A
6:28535960_C_CA	6:28681444_T_C
6:28535960_C_CA	6:28681804_A_G
6:28535960_C_CA	6:28682442_T_C
6:28535960_C_CA	6:28682725_G_A
6:28535960_C_CA	6:28683649_G_T
6:28535960_C_CA	6:28683743_C_T
6:28535960_C_CA	6:28684183_T_G
6:28535960_C_CA	6:28686284_T_C
6:28535960_C_CA	6:28687705_AT_A
6:28535960_C_CA	6:28690100_G_A
6:28535960_C_CA	6:28694608_T_C
6:28535960_C_CA	6:28701492_G_C
6:28535960_C_CA	6:28705074_G_T
6:28535960_C_CA	6:28707153_TTATTA_T
6:28535960_C_CA	6:28709151_GGTT_G
6:28535960_C_CA	6:28709895_T_C
6:28535960_C_CA	6:28710244_C_T
6:28535960_C_CA	6:28710303_T_G
6:28535960_C_CA	6:28712247_A_G
6:28535960_C_CA	6:28712663_A_G
6:28535960_C_CA	6:28713118_G_GAC
6:28535960_C_CA	6:28713157_GTGTGTA_G
6:28535960_C_CA	6:28713725_G_C
6:28535960_C_CA	6:28713847_C_T
6:28535960_C_CA	6:28713950_AAT_A
6:28535960_C_CA	6:28714044_C_G
6:28535960_C_CA	6:28714777_TA_T
6:28535960_C_CA	6:28715566_G_A
6:28535960_C_CA	6:28715604_G_C
6:28535960_C_CA	6:28716345_A_G
6:28535960_C_CA	6:28716854_A_T
6:28535960_C_CA	6:28717178_G_C
6:28535960_C_CA	6:28718215_T_C
6:28535960_C_CA	6:28719339_C_CTG
6:28535960_C_CA	6:28719755_A_T
6:28535960_C_CA	6:28719976_T_C
6:28535960_C_CA	6:28720712_A_G
6:28535960_C_CA	6:28720982_T_C
6:28535960_C_CA	6:28721534_A_T
6:28535960_C_CA	6:28723421_C_T
6:28535960_C_CA	6:28723426_A_G
6:28535960_C_CA	6:28723835_T_C
6:28535960_C_CA	6:28723841_A_C
6:28535960_C_CA	6:28723949_T_C
6:28535960_C_CA	6:28723960_C_T
6:28535960_C_CA	6:28723978_G_A
6:28535960_C_CA	6:28724079_T_G
6:28535960_C_CA	6:28724082_A_T
6:28535960_C_CA	6:28724999_A_AT
6:28535960_C_CA	6:28725804_G_C
6:28535960_C_CA	6:28726815_C_T
6:28535960_C_CA	6:28727121_G_A
6:28535960_C_CA	6:28727343_A_G
6:28535960_C_CA	6:28727593_T_A
6:28535960_C_CA	6:28727673_T_C
6:28535960_C_CA	6:28728329_C_T
6:28535960_C_CA	6:28728722_T_A
6:28535960_C_CA	6:28730558_A_G
6:28535960_C_CA	6:28731188_T_G
6:28535960_C_CA	6:28732514_A_G
6:28535960_C_CA	6:28733212_G_A
6:28535960_C_CA	6:28734031_A_G
6:28535960_C_CA	6:28734806_A_G
6:28535960_C_CA	6:28734987_CAA_C
6:28535960_C_CA	6:28735842_C_T
6:28535960_C_CA	6:28736189_A_G
6:28535960_C_CA	6:28736201_G_A
6:28535960_C_CA	6:28736988_A_G
6:28535960_C_CA	6:28737054_A_G
6:28535960_C_CA	6:28738429_G_T
6:28535960_C_CA	6:28738609_C_G
6:28535960_C_CA	6:28739322_A_G
6:28535960_C_CA	6:28739584_C_A
6:28535960_C_CA	6:28739884_T_C
6:28535960_C_CA	6:28741162_T_G
6:28535960_C_CA	6:28741734_C_A
6:28535960_C_CA	6:28742086_G_C
6:28535960_C_CA	6:28742850_G_A
6:28535960_C_CA	6:28744991_AT_A
6:28535960_C_CA	6:28746171_G_A
6:28535960_C_CA	6:28747643_T_C
6:28535960_C_CA	6:28747902_T_C
6:28535960_C_CA	6:28748281_C_T
6:28535960_C_CA	6:28750265_G_C
6:28535960_C_CA	6:28750696_A_G
6:28535960_C_CA	6:28750872_T_C
6:28535960_C_CA	6:28751041_G_T
6:28535960_C_CA	6:28751727_T_C
6:28535960_C_CA	6:28754431_AT_A
6:28535960_C_CA	6:28755687_T_TGG
6:28535960_C_CA	6:28756008_A_T
6:28535960_C_CA	6:28756088_C_T
6:28535960_C_CA	6:28756902_C_T
6:28535960_C_CA	6:28757489_T_C
6:28535960_C_CA	6:28757555_C_G
6:28535960_C_CA	6:28757900_CA_C
6:28535960_C_CA	6:28760133_G_GA
6:28535960_C_CA	6:28760302_AATATATATATATATATATATATATAT_A
6:28535960_C_CA	6:28760921_A_AT
6:28535960_C_CA	6:28764103_T_A
6:28535960_C_CA	6:28764974_A_G
6:28535960_C_CA	6:28765098_C_G
6:28535960_C_CA	6:28765346_G_C
6:28535960_C_CA	6:28766359_C_CAT
6:28535960_C_CA	6:28767482_C_A
6:28535960_C_CA	6:28768267_G_A
6:28535960_C_CA	6:28768932_C_T
6:28535960_C_CA	6:28769011_C_A
6:28535960_C_CA	6:28770596_A_AC
6:28535960_C_CA	6:28770683_G_T
6:28535960_C_CA	6:28770696_T_C
6:28535960_C_CA	6:28771198_T_C
6:28535960_C_CA	6:28773355_G_T
6:28535960_C_CA	6:28773496_T_C
6:28535960_C_CA	6:28773983_A_C
6:28535960_C_CA	6:28774579_G_A
6:28535960_C_CA	6:28774804_T_TA
6:28535960_C_CA	6:28775322_G_A
6:28535960_C_CA	6:28775982_G_C
6:28535960_C_CA	6:28776317_T_C
6:28535960_C_CA	6:28777570_T_TC
6:28535960_C_CA	6:28778419_C_T
6:28535960_C_CA	6:28778475_A_C
6:28535960_C_CA	6:28778723_C_T
6:28535960_C_CA	6:28779423_A_G
6:28535960_C_CA	6:28779878_T_G
6:28535960_C_CA	6:28782160_G_A
6:28535960_C_CA	6:28782310_T_C
6:28535960_C_CA	6:28787193_A_G
6:28535960_C_CA	6:28787384_T_C
6:28535960_C_CA	6:28788769_G_A
6:28535960_C_CA	6:28789116_CAAAAAA_C
6:28535960_C_CA	6:28789266_T_C
6:28535960_C_CA	6:28790373_C_CT
6:28535960_C_CA	6:28790397_G_C
6:28535960_C_CA	6:28790528_C_T
6:28535960_C_CA	6:28791134_G_A
6:28535960_C_CA	6:28791289_T_C
6:28535960_C_CA	6:28791681_A_T
6:28535960_C_CA	6:28792030_G_A
6:28535960_C_CA	6:28792338_A_C
6:28535960_C_CA	6:28793605_C_T
6:28535960_C_CA	6:28793853_C_G
6:28535960_C_CA	6:28793915_T_C
6:28535960_C_CA	6:28794872_G_A
6:28535960_C_CA	6:28796071_G_C
6:28535960_C_CA	6:28796460_A_T
6:28535960_C_CA	6:28799155_A_T
6:28535960_C_CA	6:28799388_T_G
6:28535960_C_CA	6:28800009_TA_T
6:28535960_C_CA	6:28800344_A_C
6:28535960_C_CA	6:28801168_G_A
6:28535960_C_CA	6:28802721_C_CT
6:28535960_C_CA	6:28803504_T_C
6:28535960_C_CA	6:28803633_A_T
6:28535960_C_CA	6:28804688_G_A
6:28535960_C_CA	6:28805638_G_T
6:28535960_C_CA	6:28806218_G_A
6:28535960_C_CA	6:28806303_G_C
6:28535960_C_CA	6:28806334_T_C
6:28535960_C_CA	6:28808832_T_G
6:28535960_C_CA	6:28808992_A_G
6:28535960_C_CA	6:28809038_T_G
6:28535960_C_CA	6:28809050_G_C
6:28535960_C_CA	6:28809598_T_C
6:28535960_C_CA	6:28810817_C_T
6:28535960_C_CA	6:28814446_T_C
6:28535960_C_CA	6:28815213_T_G
6:28535960_C_CA	6:28817300_A_G
6:28535960_C_CA	6:28817590_C_T
6:28535960_C_CA	6:28817897_T_C
6:28535960_C_CA	6:28818084_A_G
6:28535960_C_CA	6:28819159_T_C
6:28535960_C_CA	6:28819880_A_G
6:28535960_C_CA	6:28821676_G_A
6:28535960_C_CA	6:28821735_T_C
6:28535960_C_CA	6:28823999_C_A
6:28535960_C_CA	6:28824397_T_A
6:28535960_C_CA	6:28824974_C_T
6:28535960_C_CA	6:28825017_A_G
6:28535960_C_CA	6:28827879_C_T
6:28535960_C_CA	6:28828393_TCTAAC_T
6:28535960_C_CA	6:28829637_G_C
6:28535960_C_CA	6:28831021_T_G
6:28535960_C_CA	6:28831611_C_T
6:28535960_C_CA	6:28833101_T_G
6:28535960_C_CA	6:28833172_A_G
6:28535960_C_CA	6:28833442_A_G
6:28535960_C_CA	6:28833627_T_A
6:28535960_C_CA	6:28833866_CAG_C
6:28535960_C_CA	6:28834142_G_C
6:28535960_C_CA	6:28837109_T_A
6:28535960_C_CA	6:28837343_AC_A
6:28535960_C_CA	6:28837437_C_T
6:28535960_C_CA	6:28837805_G_A
6:28535960_C_CA	6:28838820_T_C
6:28535960_C_CA	6:28839353_C_A
6:28535960_C_CA	6:28839403_G_A
6:28535960_C_CA	6:28839529_T_C
6:28535960_C_CA	6:28839709_A_G
6:28535960_C_CA	6:28839798_G_A
6:28535960_C_CA	6:28839879_A_G
6:28535960_C_CA	6:28839899_T_C
6:28535960_C_CA	6:28839908_G_A
6:28535960_C_CA	6:28840184_G_A
6:28535960_C_CA	6:28840885_T_C
6:28535960_C_CA	6:28842163_C_G
6:28535960_C_CA	6:28843311_A_G
6:28535960_C_CA	6:28845753_AAC_A
6:28535960_C_CA	6:28846924_CT_C
6:28535960_C_CA	6:28847384_C_T
6:28535960_C_CA	6:28849474_G_GA
6:28535960_C_CA	6:28849790_G_A
6:28535960_C_CA	6:28851572_T_C
6:28535960_C_CA	6:28852156_C_T
6:28535960_C_CA	6:28852416_T_C
6:28535960_C_CA	6:28852451_T_C
6:28535960_C_CA	6:28852692_A_AAGGTTCTCC
6:28535960_C_CA	6:28852878_G_A
6:28535960_C_CA	6:28853197_A_G
6:28535960_C_CA	6:28854772_T_C
6:28535960_C_CA	6:28855082_A_G
6:28535960_C_CA	6:28855805_A_C
6:28535960_C_CA	6:28856689_A_G
6:28535960_C_CA	6:28856740_A_C
6:28535960_C_CA	6:28856889_T_A
6:28535960_C_CA	6:28857630_G_C
6:28535960_C_CA	6:28858166_A_C
6:28535960_C_CA	6:28861320_A_G
6:28535960_C_CA	6:28862169_T_A
6:28535960_C_CA	6:28862497_G_A
6:28535960_C_CA	6:28862551_TATTA_T
6:28535960_C_CA	6:28862617_G_C
6:28535960_C_CA	6:28862957_T_TA
6:28535960_C_CA	6:28863264_C_G
6:28535960_C_CA	6:28863369_A_G
6:28535960_C_CA	6:28864739_C_G
6:28535960_C_CA	6:28864849_A_G
6:28535960_C_CA	6:28865209_T_TA
6:28535960_C_CA	6:28865618_A_ATT
6:28535960_C_CA	6:28865713_C_T
6:28535960_C_CA	6:28865885_AT_A
6:28535960_C_CA	6:28866209_TTTTG_T
6:28535960_C_CA	6:28866368_A_AT
6:28535960_C_CA	6:28867085_T_C
6:28535960_C_CA	6:28867396_T_C
6:28535960_C_CA	6:28867482_A_G
6:28535960_C_CA	6:28868494_C_G
6:28535960_C_CA	6:28869010_C_T
6:28535960_C_CA	6:28872630_T_A
6:28535960_C_CA	6:28875501_T_C
6:28535960_C_CA	6:28876325_GGATT_G
6:28535960_C_CA	6:28876330_GATTA_G
6:28535960_C_CA	6:28877247_T_C
6:28535960_C_CA	6:28877770_A_C
6:28535960_C_CA	6:28877773_A_G
6:28535960_C_CA	6:28878214_G_C
6:28535960_C_CA	6:28878985_C_CT
6:28535960_C_CA	6:28880629_T_C
6:28535960_C_CA	6:28881155_C_G
6:28535960_C_CA	6:28883296_G_A
6:28535960_C_CA	6:28883943_T_C
6:28535960_C_CA	6:28884150_G_A
6:28535960_C_CA	6:28884888_C_CG
6:28535960_C_CA	6:28884890_A_C
6:28535960_C_CA	6:28885752_T_C
6:28535960_C_CA	6:28885863_A_G
6:28535960_C_CA	6:28885865_A_G
6:28535960_C_CA	6:28891176_T_C
6:28535960_C_CA	6:28891839_G_A
6:28535960_C_CA	6:28893573_T_C
6:28535960_C_CA	6:28893927_G_A
6:28535960_C_CA	6:28897214_G_A
6:28535960_C_CA	6:28897633_G_T
6:28535960_C_CA	6:28897980_T_C
6:28535960_C_CA	6:28901034_T_C
6:28535960_C_CA	6:28902133_G_T
6:28535960_C_CA	6:28902974_G_A
6:28535960_C_CA	6:28905033_C_G
6:28535960_C_CA	6:28905104_T_A
6:28535960_C_CA	6:28905523_G_A
6:28535960_C_CA	6:28905612_A_G
6:28535960_C_CA	6:28905791_G_A
6:28535960_C_CA	6:28905932_C_A
6:28535960_C_CA	6:28906285_C_G
6:28535960_C_CA	6:28906706_T_C
6:28535960_C_CA	6:28906922_C_G
6:28535960_C_CA	6:28907055_A_G
6:28535960_C_CA	6:28908214_A_T
6:28535960_C_CA	6:28913772_T_C
6:28535960_C_CA	6:28913922_C_T
6:28535960_C_CA	6:28914583_C_CT
6:28535960_C_CA	6:28915420_C_T
6:28535960_C_CA	6:28916594_G_A
6:28535960_C_CA	6:28919896_G_A
6:28535960_C_CA	6:28924530_T_C
6:28535960_C_CA	6:28924626_T_A
6:28535960_C_CA	6:28926237_C_T
6:28535960_C_CA	6:28926583_G_C
6:28535960_C_CA	6:28927134_T_C
6:28535960_C_CA	6:28927258_T_A
6:28535960_C_CA	6:28927271_G_A
6:28535960_C_CA	6:28927542_A_G
6:28535960_C_CA	6:28929470_C_T
6:28535960_C_CA	6:28930257_G_A
6:28535960_C_CA	6:28930866_T_G
6:28535960_C_CA	6:28931677_C_G
6:28535960_C_CA	6:28934352_T_C
6:28535960_C_CA	6:28939283_T_C
6:28535960_C_CA	6:28941979_T_C
6:28535960_C_CA	6:28943970_A_AATTTATTT
6:28535960_C_CA	6:28944086_G_T
6:28535960_C_CA	6:28949960_T_C
6:28535960_C_CA	6:28955526_A_G
6:28535960_C_CA	6:28957139_C_T
6:28535960_C_CA	6:28957480_GCCTTA_G
6:28535960_C_CA	6:28958399_T_G
6:28535960_C_CA	6:28961100_A_G
6:28535960_C_CA	6:28974265_G_T
6:28535960_C_CA	6:28977217_G_C
6:28535960_C_CA	6:28981519_G_C
6:28535960_C_CA	6:28982272_C_T
6:28535960_C_CA	6:28982823_T_C
6:28535960_C_CA	6:28983274_G_C
6:28535960_C_CA	6:28983887_A_G
6:28535960_C_CA	6:28986525_C_CT
6:28535960_C_CA	6:28989297_A_G
6:28535960_C_CA	6:28992159_C_G
6:28535960_C_CA	6:28992532_T_TA
6:28535960_C_CA	6:28996549_T_A
6:28535960_C_CA	6:28998449_G_T
6:28535960_C_CA	6:29001515_G_C
6:28535960_C_CA	6:29005678_TTAA_T
6:28535960_C_CA	6:29007219_C_A
6:28535960_C_CA	6:29010282_G_T
6:28535960_C_CA	6:29011927_A_G
6:28535960_C_CA	6:29013570_C_T
6:28535960_C_CA	6:29015226_A_G
6:28535960_C_CA	6:29019245_GT_G
6:28535960_C_CA	6:29020721_TAA_T
6:28535960_C_CA	6:29022499_A_T
6:28535960_C_CA	6:29027255_A_G
6:28535960_C_CA	6:29029730_G_T
6:28535960_C_CA	6:29030195_C_T
6:28535960_C_CA	6:29030942_G_GT
6:28535960_C_CA	6:29042672_G_A
6:28535960_C_CA	6:29042937_A_T
6:28535960_C_CA	6:29044701_G_A
6:28535960_C_CA	6:29048689_A_T
6:28535960_C_CA	6:29052257_T_TTATATAATATAATTATATATAATATAATAA
6:28535960_C_CA	6:29065393_G_T
6:28535960_C_CA	6:29065394_A_G
6:28535960_C_CA	6:29068690_ATTCT_A
6:28535960_C_CA	6:29073584_C_A
6:28535960_C_CA	6:29075088_T_A
6:28535960_C_CA	6:29078632_TTATC_T
6:28535960_C_CA	6:29088230_C_T
6:28535960_C_CA	6:29090011_G_A
6:28535960_C_CA	6:29095908_G_A
6:28535960_C_CA	6:29097936_C_A
6:28535960_C_CA	6:29098796_C_G
6:28535960_C_CA	6:29102861_A_G
6:28535960_C_CA	6:29108773_TA_T
6:28535960_C_CA	6:29109197_G_A
6:28535960_C_CA	6:29110505_T_G
6:28535960_C_CA	6:29110633_A_AT
6:28535960_C_CA	6:29111775_T_C
6:28535960_C_CA	6:29115748_C_G
6:28535960_C_CA	6:29115934_A_G
6:28535960_C_CA	6:29116198_G_A
6:28535960_C_CA	6:29116346_CT_C
6:28535960_C_CA	6:29117423_G_A
6:28535960_C_CA	6:29117546_G_A
6:28535960_C_CA	6:29117852_G_A
6:28535960_C_CA	6:29118747_T_G
6:28535960_C_CA	6:29119159_T_C
6:28535960_C_CA	6:29119493_C_CT
6:28535960_C_CA	6:29119508_A_AT
6:28535960_C_CA	6:29121320_A_G
6:28535960_C_CA	6:29121381_A_T
6:28535960_C_CA	6:29121562_T_TG
6:28535960_C_CA	6:29121631_G_A
6:28535960_C_CA	6:29121960_T_A
6:28535960_C_CA	6:29124189_G_A
6:28535960_C_CA	6:29124632_T_C
6:28535960_C_CA	6:29125738_T_A
6:28535960_C_CA	6:29125747_G_T
6:28535960_C_CA	6:29126943_T_C
6:28535960_C_CA	6:29127469_G_C
6:28535960_C_CA	6:29127687_G_A
6:28535960_C_CA	6:29128575_T_G
6:28535960_C_CA	6:29128765_G_C
6:28535960_C_CA	6:29129234_C_G
6:28535960_C_CA	6:29129983_G_A
6:28535960_C_CA	6:29130276_T_C
6:28535960_C_CA	6:29130282_A_G
6:28535960_C_CA	6:29130494_G_C
6:28535960_C_CA	6:29131190_A_G
6:28535960_C_CA	6:29132520_A_G
6:28535960_C_CA	6:29132776_A_C
6:28535960_C_CA	6:29132828_A_G
6:28535960_C_CA	6:29132950_T_C
6:28535960_C_CA	6:29133301_G_A
6:28535960_C_CA	6:29133556_T_C
6:28535960_C_CA	6:29133642_C_T
6:28535960_C_CA	6:29134229_G_A
6:28535960_C_CA	6:29135270_C_G
6:28535960_C_CA	6:29135276_C_G
6:28535960_C_CA	6:29135647_A_G
6:28535960_C_CA	6:29135795_TTTAAA_T
6:28535960_C_CA	6:29136244_G_A
6:28535960_C_CA	6:29136494_C_CA
6:28535960_C_CA	6:29136510_C_G
6:28535960_C_CA	6:29136980_C_T
6:28535960_C_CA	6:29138018_C_T
6:28535960_C_CA	6:29139916_A_G
6:28535960_C_CA	6:29140207_G_A
6:28535960_C_CA	6:29141632_T_C
6:28535960_C_CA	6:29142054_C_G
6:28535960_C_CA	6:29143242_ATCTT_A
6:28535960_C_CA	6:29144127_T_C
6:28535960_C_CA	6:29144420_A_T
6:28535960_C_CA	6:29144532_C_T
6:28535960_C_CA	6:29145475_C_A
6:28535960_C_CA	6:29145646_T_G
6:28535960_C_CA	6:29145681_A_C
6:28535960_C_CA	6:29145725_T_A
6:28535960_C_CA	6:29145729_C_G
6:28535960_C_CA	6:29146107_T_G
6:28535960_C_CA	6:29146472_T_C
6:28535960_C_CA	6:29146523_T_C
6:28535960_C_CA	6:29146609_G_C
6:28535960_C_CA	6:29146668_C_T
6:28535960_C_CA	6:29146697_C_G
6:28535960_C_CA	6:29146703_A_C
6:28535960_C_CA	6:29146735_G_A
6:28535960_C_CA	6:29147009_TG_T
6:28535960_C_CA	6:29147201_C_G
6:28535960_C_CA	6:29147345_G_T
6:28535960_C_CA	6:29147882_C_G
6:28535960_C_CA	6:29148006_C_T
6:28535960_C_CA	6:29148394_A_G
6:28535960_C_CA	6:29148762_T_C
6:28535960_C_CA	6:29149605_G_T
6:28535960_C_CA	6:29149632_T_G
6:28535960_C_CA	6:29149645_C_T
6:28535960_C_CA	6:29151145_T_C
6:28535960_C_CA	6:29153155_A_G
6:28535960_C_CA	6:29153219_A_T
6:28535960_C_CA	6:29154709_C_T
6:28535960_C_CA	6:29154928_C_T
6:28535960_C_CA	6:29155293_G_A
6:28535960_C_CA	6:29158080_C_T
6:28535960_C_CA	6:29158195_C_T
6:28535960_C_CA	6:29158222_AT_A
6:28535960_C_CA	6:29158800_G_A
6:28535960_C_CA	6:29158872_G_A
6:28535960_C_CA	6:29159271_G_A
6:28535960_C_CA	6:29159629_A_C
6:28535960_C_CA	6:29159950_A_T
6:28535960_C_CA	6:29159961_G_A
6:28535960_C_CA	6:29159970_C_T
6:28535960_C_CA	6:29160671_G_A
6:28535960_C_CA	6:29161084_T_C
6:28535960_C_CA	6:29161409_G_A
6:28535960_C_CA	6:29161435_A_G
6:28535960_C_CA	6:29161497_T_C
6:28535960_C_CA	6:29162847_C_T
6:28535960_C_CA	6:29163053_T_C
6:28535960_C_CA	6:29163658_G_A
6:28535960_C_CA	6:29163686_T_C
6:28535960_C_CA	6:29163700_C_A
6:28535960_C_CA	6:29163834_C_T
6:28535960_C_CA	6:29165306_G_T
6:28535960_C_CA	6:29172311_A_C
6:28535960_C_CA	6:29173038_C_T
6:28535960_C_CA	6:29175498_G_A
6:28535960_C_CA	6:29175526_G_A
6:28535960_C_CA	6:29175769_C_T
6:28535960_C_CA	6:29179237_T_G
6:28535960_C_CA	6:29179557_C_G
6:28535960_C_CA	6:29180314_A_C
6:28535960_C_CA	6:29181600_T_G
6:28535960_C_CA	6:29181897_C_A
6:28535960_C_CA	6:29182308_G_A
6:28535960_C_CA	6:29182516_G_GCA
6:28535960_C_CA	6:29182517_G_A
6:28535960_C_CA	6:29182887_T_A
6:28535960_C_CA	6:29183346_G_A
6:28535960_C_CA	6:29185844_G_A
6:28535960_C_CA	6:29187640_T_C
6:28535960_C_CA	6:29187868_T_A
6:28535960_C_CA	6:29189531_A_G
6:28535960_C_CA	6:29189917_T_C
6:28535960_C_CA	6:29189972_G_A
6:28535960_C_CA	6:29190060_A_G
6:28535960_C_CA	6:29190181_A_T
6:28535960_C_CA	6:29191411_C_A
6:28535960_C_CA	6:29193262_G_C
6:28535960_C_CA	6:29200245_T_A
6:28535960_C_CA	6:29202465_A_G
6:28535960_C_CA	6:29205333_C_T
6:28535960_C_CA	6:29205501_G_A
6:28535960_C_CA	6:29205641_C_CT
6:28535960_C_CA	6:29206045_G_T
6:28535960_C_CA	6:29206251_T_C
6:28535960_C_CA	6:29206683_T_A
6:28535960_C_CA	6:29206713_TTATATATACTTTATA_T
6:28535960_C_CA	6:29207889_C_T
6:28535960_C_CA	6:29210053_T_C
6:28535960_C_CA	6:29210596_T_G
6:28535960_C_CA	6:29210900_C_T
6:28535960_C_CA	6:29211438_A_T
6:28535960_C_CA	6:29211442_C_T
6:28535960_C_CA	6:29211556_T_A
6:28535960_C_CA	6:29212202_T_C
6:28535960_C_CA	6:29214129_G_A
6:28535960_C_CA	6:29214947_G_C
6:28535960_C_CA	6:29217514_G_T
6:28535960_C_CA	6:29219489_G_A
6:28535960_C_CA	6:29219510_A_G
6:28535960_C_CA	6:29220100_A_G
6:28535960_C_CA	6:29222166_A_AACAC
6:28535960_C_CA	6:29222711_G_C
6:28535960_C_CA	6:29223493_G_C
6:28535960_C_CA	6:29225795_T_C
6:28535960_C_CA	6:29227117_G_A
6:28535960_C_CA	6:29228331_AC_A
6:28535960_C_CA	6:29235900_G_A
6:28535960_C_CA	6:29238488_T_A
6:28535960_C_CA	6:29240378_C_T
6:28535960_C_CA	6:29242458_GA_G
6:28535960_C_CA	6:29244219_G_T
6:28535960_C_CA	6:29244226_A_G
6:28535960_C_CA	6:29245207_A_G
6:28535960_C_CA	6:29245760_T_C
6:28535960_C_CA	6:29246239_A_G
6:28535960_C_CA	6:29246571_T_C
6:28535960_C_CA	6:29246984_G_A
6:28535960_C_CA	6:29246985_C_G
6:28535960_C_CA	6:29247498_TA_T
6:28535960_C_CA	6:29248461_T_C
6:28535960_C_CA	6:29249632_T_G
6:28535960_C_CA	6:29250076_T_C
6:28535960_C_CA	6:29250491_G_A
6:28535960_C_CA	6:29251330_GA_G
6:28535960_C_CA	6:29251400_G_A
6:28535960_C_CA	6:29251906_G_T
6:28535960_C_CA	6:29252126_T_C
6:28535960_C_CA	6:29254906_G_C
6:28535960_C_CA	6:29254969_G_C
6:28535960_C_CA	6:29254982_C_G
6:28535960_C_CA	6:29256060_G_GAT
6:28535960_C_CA	6:29263357_A_G
6:28535960_C_CA	6:29264095_A_AT
6:28535960_C_CA	6:29264183_G_A
6:28535960_C_CA	6:29266144_T_TA
6:28535960_C_CA	6:29266673_T_C
6:28535960_C_CA	6:29267054_T_A
6:28535960_C_CA	6:29267175_A_G
6:28535960_C_CA	6:29268160_T_C
6:28535960_C_CA	6:29268378_G_C
6:28535960_C_CA	6:29268496_C_T
6:28535960_C_CA	6:29268796_A_T
6:28535960_C_CA	6:29269000_A_C
6:28535960_C_CA	6:29269031_CT_C
6:28535960_C_CA	6:29278406_G_A
6:28535960_C_CA	6:29278505_T_G
6:28535960_C_CA	6:29283579_T_C
6:28535960_C_CA	6:29283672_C_T
6:28535960_C_CA	6:29284518_A_G
6:28535960_C_CA	6:29289324_C_T
6:28535960_C_CA	6:29290172_C_A
6:28535960_C_CA	6:29291002_C_G
6:28535960_C_CA	6:29302030_A_C
6:28535960_C_CA	6:29303364_T_C
6:28535960_C_CA	6:29306350_C_A
6:28535960_C_CA	6:29306451_A_C
6:28535960_C_CA	6:29306456_G_A
6:28535960_C_CA	6:29309023_G_GT
6:28535960_C_CA	6:29314964_C_T
6:28535960_C_CA	6:29319349_C_A
6:28535960_C_CA	6:29327036_T_C
6:28535960_C_CA	6:29327043_G_A
6:28535960_C_CA	6:29328516_A_G
6:28535960_C_CA	6:29328834_C_T
6:28535960_C_CA	6:29330638_C_T
6:28535960_C_CA	6:29330888_G_T
6:28535960_C_CA	6:29331819_A_T
6:28535960_C_CA	6:29335925_A_G
6:28535960_C_CA	6:29337101_C_T
6:28535960_C_CA	6:29337207_T_G
6:28535960_C_CA	6:29338562_T_TAAA
6:28535960_C_CA	6:29338563_G_C
6:28535960_C_CA	6:29339965_CA_C
6:28535960_C_CA	6:29340743_C_T
6:28535960_C_CA	6:29340861_C_CA
6:28535960_C_CA	6:29341449_A_G
6:28535960_C_CA	6:29343333_T_C
6:28535960_C_CA	6:29343927_CAAT_C
6:28535960_C_CA	6:29344083_A_G
6:28535960_C_CA	6:29344102_A_C
6:28535960_C_CA	6:29344179_G_T
6:28535960_C_CA	6:29344395_C_T
6:28535960_C_CA	6:29344447_G_T
6:28535960_C_CA	6:29344508_A_T
6:28535960_C_CA	6:29344704_C_T
6:28535960_C_CA	6:29344939_A_G
6:28535960_C_CA	6:29345029_A_G
6:28535960_C_CA	6:29345522_T_C
6:28535960_C_CA	6:29345631_A_C
6:28535960_C_CA	6:29346989_A_G
6:28535960_C_CA	6:29347044_G_A
6:28535960_C_CA	6:29348074_T_G
6:28535960_C_CA	6:29348253_CAT_C
6:28535960_C_CA	6:29348942_T_C
6:28535960_C_CA	6:29349232_G_A
6:28535960_C_CA	6:29349327_A_G
6:28535960_C_CA	6:29349494_A_G
6:28535960_C_CA	6:29350221_C_G
6:28535960_C_CA	6:29350465_GA_G
6:28535960_C_CA	6:29351485_CTG_C
6:28535960_C_CA	6:29352297_C_A
6:28535960_C_CA	6:29352631_G_A
6:28535960_C_CA	6:29353656_A_T
6:28535960_C_CA	6:29354037_C_T
6:28535960_C_CA	6:29354254_C_T
6:28535960_C_CA	6:29354582_C_G
6:28535960_C_CA	6:29354799_A_G
6:28535960_C_CA	6:29354809_C_A
6:28535960_C_CA	6:29355202_G_C
6:28535960_C_CA	6:29355702_G_A
6:28535960_C_CA	6:29356634_G_C
6:28535960_C_CA	6:29357389_T_C
6:28535960_C_CA	6:29359410_C_G
6:28535960_C_CA	6:29359842_C_T
6:28535960_C_CA	6:29360083_G_GA
6:28535960_C_CA	6:29361116_C_T
6:28535960_C_CA	6:29361124_A_T
6:28535960_C_CA	6:29361273_T_C
6:28535960_C_CA	6:29361370_G_A
6:28535960_C_CA	6:29362293_G_A
6:28535960_C_CA	6:29363697_C_T
6:28535960_C_CA	6:29363808_G_A
6:28535960_C_CA	6:29364038_C_T
6:28535960_C_CA	6:29364039_C_T
6:28535960_C_CA	6:29364040_C_T
6:28535960_C_CA	6:29364121_C_T
6:28535960_C_CA	6:29364135_T_C
6:28535960_C_CA	6:29365241_T_C
6:28535960_C_CA	6:29366042_T_G
6:28535960_C_CA	6:29367742_A_T
6:28535960_C_CA	6:29367880_G_C
6:28535960_C_CA	6:29368134_G_A
6:28535960_C_CA	6:29368570_A_G
6:28535960_C_CA	6:29369015_T_C
6:28535960_C_CA	6:29369033_G_A
6:28535960_C_CA	6:29369108_C_T
6:28535960_C_CA	6:29369201_T_A
6:28535960_C_CA	6:29369206_C_T
6:28535960_C_CA	6:29369320_G_C
6:28535960_C_CA	6:29369519_T_C
6:28535960_C_CA	6:29369948_T_G
6:28535960_C_CA	6:29370130_G_A
6:28535960_C_CA	6:29370533_TA_T
6:28535960_C_CA	6:29370993_G_A
6:28535960_C_CA	6:29371749_G_A
6:28535960_C_CA	6:29375365_CA_C
6:28535960_C_CA	6:29375802_T_C
6:28535960_C_CA	6:29376385_C_G
6:28535960_C_CA	6:29377066_G_C
6:28535960_C_CA	6:29378439_A_G
6:28535960_C_CA	6:29385237_T_C
6:28535960_C_CA	6:29390743_C_G
6:28535960_C_CA	6:29412968_G_A
6:28535960_C_CA	6:29413003_C_T
6:28535960_C_CA	6:29432173_A_T
6:28535960_C_CA	6:29437033_C_T
6:28535960_C_CA	6:29452136_T_G
6:28535960_C_CA	6:29453219_T_C
6:28535960_C_CA	6:29467719_G_A
6:28535960_C_CA	6:29480224_G_A
6:28535960_C_CA	6:29483620_A_T
6:28535960_C_CA	6:29484110_G_A
6:28535960_C_CA	6:29484215_G_T
6:28535960_C_CA	6:29519554_G_T
6:28535960_C_CA	6:29521445_C_T
6:28535960_C_CA	6:29526562_G_A
6:28535960_C_CA	6:29536462_C_T
6:28535960_C_CA	6:29549653_C_G
6:28535960_C_CA	6:29559238_T_C
6:28535960_C_CA	6:29603221_C_CT
6:28535960_C_CA	6:29603574_AT_A
6:28535960_C_CA	6:29605935_T_G
6:28535960_C_CA	6:29606145_G_T
6:28535960_C_CA	6:29606761_G_A
6:28535960_C_CA	6:29607046_G_C
6:28535960_C_CA	6:29607047_G_A
6:28535960_C_CA	6:29607101_T_C
6:28535960_C_CA	6:29611781_A_G
6:28535960_C_CA	6:29612325_G_T
6:28535960_C_CA	6:29622653_G_A
6:28535960_C_CA	6:29628037_G_A
6:28535960_C_CA	6:29628094_C_T
6:28535960_C_CA	6:29629344_T_C
6:28535960_C_CA	6:29631991_A_T
6:28535960_C_CA	6:29641637_G_A
6:28535960_C_CA	6:29642950_A_G
6:28535960_C_CA	6:29642978_C_CAACTTGAA
6:28535960_C_CA	6:29644040_C_T
6:28535960_C_CA	6:29644275_C_T
6:28535960_C_CA	6:29644308_G_A
6:28535960_C_CA	6:29644633_C_T
6:28535960_C_CA	6:29645634_C_T
6:28535960_C_CA	6:29645770_A_G
6:28535960_C_CA	6:29645937_C_T
6:28535960_C_CA	6:29646425_TTCTA_T
6:28535960_C_CA	6:29646818_A_AC
6:28535960_C_CA	6:29647545_T_C
6:28535960_C_CA	6:29647628_T_A
6:28535960_C_CA	6:29647642_T_C
6:28535960_C_CA	6:29648119_A_G
6:28535960_C_CA	6:29648126_C_G
6:28535960_C_CA	6:29648137_G_A
6:28535960_C_CA	6:29648199_C_T
6:28535960_C_CA	6:29648377_T_C
6:28535960_C_CA	6:29648398_G_C
6:28535960_C_CA	6:29648564_C_T
6:28535960_C_CA	6:29653377_T_C
6:28535960_C_CA	6:29653957_A_C
6:28535960_C_CA	6:29654409_G_A
6:28535960_C_CA	6:29655239_C_G
6:28535960_C_CA	6:29655588_C_T
6:28535960_C_CA	6:29655730_C_T
6:28535960_C_CA	6:29656271_T_C
6:28535960_C_CA	6:29656416_T_G
6:28535960_C_CA	6:29656417_T_G
6:28535960_C_CA	6:29656666_C_T
6:28535960_C_CA	6:29656902_G_GA
6:28535960_C_CA	6:29657666_C_T
6:28535960_C_CA	6:29657706_T_G
6:28535960_C_CA	6:29657959_C_T
6:28535960_C_CA	6:29658357_C_T
6:28535960_C_CA	6:29659043_T_C
6:28535960_C_CA	6:29659124_A_G
6:28535960_C_CA	6:29659255_C_A
6:28535960_C_CA	6:29659386_T_C
6:28535960_C_CA	6:29659999_T_G
6:28535960_C_CA	6:29660394_A_G
6:28535960_C_CA	6:29660816_C_A
6:28535960_C_CA	6:29660940_A_G
6:28535960_C_CA	6:29660982_G_C
6:28535960_C_CA	6:29661693_T_G
6:28535960_C_CA	6:29661824_C_T
6:28535960_C_CA	6:29661991_A_T
6:28535960_C_CA	6:29663040_G_A
6:28535960_C_CA	6:29663309_C_T
6:28535960_C_CA	6:29664590_C_T
6:28535960_C_CA	6:29664664_C_T
6:28535960_C_CA	6:29664762_G_A
6:28535960_C_CA	6:29665088_A_T
6:28535960_C_CA	6:29666476_G_A
6:28535960_C_CA	6:29666538_C_T
6:28535960_C_CA	6:29666661_CA_C
6:28535960_C_CA	6:29666710_C_A
6:28535960_C_CA	6:29666881_T_G
6:28535960_C_CA	6:29666903_A_T
6:28535960_C_CA	6:29667014_C_G
6:28535960_C_CA	6:29667205_T_C
6:28535960_C_CA	6:29667458_T_C
6:28535960_C_CA	6:29667459_G_A
6:28535960_C_CA	6:29667471_C_T
6:28535960_C_CA	6:29667503_T_A
6:28535960_C_CA	6:29667543_G_A
6:28535960_C_CA	6:29667661_A_C
6:28535960_C_CA	6:29667669_A_G
6:28535960_C_CA	6:29667684_A_C
6:28535960_C_CA	6:29667828_TC_T
6:28535960_C_CA	6:29667890_A_G
6:28535960_C_CA	6:29668076_C_T
6:28535960_C_CA	6:29668362_A_C
6:28535960_C_CA	6:29668413_C_T
6:28535960_C_CA	6:29668660_G_A
6:28535960_C_CA	6:29668841_T_A
6:28535960_C_CA	6:29668943_A_ATATATATTC
6:28535960_C_CA	6:29668958_C_T
6:28535960_C_CA	6:29668984_C_G
6:28535960_C_CA	6:29669137_G_A
6:28535960_C_CA	6:29669234_C_T
6:28535960_C_CA	6:29669244_C_T
6:28535960_C_CA	6:29669334_TA_T
6:28535960_C_CA	6:29669336_A_T
6:28535960_C_CA	6:29669425_A_G
6:28535960_C_CA	6:29669577_C_T
6:28535960_C_CA	6:29670000_C_T
6:28535960_C_CA	6:29670020_A_G
6:28535960_C_CA	6:29670030_T_C
6:28535960_C_CA	6:29670192_G_T
6:28535960_C_CA	6:29670250_A_G
6:28535960_C_CA	6:29670556_G_A
6:28535960_C_CA	6:29670573_C_T
6:28535960_C_CA	6:29670652_G_A
6:28535960_C_CA	6:29670913_C_G
6:28535960_C_CA	6:29671135_T_G
6:28535960_C_CA	6:29671152_A_G
6:28535960_C_CA	6:29671266_A_G
6:28535960_C_CA	6:29671328_C_A
6:28535960_C_CA	6:29671346_T_A
6:28535960_C_CA	6:29671353_G_A
6:28535960_C_CA	6:29671448_A_T
6:28535960_C_CA	6:29671501_A_AAG
6:28535960_C_CA	6:29671575_C_CAT
6:28535960_C_CA	6:29671740_G_A
6:28535960_C_CA	6:29672265_G_GA
6:28535960_C_CA	6:29673206_G_A
6:28535960_C_CA	6:29673882_T_C
6:28535960_C_CA	6:29674295_A_G
6:28535960_C_CA	6:29676716_C_T
6:28535960_C_CA	6:29677387_G_A
6:28535960_C_CA	6:29677787_C_T
6:28535960_C_CA	6:29678045_T_C
6:28535960_C_CA	6:29678091_C_CT
6:28535960_C_CA	6:29681293_C_T
6:28535960_C_CA	6:29682605_C_G
6:28535960_C_CA	6:29683974_T_C
6:28535960_C_CA	6:29684634_T_C
6:28535960_C_CA	6:29684967_G_A
6:28535960_C_CA	6:29688667_A_G
6:28535960_C_CA	6:29695180_G_A
6:28535960_C_CA	6:29695698_CT_C
6:28535960_C_CA	6:29696656_G_A
6:28535960_C_CA	6:29696657_T_C
6:28535960_C_CA	6:29696852_C_T
6:28535960_C_CA	6:29697473_G_C
6:28535960_C_CA	6:29697757_C_T
6:28535960_C_CA	6:29702061_C_A
6:28535960_C_CA	6:29704633_C_G
6:28535960_C_CA	6:29705028_G_T
6:28535960_C_CA	6:29706793_A_T
6:28535960_C_CA	6:29706889_T_C
6:28535960_C_CA	6:29706900_G_A
6:28535960_C_CA	6:29707661_A_G
6:28535960_C_CA	6:29707943_GTAGT_G
6:28535960_C_CA	6:29708904_TC_T
6:28535960_C_CA	6:29709407_T_C
6:28535960_C_CA	6:29709794_C_T
6:28535960_C_CA	6:29709812_C_T
6:28535960_C_CA	6:29709949_C_T
6:28535960_C_CA	6:29710380_C_T
6:28535960_C_CA	6:29710831_G_A
6:28535960_C_CA	6:29711173_T_C
6:28535960_C_CA	6:29711334_C_T
6:28535960_C_CA	6:29711524_A_G
6:28535960_C_CA	6:29718790_G_A
6:28535960_C_CA	6:29725295_G_T
6:28535960_C_CA	6:29728570_G_T
6:28535960_C_CA	6:29729924_C_G
6:28535960_C_CA	6:29730185_G_A
6:28535960_C_CA	6:29732744_T_C
6:28535960_C_CA	6:29740477_C_T
6:28535960_C_CA	6:29741592_G_C
6:28535960_C_CA	6:29742003_G_A
6:28535960_C_CA	6:29751998_C_T
6:28535960_C_CA	6:29752808_A_G
6:28535960_C_CA	6:29753348_G_A
6:28535960_C_CA	6:29755061_C_T
6:28535960_C_CA	6:29763526_C_A
6:28535960_C_CA	6:29767566_C_A
6:28535960_C_CA	6:29770553_C_A
6:28535960_C_CA	6:29771621_C_G
6:28535960_C_CA	6:29771879_A_G
6:28535960_C_CA	6:29781521_G_T
6:28535960_C_CA	6:29782633_T_C
6:28535960_C_CA	6:29791859_AT_A
6:28535960_C_CA	6:29792008_C_T
6:28535960_C_CA	6:29792269_C_T
6:28535960_C_CA	6:29792334_C_T
6:28535960_C_CA	6:29792343_C_T
6:28535960_C_CA	6:29792488_T_C
6:28535960_C_CA	6:29792996_C_T
6:28535960_C_CA	6:29793385_G_A
6:28535960_C_CA	6:29793724_T_C
6:28535960_C_CA	6:29793876_C_A
6:28535960_C_CA	6:29794482_A_T
6:28535960_C_CA	6:29799306_T_C
6:28535960_C_CA	6:29809826_A_C
6:28535960_C_CA	6:29813380_C_T
6:28535960_C_CA	6:29814778_T_G
6:28535960_C_CA	6:29817995_G_A
6:28535960_C_CA	6:29818699_ACT_A
6:28535960_C_CA	6:29818716_A_G
6:28535960_C_CA	6:29818726_A_G
6:28535960_C_CA	6:29818841_G_A
6:28535960_C_CA	6:29819093_A_G
6:28535960_C_CA	6:29819198_A_G
6:28535960_C_CA	6:29819325_C_T
6:28535960_C_CA	6:29819338_C_A
6:28535960_C_CA	6:29819431_A_G
6:28535960_C_CA	6:29819541_C_A
6:28535960_C_CA	6:29819554_T_C
6:28535960_C_CA	6:29819601_G_A
6:28535960_C_CA	6:29819602_C_T
6:28535960_C_CA	6:29819695_G_C
6:28535960_C_CA	6:29819741_A_G
6:28535960_C_CA	6:29819813_G_A
6:28535960_C_CA	6:29819918_A_AT
6:28535960_C_CA	6:29820002_C_A
6:28535960_C_CA	6:29820034_T_C
6:28535960_C_CA	6:29820170_G_C
6:28535960_C_CA	6:29820178_G_C
6:28535960_C_CA	6:29820182_A_G
6:28535960_C_CA	6:29820197_A_G
6:28535960_C_CA	6:29820218_T_TCTC
6:28535960_C_CA	6:29820253_G_A
6:28535960_C_CA	6:29820329_C_G
6:28535960_C_CA	6:29820448_G_A
6:28535960_C_CA	6:29820487_G_C
6:28535960_C_CA	6:29820494_T_A
6:28535960_C_CA	6:29820586_C_T
6:28535960_C_CA	6:29820587_A_G
6:28535960_C_CA	6:29820638_A_C
6:28535960_C_CA	6:29820670_T_C
6:28535960_C_CA	6:29820951_T_A
6:28535960_C_CA	6:29821032_C_T
6:28535960_C_CA	6:29821384_A_T
6:28535960_C_CA	6:29821692_G_A
6:28535960_C_CA	6:29821828_CTCA_C
6:28535960_C_CA	6:29821837_C_T
6:28535960_C_CA	6:29822070_C_T
6:28535960_C_CA	6:29822131_A_G
6:28535960_C_CA	6:29822415_C_G
6:28535960_C_CA	6:29822521_A_G
6:28535960_C_CA	6:29822571_G_A
6:28535960_C_CA	6:29822649_C_T
6:28535960_C_CA	6:29822659_G_A
6:28535960_C_CA	6:29822955_G_A
6:28535960_C_CA	6:29823164_G_A
6:28535960_C_CA	6:29823800_G_T
6:28535960_C_CA	6:29823883_A_G
6:28535960_C_CA	6:29824183_T_C
6:28535960_C_CA	6:29824340_G_C
6:28535960_C_CA	6:29824771_G_A
6:28535960_C_CA	6:29824826_AAAAAGAAAG_A
6:28535960_C_CA	6:29824826_AAAAAG_A
6:28535960_C_CA	6:29824836_AAAG_A
6:28535960_C_CA	6:29824844_AT_A
6:28535960_C_CA	6:29825219_AG_A
6:28535960_C_CA	6:29825415_A_G
6:28535960_C_CA	6:29825510_A_G
6:28535960_C_CA	6:29825729_CCT_C
6:28535960_C_CA	6:29825737_C_T
6:28535960_C_CA	6:29826726_T_A
6:28535960_C_CA	6:29826907_G_A
6:28535960_C_CA	6:29827149_C_T
6:28535960_C_CA	6:29827332_C_T
6:28535960_C_CA	6:29827597_G_T
6:28535960_C_CA	6:29828435_A_G
6:28535960_C_CA	6:29828622_A_G
6:28535960_C_CA	6:29829407_G_A
6:28535960_C_CA	6:29829514_G_A
6:28535960_C_CA	6:29829592_C_A
6:28535960_C_CA	6:29829636_G_A
6:28535960_C_CA	6:29830209_A_G
6:28535960_C_CA	6:29830670_G_A
6:28535960_C_CA	6:29830725_G_A
6:28535960_C_CA	6:29831418_C_G
6:28535960_C_CA	6:29831706_C_A
6:28535960_C_CA	6:29831814_G_A
6:28535960_C_CA	6:29832479_T_C
6:28535960_C_CA	6:29832516_C_T
6:28535960_C_CA	6:29832692_C_T
6:28535960_C_CA	6:29832721_TC_T
6:28535960_C_CA	6:29832723_C_G
6:28535960_C_CA	6:29832840_C_T
6:28535960_C_CA	6:29832846_C_A
6:28535960_C_CA	6:29833779_A_G
6:28535960_C_CA	6:29834041_G_A
6:28535960_C_CA	6:29834805_A_G
6:28535960_C_CA	6:29836065_C_T
6:28535960_C_CA	6:29836647_G_C
6:28535960_C_CA	6:29837507_G_A
6:28535960_C_CA	6:29839672_T_C
6:28535960_C_CA	6:29840156_G_A
6:28535960_C_CA	6:29842451_A_G
6:28535960_C_CA	6:29842538_C_G
6:28535960_C_CA	6:29842545_C_T
6:28535960_C_CA	6:29849657_T_C
6:28535960_C_CA	6:29850381_T_G
6:28535960_C_CA	6:29850825_AT_A
6:28535960_C_CA	6:29850963_A_G
6:28535960_C_CA	6:29851895_C_T
6:28535960_C_CA	6:29852348_C_G
6:28535960_C_CA	6:29852537_G_A
6:28535960_C_CA	6:29852752_A_C
6:28535960_C_CA	6:29853430_C_T
6:28535960_C_CA	6:29853750_G_T
6:28535960_C_CA	6:29854569_C_T
6:28535960_C_CA	6:29854631_CG_C
6:28535960_C_CA	6:29855062_A_G
6:28535960_C_CA	6:29855264_GCC_G
6:28535960_C_CA	6:29855940_G_A
6:28535960_C_CA	6:29855945_A_G
6:28535960_C_CA	6:29856194_G_C
6:28535960_C_CA	6:29856303_C_T
6:28535960_C_CA	6:29856439_T_G
6:28535960_C_CA	6:29856445_C_T
6:28535960_C_CA	6:29856774_A_G
6:28535960_C_CA	6:29857424_G_A
6:28535960_C_CA	6:29858253_G_A
6:28535960_C_CA	6:29858840_A_C
6:28535960_C_CA	6:29859492_G_C
6:28535960_C_CA	6:29860427_C_T
6:28535960_C_CA	6:29860879_A_G
6:28535960_C_CA	6:29862088_A_G
6:28535960_C_CA	6:29862621_A_G
6:28535960_C_CA	6:29866218_C_T
6:28535960_C_CA	6:29866219_A_G
6:28535960_C_CA	6:29868463_A_C
6:28535960_C_CA	6:29868486_A_T
6:28535960_C_CA	6:29869234_A_C
6:28535960_C_CA	6:29870202_C_T
6:28535960_C_CA	6:29870305_C_T
6:28535960_C_CA	6:29870626_G_A
6:28535960_C_CA	6:29870719_A_G
6:28535960_C_CA	6:29871527_C_T
6:28535960_C_CA	6:29874122_A_T
6:28535960_C_CA	6:29874129_A_T
6:28535960_C_CA	6:29874989_T_G
6:28535960_C_CA	6:29875992_G_A
6:28535960_C_CA	6:29876869_A_G
6:28535960_C_CA	6:29878190_T_C
6:28535960_C_CA	6:29878386_A_G
6:28535960_C_CA	6:29878672_T_G
6:28535960_C_CA	6:29878687_G_A
6:28535960_C_CA	6:29879196_T_C
6:28535960_C_CA	6:29879199_T_C
6:28535960_C_CA	6:29880079_G_A
6:28535960_C_CA	6:29880158_C_T
6:28535960_C_CA	6:29882530_T_G
6:28535960_C_CA	6:29884539_G_A
6:28535960_C_CA	6:29886714_A_G
6:28535960_C_CA	6:29887067_G_T
6:28535960_C_CA	6:29887481_C_T
6:28535960_C_CA	6:29889622_A_G
6:28535960_C_CA	6:29889767_A_C
6:28535960_C_CA	6:29889779_A_G
6:28535960_C_CA	6:29890145_T_C
6:28535960_C_CA	6:29890230_T_C
6:28535960_C_CA	6:29890345_T_C
6:28535960_C_CA	6:29890406_G_A
6:28535960_C_CA	6:29890577_A_G
6:28535960_C_CA	6:29890619_C_T
6:28535960_C_CA	6:29890749_T_C
6:28535960_C_CA	6:29891017_G_C
6:28535960_C_CA	6:29891520_T_C
6:28535960_C_CA	6:29891984_G_T
6:28535960_C_CA	6:29892107_C_T
6:28535960_C_CA	6:29892137_A_G
6:28535960_C_CA	6:29892203_C_A
6:28535960_C_CA	6:29892217_T_C
6:28535960_C_CA	6:29892229_T_G
6:28535960_C_CA	6:29892233_T_C
6:28535960_C_CA	6:29892447_GA_G
6:28535960_C_CA	6:29892478_A_G
6:28535960_C_CA	6:29892732_G_A
6:28535960_C_CA	6:29892815_A_G
6:28535960_C_CA	6:29893012_G_GTTTTTTT
6:28535960_C_CA	6:29893139_G_A
6:28535960_C_CA	6:29893403_C_G
6:28535960_C_CA	6:29893549_TAAAC_T
6:28535960_C_CA	6:29893665_C_G
6:28535960_C_CA	6:29893922_A_T
6:28535960_C_CA	6:29893960_T_C
6:28535960_C_CA	6:29893982_C_T
6:28535960_C_CA	6:29894007_A_T
6:28535960_C_CA	6:29894128_C_T
6:28535960_C_CA	6:29894205_T_C
6:28535960_C_CA	6:29894211_C_T
6:28535960_C_CA	6:29894389_A_C
6:28535960_C_CA	6:29894392_G_T
6:28535960_C_CA	6:29894439_A_T
6:28535960_C_CA	6:29894456_T_G
6:28535960_C_CA	6:29894584_C_A
6:28535960_C_CA	6:29894600_G_T
6:28535960_C_CA	6:29894798_T_C
6:28535960_C_CA	6:29894863_G_A
6:28535960_C_CA	6:29895032_G_C
6:28535960_C_CA	6:29895099_C_A
6:28535960_C_CA	6:29895469_G_A
6:28535960_C_CA	6:29895498_C_T
6:28535960_C_CA	6:29895499_A_G
6:28535960_C_CA	6:29895541_T_C
6:28535960_C_CA	6:29895604_C_G
6:28535960_C_CA	6:29895626_T_A
6:28535960_C_CA	6:29895701_T_C
6:28535960_C_CA	6:29895913_G_A
6:28535960_C_CA	6:29895929_C_G
6:28535960_C_CA	6:29895944_G_A
6:28535960_C_CA	6:29896045_CAG_C
6:28535960_C_CA	6:29896105_G_A
6:28535960_C_CA	6:29896108_A_T
6:28535960_C_CA	6:29896112_C_T
6:28535960_C_CA	6:29896114_G_A
6:28535960_C_CA	6:29896120_G_T
6:28535960_C_CA	6:29896268_T_C
6:28535960_C_CA	6:29896275_G_A
6:28535960_C_CA	6:29896636_C_T
6:28535960_C_CA	6:29896713_G_A
6:28535960_C_CA	6:29896724_C_CTA
6:28535960_C_CA	6:29896773_C_T
6:28535960_C_CA	6:29896852_C_T
6:28535960_C_CA	6:29896925_C_G
6:28535960_C_CA	6:29896999_C_T
6:28535960_C_CA	6:29897017_C_A
6:28535960_C_CA	6:29897350_C_T
6:28535960_C_CA	6:29897438_G_A
6:28535960_C_CA	6:29897694_G_A
6:28535960_C_CA	6:29898108_A_T
6:28535960_C_CA	6:29898116_C_T
6:28535960_C_CA	6:29898162_A_G
6:28535960_C_CA	6:29898226_G_A
6:28535960_C_CA	6:29898249_CT_C
6:28535960_C_CA	6:29898271_CAG_C
6:28535960_C_CA	6:29898283_C_T
6:28535960_C_CA	6:29898314_A_G
6:28535960_C_CA	6:29898382_G_A
6:28535960_C_CA	6:29898472_G_A
6:28535960_C_CA	6:29898507_A_G
6:28535960_C_CA	6:29898679_A_G
6:28535960_C_CA	6:29898765_T_C
6:28535960_C_CA	6:29898916_A_G
6:28535960_C_CA	6:29899015_T_G
6:28535960_C_CA	6:29899208_G_A
6:28535960_C_CA	6:29899485_G_A
6:28535960_C_CA	6:29899493_T_C
6:28535960_C_CA	6:29901898_C_G
6:28535960_C_CA	6:29902109_G_A
6:28535960_C_CA	6:29902130_G_A
6:28535960_C_CA	6:29902254_C_T
6:28535960_C_CA	6:29902327_G_T
6:28535960_C_CA	6:29902373_A_G
6:28535960_C_CA	6:29902640_C_G
6:28535960_C_CA	6:29902714_T_G
6:28535960_C_CA	6:29902774_A_G
6:28535960_C_CA	6:29902807_T_G
6:28535960_C_CA	6:29902844_C_A
6:28535960_C_CA	6:29902875_T_C
6:28535960_C_CA	6:29902881_G_A
6:28535960_C_CA	6:29902899_T_C
6:28535960_C_CA	6:29902949_A_C
6:28535960_C_CA	6:29903236_A_C
6:28535960_C_CA	6:29903306_A_G
6:28535960_C_CA	6:29903389_G_C
6:28535960_C_CA	6:29903459_T_C
6:28535960_C_CA	6:29903577_T_C
6:28535960_C_CA	6:29903630_G_T
6:28535960_C_CA	6:29903728_G_A
6:28535960_C_CA	6:29903888_T_A
6:28535960_C_CA	6:29903961_C_T
6:28535960_C_CA	6:29903979_T_C
6:28535960_C_CA	6:29903991_G_A
6:28535960_C_CA	6:29903993_T_C
6:28535960_C_CA	6:29904072_T_TGA
6:28535960_C_CA	6:29904080_A_G
6:28535960_C_CA	6:29904096_A_G
6:28535960_C_CA	6:29904131_A_G
6:28535960_C_CA	6:29904180_G_A
6:28535960_C_CA	6:29904325_C_T
6:28535960_C_CA	6:29904326_G_A
6:28535960_C_CA	6:29904357_G_A
6:28535960_C_CA	6:29904389_A_G
6:28535960_C_CA	6:29904453_A_G
6:28535960_C_CA	6:29904505_T_C
6:28535960_C_CA	6:29904528_C_A
6:28535960_C_CA	6:29904837_C_T
6:28535960_C_CA	6:29905015_A_G
6:28535960_C_CA	6:29905101_G_T
6:28535960_C_CA	6:29905119_T_C
6:28535960_C_CA	6:29905121_G_A
6:28535960_C_CA	6:29905242_T_A
6:28535960_C_CA	6:29905360_G_A
6:28535960_C_CA	6:29905362_T_C
6:28535960_C_CA	6:29905437_A_T
6:28535960_C_CA	6:29905500_G_GA
6:28535960_C_CA	6:29905506_G_A
6:28535960_C_CA	6:29905566_T_C
6:28535960_C_CA	6:29905621_A_G
6:28535960_C_CA	6:29905628_C_G
6:28535960_C_CA	6:29905629_G_A
6:28535960_C_CA	6:29905759_G_A
6:28535960_C_CA	6:29905763_G_A
6:28535960_C_CA	6:29905804_C_T
6:28535960_C_CA	6:29905861_A_G
6:28535960_C_CA	6:29905900_A_G
6:28535960_C_CA	6:29906049_C_T
6:28535960_C_CA	6:29906564_T_G
6:28535960_C_CA	6:29906691_A_G
6:28535960_C_CA	6:29906772_G_A
6:28535960_C_CA	6:29906815_T_C
6:28535960_C_CA	6:29907243_C_T
6:28535960_C_CA	6:29907286_C_T
6:28535960_C_CA	6:29907298_T_C
6:28535960_C_CA	6:29907331_C_T
6:28535960_C_CA	6:29907494_C_G
6:28535960_C_CA	6:29907544_T_G
6:28535960_C_CA	6:29907598_A_C
6:28535960_C_CA	6:29907696_A_G
6:28535960_C_CA	6:29907755_G_T
6:28535960_C_CA	6:29907961_G_C
6:28535960_C_CA	6:29908044_A_G
6:28535960_C_CA	6:29908189_C_T
6:28535960_C_CA	6:29908240_A_G
6:28535960_C_CA	6:29908544_C_T
6:28535960_C_CA	6:29908589_T_C
6:28535960_C_CA	6:29908590_G_A
6:28535960_C_CA	6:29908676_T_A
6:28535960_C_CA	6:29908838_G_C
6:28535960_C_CA	6:29908954_G_A
6:28535960_C_CA	6:29909021_C_G
6:28535960_C_CA	6:29909033_A_G
6:28535960_C_CA	6:29909071_G_A
6:28535960_C_CA	6:29909153_G_T
6:28535960_C_CA	6:29909205_C_T
6:28535960_C_CA	6:29909217_T_G
6:28535960_C_CA	6:29909219_T_C
6:28535960_C_CA	6:29909251_T_TA
6:28535960_C_CA	6:29909339_G_A
6:28535960_C_CA	6:29909372_C_G
6:28535960_C_CA	6:29909376_C_A
6:28535960_C_CA	6:29909447_G_C
6:28535960_C_CA	6:29909472_G_C
6:28535960_C_CA	6:29909510_C_T
6:28535960_C_CA	6:29909523_A_C
6:28535960_C_CA	6:29909524_G_T
6:28535960_C_CA	6:29909559_G_A
6:28535960_C_CA	6:29909593_T_G
6:28535960_C_CA	6:29909616_T_C
6:28535960_C_CA	6:29909745_A_G
6:28535960_C_CA	6:29909751_T_C
6:28535960_C_CA	6:29909797_C_T
6:28535960_C_CA	6:29909840_G_A
6:28535960_C_CA	6:29909916_A_T
6:28535960_C_CA	6:29909988_C_T
6:28535960_C_CA	6:29910027_C_G
6:28535960_C_CA	6:29910034_G_A
6:28535960_C_CA	6:29910176_C_T
6:28535960_C_CA	6:29910189_A_T
6:28535960_C_CA	6:29910358_C_G
6:28535960_C_CA	6:29910457_T_G
6:28535960_C_CA	6:29910478_G_C
6:28535960_C_CA	6:29910508_A_G
6:28535960_C_CA	6:29910522_G_C
6:28535960_C_CA	6:29910716_C_G
6:28535960_C_CA	6:29910730_T_A
6:28535960_C_CA	6:29910731_G_A
6:28535960_C_CA	6:29910761_G_A
6:28535960_C_CA	6:29910801_C_A
6:28535960_C_CA	6:29910910_C_T
6:28535960_C_CA	6:29911064_A_G
6:28535960_C_CA	6:29911086_T_C
6:28535960_C_CA	6:29911114_G_A
6:28535960_C_CA	6:29911154_C_A
6:28535960_C_CA	6:29911222_C_T
6:28535960_C_CA	6:29911419_A_G
6:28535960_C_CA	6:29911538_G_A
6:28535960_C_CA	6:29911684_C_T
6:28535960_C_CA	6:29912280_T_C
6:28535960_C_CA	6:29912368_C_T
6:28535960_C_CA	6:29912668_T_G
6:28535960_C_CA	6:29912852_T_C
6:28535960_C_CA	6:29912856_A_T
6:28535960_C_CA	6:29913137_A_G
6:28535960_C_CA	6:29913171_G_A
6:28535960_C_CA	6:29913374_C_G
6:28535960_C_CA	6:29913430_C_T
6:28535960_C_CA	6:29913639_A_G
6:28535960_C_CA	6:29913754_A_T
6:28535960_C_CA	6:29913758_C_T
6:28535960_C_CA	6:29913760_C_G
6:28535960_C_CA	6:29913944_T_C
6:28535960_C_CA	6:29913947_T_C
6:28535960_C_CA	6:29913948_G_T
6:28535960_C_CA	6:29914034_G_A
6:28535960_C_CA	6:29914315_C_T
6:28535960_C_CA	6:29914500_G_T
6:28535960_C_CA	6:29914533_G_A
6:28535960_C_CA	6:29914696_G_A
6:28535960_C_CA	6:29914706_G_A
6:28535960_C_CA	6:29914767_T_C
6:28535960_C_CA	6:29914950_T_C
6:28535960_C_CA	6:29915061_T_C
6:28535960_C_CA	6:29915102_G_A
6:28535960_C_CA	6:29915268_C_T
6:28535960_C_CA	6:29915330_T_C
6:28535960_C_CA	6:29915887_A_C
6:28535960_C_CA	6:29916203_G_C
6:28535960_C_CA	6:29916368_G_T
6:28535960_C_CA	6:29916391_A_C
6:28535960_C_CA	6:29916618_G_A
6:28535960_C_CA	6:29916794_A_G
6:28535960_C_CA	6:29916914_G_T
6:28535960_C_CA	6:29917028_G_C
6:28535960_C_CA	6:29917260_C_T
6:28535960_C_CA	6:29917360_T_A
6:28535960_C_CA	6:29918022_C_T
6:28535960_C_CA	6:29918059_C_T
6:28535960_C_CA	6:29918072_C_T
6:28535960_C_CA	6:29918099_G_T
6:28535960_C_CA	6:29918296_C_T
6:28535960_C_CA	6:29918684_G_T
6:28535960_C_CA	6:29918770_A_G
6:28535960_C_CA	6:29918861_T_G
6:28535960_C_CA	6:29918887_T_C
6:28535960_C_CA	6:29918917_C_T
6:28535960_C_CA	6:29919010_C_G
6:28535960_C_CA	6:29919020_T_C
6:28535960_C_CA	6:29919021_A_C
6:28535960_C_CA	6:29919023_G_T
6:28535960_C_CA	6:29919064_C_T
6:28535960_C_CA	6:29919098_A_G
6:28535960_C_CA	6:29919109_A_G
6:28535960_C_CA	6:29919132_T_G
6:28535960_C_CA	6:29919141_C_G
6:28535960_C_CA	6:29919421_A_G
6:28535960_C_CA	6:29919659_T_C
6:28535960_C_CA	6:29919774_A_G
6:28535960_C_CA	6:29919779_C_A
6:28535960_C_CA	6:29919862_T_G
6:28535960_C_CA	6:29919864_A_C
6:28535960_C_CA	6:29920000_G_A
6:28535960_C_CA	6:29920126_C_T
6:28535960_C_CA	6:29920238_T_C
6:28535960_C_CA	6:29920253_A_C
6:28535960_C_CA	6:29920272_T_A
6:28535960_C_CA	6:29920281_G_T
6:28535960_C_CA	6:29920316_C_T
6:28535960_C_CA	6:29920332_T_G
6:28535960_C_CA	6:29920335_G_GT
6:28535960_C_CA	6:29920410_C_T
6:28535960_C_CA	6:29920422_T_C
6:28535960_C_CA	6:29920487_AAAAG_A
6:28535960_C_CA	6:29920536_G_T
6:28535960_C_CA	6:29920549_G_A
6:28535960_C_CA	6:29920618_CA_C
6:28535960_C_CA	6:29920713_T_C
6:28535960_C_CA	6:29920839_G_A
6:28535960_C_CA	6:29920841_A_G
6:28535960_C_CA	6:29920883_T_A
6:28535960_C_CA	6:29920909_G_A
6:28535960_C_CA	6:29920954_G_A
6:28535960_C_CA	6:29920965_G_C
6:28535960_C_CA	6:29921064_C_A
6:28535960_C_CA	6:29921100_C_G
6:28535960_C_CA	6:29921132_C_T
6:28535960_C_CA	6:29921135_A_G
6:28535960_C_CA	6:29921158_T_C
6:28535960_C_CA	6:29921220_A_G
6:28535960_C_CA	6:29921242_C_G
6:28535960_C_CA	6:29921261_C_T
6:28535960_C_CA	6:29921262_A_G
6:28535960_C_CA	6:29921302_T_C
6:28535960_C_CA	6:29921523_C_A
6:28535960_C_CA	6:29921542_TC_T
6:28535960_C_CA	6:29921773_T_C
6:28535960_C_CA	6:29921841_C_A
6:28535960_C_CA	6:29921856_G_A
6:28535960_C_CA	6:29921880_T_G
6:28535960_C_CA	6:29922073_A_T
6:28535960_C_CA	6:29922077_T_A
6:28535960_C_CA	6:29922177_G_A
6:28535960_C_CA	6:29922199_G_T
6:28535960_C_CA	6:29922215_G_A
6:28535960_C_CA	6:29922297_T_G
6:28535960_C_CA	6:29922373_T_C
6:28535960_C_CA	6:29922391_T_C
6:28535960_C_CA	6:29922421_T_G
6:28535960_C_CA	6:29922448_G_T
6:28535960_C_CA	6:29922454_G_A
6:28535960_C_CA	6:29922653_A_C
6:28535960_C_CA	6:29922887_C_T
6:28535960_C_CA	6:29922906_TGCCTACTA_T
6:28535960_C_CA	6:29922995_T_C
6:28535960_C_CA	6:29923008_G_C
6:28535960_C_CA	6:29923023_C_T
6:28535960_C_CA	6:29923086_A_T
6:28535960_C_CA	6:29923091_T_G
6:28535960_C_CA	6:29923140_A_G
6:28535960_C_CA	6:29923227_G_A
6:28535960_C_CA	6:29923239_G_T
6:28535960_C_CA	6:29923248_G_C
6:28535960_C_CA	6:29923266_T_C
6:28535960_C_CA	6:29923290_G_T
6:28535960_C_CA	6:29923503_T_C
6:28535960_C_CA	6:29923580_G_C
6:28535960_C_CA	6:29923941_T_A
6:28535960_C_CA	6:29924136_AG_A
6:28535960_C_CA	6:29924831_T_C
6:28535960_C_CA	6:29937795_G_A
6:28535960_C_CA	6:29939854_C_T
6:28535960_C_CA	6:29941339_G_C
6:28535960_C_CA	6:29944184_C_T
6:28535960_C_CA	6:29945949_G_A
6:28535960_C_CA	6:29950258_G_T
6:28535960_C_CA	6:29958807_A_C
6:28535960_C_CA	6:29961274_A_G
6:28535960_C_CA	6:29966787_G_A
6:28535960_C_CA	6:29970960_G_C
6:28535960_C_CA	6:29972748_ATCTT_A
6:28535960_C_CA	6:29986324_T_A
6:28535960_C_CA	6:29991867_C_T
6:28535960_C_CA	6:30018516_G_A
6:28535960_C_CA	6:30023079_T_C
6:28535960_C_CA	6:30042209_G_T
6:28535960_C_CA	6:30049966_G_C
6:28535960_C_CA	6:30052942_G_A
6:28535960_C_CA	6:30055930_GA_G
6:28535960_C_CA	6:30063652_G_C
6:28535960_C_CA	6:30063674_G_C
6:28535960_C_CA	6:30064849_A_ACACT
6:28535960_C_CA	6:30065149_A_G
6:28535960_C_CA	6:30066097_G_A
6:28535960_C_CA	6:30066631_A_G
6:28535960_C_CA	6:30066659_C_T
6:28535960_C_CA	6:30066713_C_T
6:28535960_C_CA	6:30066714_A_G
6:28535960_C_CA	6:30067177_A_C
6:28535960_C_CA	6:30067834_G_A
6:28535960_C_CA	6:30068724_C_A
6:28535960_C_CA	6:30069822_T_C
6:28535960_C_CA	6:30069835_C_G
6:28535960_C_CA	6:30070178_T_C
6:28535960_C_CA	6:30070346_A_C
6:28535960_C_CA	6:30070536_A_AGGT
6:28535960_C_CA	6:30070538_G_GT
6:28535960_C_CA	6:30072721_T_C
6:28535960_C_CA	6:30073259_C_T
6:28535960_C_CA	6:30074072_G_C
6:28535960_C_CA	6:30075103_T_G
6:28535960_C_CA	6:30075613_T_C
6:28535960_C_CA	6:30078888_G_A
6:28535960_C_CA	6:30079129_T_C
6:28535960_C_CA	6:30080763_TAAAG_T
6:28535960_C_CA	6:30080956_G_A
6:28535960_C_CA	6:30082003_C_T
6:28535960_C_CA	6:30082221_G_T
6:28535960_C_CA	6:30082688_G_C
6:28535960_C_CA	6:30083070_C_T
6:28535960_C_CA	6:30083182_C_T
6:28535960_C_CA	6:30083505_A_G
6:28535960_C_CA	6:30083515_T_A
6:28535960_C_CA	6:30083708_C_T
6:28535960_C_CA	6:30083855_G_C
6:28535960_C_CA	6:30083968_A_AT
6:28535960_C_CA	6:30084313_G_T
6:28535960_C_CA	6:30084446_A_G
6:28535960_C_CA	6:30084505_A_G
6:28535960_C_CA	6:30084549_G_A
6:28535960_C_CA	6:30084622_G_GAAAAAGA
6:28535960_C_CA	6:30084696_T_A
6:28535960_C_CA	6:30085916_T_A
6:28535960_C_CA	6:30086708_T_C
6:28535960_C_CA	6:30088743_G_A
6:28535960_C_CA	6:30094113_C_G
6:28535960_C_CA	6:30112795_G_A
6:28535960_C_CA	6:30122657_C_G
6:28535960_C_CA	6:30128949_G_T
6:28535960_C_CA	6:30147230_T_G
6:28535960_C_CA	6:30152467_G_T
6:28535960_C_CA	6:30155149_G_C
6:28535960_C_CA	6:30155767_C_T
6:28535960_C_CA	6:30161536_G_A
6:28535960_C_CA	6:30162505_G_A
6:28535960_C_CA	6:30163955_G_A
6:28535960_C_CA	6:30167835_C_T
6:28535960_C_CA	6:30169092_A_G
6:28535960_C_CA	6:30169475_T_C
6:28535960_C_CA	6:30169932_GA_G
6:28535960_C_CA	6:30170280_A_G
6:28535960_C_CA	6:30170287_A_G
6:28535960_C_CA	6:30170510_T_C
6:28535960_C_CA	6:30170525_C_T
6:28535960_C_CA	6:30170628_T_TA
6:28535960_C_CA	6:30170906_G_T
6:28535960_C_CA	6:30170970_A_G
6:28535960_C_CA	6:30171284_C_T
6:28535960_C_CA	6:30171369_G_T
6:28535960_C_CA	6:30171417_C_T
6:28535960_C_CA	6:30171827_T_C
6:28535960_C_CA	6:30172571_CA_C
6:28535960_C_CA	6:30173330_G_A
6:28535960_C_CA	6:30173538_G_A
6:28535960_C_CA	6:30174131_C_T
6:28535960_C_CA	6:30174428_A_T
6:28535960_C_CA	6:30177939_G_A
6:28535960_C_CA	6:30181567_T_TC
6:28535960_C_CA	6:30181883_G_A
6:28535960_C_CA	6:30186633_G_A
6:28535960_C_CA	6:30190040_C_T
6:28535960_C_CA	6:30195038_G_T
6:28535960_C_CA	6:30204008_T_C
6:28535960_C_CA	6:30204247_A_T
6:28535960_C_CA	6:30204399_C_G
6:28535960_C_CA	6:30206014_G_A
6:28535960_C_CA	6:30207360_T_TA
6:28535960_C_CA	6:30207929_A_T
6:28535960_C_CA	6:30208791_TATTA_T
6:28535960_C_CA	6:30208843_G_A
6:28535960_C_CA	6:30209918_A_G
6:28535960_C_CA	6:30210550_C_A
6:28535960_C_CA	6:30211605_A_T
6:28535960_C_CA	6:30214250_G_C
6:28535960_C_CA	6:30217351_T_C
6:28535960_C_CA	6:30217468_C_A
6:28535960_C_CA	6:30223428_C_T
6:28535960_C_CA	6:30224358_A_G
6:28535960_C_CA	6:30224362_G_A
6:28535960_C_CA	6:30224970_T_A
6:28535960_C_CA	6:30225029_C_CAT
6:28535960_C_CA	6:30225273_G_A
6:28535960_C_CA	6:30226123_C_T
6:28535960_C_CA	6:30226165_G_C
6:28535960_C_CA	6:30226304_A_G
6:28535960_C_CA	6:30226305_C_T
6:28535960_C_CA	6:30227425_C_G
6:28535960_C_CA	6:30227527_C_T
6:28535960_C_CA	6:30227912_C_T
6:28535960_C_CA	6:30227913_G_T
6:28535960_C_CA	6:30227915_A_T
6:28535960_C_CA	6:30229267_G_C
6:28535960_C_CA	6:30229768_A_C
6:28535960_C_CA	6:30229989_C_T
6:28535960_C_CA	6:30230760_G_A
6:28535960_C_CA	6:30230768_A_T
6:28535960_C_CA	6:30230777_A_G
6:28535960_C_CA	6:30230924_C_G
6:28535960_C_CA	6:30230930_A_G
6:28535960_C_CA	6:30231273_A_G
6:28535960_C_CA	6:30231285_AC_A
6:28535960_C_CA	6:30231563_A_AG
6:28535960_C_CA	6:30231587_A_G
6:28535960_C_CA	6:30231594_A_G
6:28535960_C_CA	6:30231602_G_C
6:28535960_C_CA	6:30232544_GAGAA_G
6:28535960_C_CA	6:30233356_T_TTTTA
6:28535960_C_CA	6:30233739_T_C
6:28535960_C_CA	6:30233876_T_C
6:28535960_C_CA	6:30234668_T_A
6:28535960_C_CA	6:30234931_T_C
6:28535960_C_CA	6:30234934_A_C
6:28535960_C_CA	6:30234945_A_G
6:28535960_C_CA	6:30235046_G_T
6:28535960_C_CA	6:30235204_G_A
6:28535960_C_CA	6:30236038_G_T
6:28535960_C_CA	6:30243235_C_T
6:28535960_C_CA	6:30243236_T_C
6:28535960_C_CA	6:30248711_G_A
6:28535960_C_CA	6:30251391_C_T
6:28535960_C_CA	6:30254870_T_TTC
6:28535960_C_CA	6:30255163_G_GT
6:28535960_C_CA	6:30256936_C_T
6:28535960_C_CA	6:30278745_C_T
6:28535960_C_CA	6:30279074_C_G
6:28535960_C_CA	6:30285312_G_C
6:28535960_C_CA	6:30287771_C_CG
6:28535960_C_CA	6:30287777_A_G
6:28535960_C_CA	6:30292431_A_G
6:28535960_C_CA	6:30292432_C_A
6:28535960_C_CA	6:30296253_G_A
6:28535960_C_CA	6:30302084_A_ATTCT
6:28535960_C_CA	6:30305993_CTT_C
6:28535960_C_CA	6:30307342_G_C
6:28535960_C_CA	6:30312176_A_G
6:28535960_C_CA	6:30318327_G_A
6:28535960_C_CA	6:30319154_A_T
6:28535960_C_CA	6:30321482_T_C
6:28535960_C_CA	6:30322931_GT_G
6:28535960_C_CA	6:30323109_G_A
6:28535960_C_CA	6:30323110_A_C
6:28535960_C_CA	6:30323976_A_AT
6:28535960_C_CA	6:30326368_GA_G
6:28535960_C_CA	6:30326522_C_CA
6:28535960_C_CA	6:30326727_TA_T
6:28535960_C_CA	6:30326804_T_A
6:28535960_C_CA	6:30326809_T_A
6:28535960_C_CA	6:30327194_G_A
6:28535960_C_CA	6:30327196_G_A
6:28535960_C_CA	6:30329552_T_TTA
6:28535960_C_CA	6:30329926_A_T
6:28535960_C_CA	6:30329966_G_A
6:28535960_C_CA	6:30330071_G_A
6:28535960_C_CA	6:30330392_C_G
6:28535960_C_CA	6:30330737_A_G
6:28535960_C_CA	6:30331216_A_T
6:28535960_C_CA	6:30335759_GA_G
6:28535960_C_CA	6:30336663_T_C
6:28535960_C_CA	6:30337141_G_T
6:28535960_C_CA	6:30338247_G_A
6:28535960_C_CA	6:30338248_A_G
6:28535960_C_CA	6:30338583_C_G
6:28535960_C_CA	6:30338658_A_G
6:28535960_C_CA	6:30339189_A_T
6:28535960_C_CA	6:30339938_C_CT
6:28535960_C_CA	6:30340086_T_C
6:28535960_C_CA	6:30340145_C_T
6:28535960_C_CA	6:30340172_T_C
6:28535960_C_CA	6:30340251_C_T
6:28535960_C_CA	6:30340397_A_G
6:28535960_C_CA	6:30340411_G_A
6:28535960_C_CA	6:30340469_C_T
6:28535960_C_CA	6:30340528_G_A
6:28535960_C_CA	6:30340719_G_GA
6:28535960_C_CA	6:30340720_G_A
6:28535960_C_CA	6:30340803_A_C
6:28535960_C_CA	6:30340827_A_G
6:28535960_C_CA	6:30341068_G_A
6:28535960_C_CA	6:30341390_A_G
6:28535960_C_CA	6:30341424_A_G
6:28535960_C_CA	6:30341471_T_C
6:28535960_C_CA	6:30341720_T_C
6:28535960_C_CA	6:30341790_C_T
6:28535960_C_CA	6:30342190_A_G
6:28535960_C_CA	6:30343251_G_C
6:28535960_C_CA	6:30343272_A_C
6:28535960_C_CA	6:30344038_G_A
6:28535960_C_CA	6:30344462_A_T
6:28535960_C_CA	6:30344690_G_A
6:28535960_C_CA	6:30345118_C_T
6:28535960_C_CA	6:30345139_C_T
6:28535960_C_CA	6:30345294_A_G
6:28535960_C_CA	6:30345352_C_T
6:28535960_C_CA	6:30345791_A_G
6:28535960_C_CA	6:30346009_A_G
6:28535960_C_CA	6:30346139_A_G
6:28535960_C_CA	6:30346208_G_T
6:28535960_C_CA	6:30346618_C_T
6:28535960_C_CA	6:30347186_G_A
6:28535960_C_CA	6:30347463_T_C
6:28535960_C_CA	6:30347887_C_T
6:28535960_C_CA	6:30347915_G_A
6:28535960_C_CA	6:30348095_G_A
6:28535960_C_CA	6:30348117_G_C
6:28535960_C_CA	6:30348166_G_A
6:28535960_C_CA	6:30348340_G_A
6:28535960_C_CA	6:30348378_T_TTC
6:28535960_C_CA	6:30348458_CAT_C
6:28535960_C_CA	6:30348542_T_C
6:28535960_C_CA	6:30349813_A_G
6:28535960_C_CA	6:30349814_G_A
6:28535960_C_CA	6:30350325_A_T
6:28535960_C_CA	6:30350367_A_G
6:28535960_C_CA	6:30350590_A_C
6:28535960_C_CA	6:30350712_A_T
6:28535960_C_CA	6:30350831_A_G
6:28535960_C_CA	6:30350955_T_C
6:28535960_C_CA	6:30351348_T_C
6:28535960_C_CA	6:30351439_G_GC
6:28535960_C_CA	6:30351525_C_A
6:28535960_C_CA	6:30351547_G_A
6:28535960_C_CA	6:30351844_G_A
6:28535960_C_CA	6:30351900_A_T
6:28535960_C_CA	6:30352022_TA_T
6:28535960_C_CA	6:30352281_C_T
6:28535960_C_CA	6:30352313_A_C
6:28535960_C_CA	6:30352647_G_A
6:28535960_C_CA	6:30352788_C_A
6:28535960_C_CA	6:30352875_G_A
6:28535960_C_CA	6:30352967_T_C
6:28535960_C_CA	6:30352986_G_A
6:28535960_C_CA	6:30353049_G_A
6:28535960_C_CA	6:30353069_A_G
6:28535960_C_CA	6:30353426_G_A
6:28535960_C_CA	6:30353654_A_C
6:28535960_C_CA	6:30354067_C_T
6:28535960_C_CA	6:30354090_G_A
6:28535960_C_CA	6:30354354_C_A
6:28535960_C_CA	6:30354416_T_TA
6:28535960_C_CA	6:30354642_G_A
6:28535960_C_CA	6:30354707_A_T
6:28535960_C_CA	6:30354871_T_C
6:28535960_C_CA	6:30354913_C_CA
6:28535960_C_CA	6:30354925_T_G
6:28535960_C_CA	6:30354979_G_T
6:28535960_C_CA	6:30355097_C_T
6:28535960_C_CA	6:30355184_A_G
6:28535960_C_CA	6:30355311_TAAACCTA_T
6:28535960_C_CA	6:30355785_T_C
6:28535960_C_CA	6:30355797_T_A
6:28535960_C_CA	6:30356277_G_T
6:28535960_C_CA	6:30356607_G_T
6:28535960_C_CA	6:30356668_C_T
6:28535960_C_CA	6:30356678_TA_T
6:28535960_C_CA	6:30356814_T_C
6:28535960_C_CA	6:30356828_T_G
6:28535960_C_CA	6:30356970_G_A
6:28535960_C_CA	6:30357076_CAA_C
6:28535960_C_CA	6:30357294_C_T
6:28535960_C_CA	6:30358151_A_G
6:28535960_C_CA	6:30358216_G_C
6:28535960_C_CA	6:30358522_T_C
6:28535960_C_CA	6:30359360_G_A
6:28535960_C_CA	6:30359377_C_G
6:28535960_C_CA	6:30359402_G_A
6:28535960_C_CA	6:30359440_G_A
6:28535960_C_CA	6:30359496_G_GC
6:28535960_C_CA	6:30359498_G_GTA
6:28535960_C_CA	6:30359502_T_C
6:28535960_C_CA	6:30359606_T_G
6:28535960_C_CA	6:30359702_C_T
6:28535960_C_CA	6:30360031_G_A
6:28535960_C_CA	6:30360068_C_T
6:28535960_C_CA	6:30360100_G_A
6:28535960_C_CA	6:30360244_A_G
6:28535960_C_CA	6:30360512_C_T
6:28535960_C_CA	6:30360602_G_A
6:28535960_C_CA	6:30360720_G_A
6:28535960_C_CA	6:30360781_A_T
6:28535960_C_CA	6:30360902_C_CA
6:28535960_C_CA	6:30361232_T_C
6:28535960_C_CA	6:30361418_G_A
6:28535960_C_CA	6:30361443_T_G
6:28535960_C_CA	6:30362448_G_C
6:28535960_C_CA	6:30362614_T_G
6:28535960_C_CA	6:30363085_G_C
6:28535960_C_CA	6:30363284_C_T
6:28535960_C_CA	6:30363320_T_G
6:28535960_C_CA	6:30364189_C_A
6:28535960_C_CA	6:30364241_GT_G
6:28535960_C_CA	6:30364302_A_G
6:28535960_C_CA	6:30364727_G_C
6:28535960_C_CA	6:30365210_C_T
6:28535960_C_CA	6:30365448_T_C
6:28535960_C_CA	6:30365629_C_T
6:28535960_C_CA	6:30366240_T_C
6:28535960_C_CA	6:30366642_C_T
6:28535960_C_CA	6:30367011_T_C
6:28535960_C_CA	6:30367452_C_T
6:28535960_C_CA	6:30368092_C_T
6:28535960_C_CA	6:30371118_G_GA
6:28535960_C_CA	6:30374211_A_G
6:28535960_C_CA	6:30376339_C_T
6:28535960_C_CA	6:30378408_T_C
6:28535960_C_CA	6:30381596_T_C
6:28535960_C_CA	6:30385746_C_G
6:28535960_C_CA	6:30395196_T_C
6:28535960_C_CA	6:30400763_G_A
6:28535960_C_CA	6:30409249_T_C
6:28535960_C_CA	6:30418966_C_A
6:28535960_C_CA	6:30424736_A_T
6:28535960_C_CA	6:30432177_C_A
6:28535960_C_CA	6:30441303_C_T
6:28535960_C_CA	6:30443107_G_A
6:28535960_C_CA	6:30444357_C_T
6:28535960_C_CA	6:30447674_A_C
6:28535960_C_CA	6:30495860_A_G
6:28535960_C_CA	6:30507920_A_G
6:28535960_C_CA	6:30508956_G_A
6:28535960_C_CA	6:30536872_T_A
6:28535960_C_CA	6:30561321_T_TA
6:28535960_C_CA	6:30565853_G_A
6:28535960_C_CA	6:30566407_A_G
6:28535960_C_CA	6:30573513_A_T
6:28535960_C_CA	6:30576781_G_C
6:28535960_C_CA	6:30590338_CAAAAAAAAA_C
6:28535960_C_CA	6:30596421_G_A
6:28535960_C_CA	6:30603519_G_A
6:28535960_C_CA	6:30607500_C_T
6:28535960_C_CA	6:30613182_A_G
6:28535960_C_CA	6:30628252_G_A
6:28535960_C_CA	6:30644137_T_C
6:28535960_C_CA	6:30650026_G_A
6:28535960_C_CA	6:30656828_C_G
6:28535960_C_CA	6:30660937_CA_C
6:28535960_C_CA	6:30666445_CGA_C
6:28535960_C_CA	6:30686814_G_T
6:28535960_C_CA	6:30688575_G_C
6:28535960_C_CA	6:30689001_T_A
6:28535960_C_CA	6:30692965_G_A
6:28535960_C_CA	6:30693121_A_G
6:28535960_C_CA	6:30693633_A_G
6:28535960_C_CA	6:30694374_T_C
6:28535960_C_CA	6:30694863_CTA_C
6:28535960_C_CA	6:30696565_C_CT
6:28535960_C_CA	6:30698541_A_G
6:28535960_C_CA	6:30699022_G_A
6:28535960_C_CA	6:30701092_C_T
6:28535960_C_CA	6:30703367_ACTGCAC_A
6:28535960_C_CA	6:30705023_G_A
6:28535960_C_CA	6:30705031_G_A
6:28535960_C_CA	6:30706361_T_A
6:28535960_C_CA	6:30708695_C_T
6:28535960_C_CA	6:30708955_C_T
6:28535960_C_CA	6:30709357_G_A
6:28535960_C_CA	6:30713296_G_A
6:28535960_C_CA	6:30713580_T_C
6:28535960_C_CA	6:30717258_C_T
6:28535960_C_CA	6:30722267_C_A
6:28535960_C_CA	6:30723169_A_G
6:28535960_C_CA	6:30723781_G_A
6:28535960_C_CA	6:30725841_C_T
6:28535960_C_CA	6:30727611_C_CT
6:28535960_C_CA	6:30727785_A_G
6:28535960_C_CA	6:30727983_A_G
6:28535960_C_CA	6:30730339_T_C
6:28535960_C_CA	6:30730345_G_C
6:28535960_C_CA	6:30730482_G_T
6:28535960_C_CA	6:30731401_A_T
6:28535960_C_CA	6:30731633_C_T
6:28535960_C_CA	6:30732858_C_T
6:28535960_C_CA	6:30733974_G_A
6:28535960_C_CA	6:30734041_AT_A
6:28535960_C_CA	6:30735979_C_T
6:28535960_C_CA	6:30737591_G_C
6:28535960_C_CA	6:30737675_GC_G
6:28535960_C_CA	6:30738469_A_G
6:28535960_C_CA	6:30739972_A_C
6:28535960_C_CA	6:30741226_C_T
6:28535960_C_CA	6:30741305_G_C
6:28535960_C_CA	6:30741366_C_CA
6:28535960_C_CA	6:30742713_G_C
6:28535960_C_CA	6:30743729_G_A
6:28535960_C_CA	6:30743739_G_A
6:28535960_C_CA	6:30743864_T_G
6:28535960_C_CA	6:30744138_G_GC
6:28535960_C_CA	6:30744200_C_T
6:28535960_C_CA	6:30745633_G_A
6:28535960_C_CA	6:30745717_G_T
6:28535960_C_CA	6:30745777_T_A
6:28535960_C_CA	6:30745800_A_C
6:28535960_C_CA	6:30746331_A_G
6:28535960_C_CA	6:30746367_C_T
6:28535960_C_CA	6:30748164_C_G
6:28535960_C_CA	6:30750925_T_A
6:28535960_C_CA	6:30754930_C_CT
6:28535960_C_CA	6:30755067_C_T
6:28535960_C_CA	6:30758371_C_G
6:28535960_C_CA	6:30758648_AATGGCC_A
6:28535960_C_CA	6:30758848_T_A
6:28535960_C_CA	6:30758857_C_T
6:28535960_C_CA	6:30759335_T_C
6:28535960_C_CA	6:30759426_G_A
6:28535960_C_CA	6:30759489_A_G
6:28535960_C_CA	6:30760190_C_T
6:28535960_C_CA	6:30760232_A_T
6:28535960_C_CA	6:30760276_C_T
6:28535960_C_CA	6:30760389_A_C
6:28535960_C_CA	6:30760725_G_A
6:28535960_C_CA	6:30760781_A_AC
6:28535960_C_CA	6:30760850_T_TA
6:28535960_C_CA	6:30760886_A_G
6:28535960_C_CA	6:30760907_T_C
6:28535960_C_CA	6:30760968_C_T
6:28535960_C_CA	6:30761089_G_A
6:28535960_C_CA	6:30761132_C_T
6:28535960_C_CA	6:30761487_T_C
6:28535960_C_CA	6:30761572_C_T
6:28535960_C_CA	6:30762068_A_G
6:28535960_C_CA	6:30762238_A_G
6:28535960_C_CA	6:30762542_C_T
6:28535960_C_CA	6:30763049_T_TAAA
6:28535960_C_CA	6:30763562_C_T
6:28535960_C_CA	6:30763714_T_A
6:28535960_C_CA	6:30769273_G_A
6:28535960_C_CA	6:30780568_C_T
6:28535960_C_CA	6:30783284_G_GT
6:28535960_C_CA	6:30783579_G_A
6:28535960_C_CA	6:30784068_C_T
6:28535960_C_CA	6:30784193_G_A
6:28535960_C_CA	6:30792117_G_C
6:28535960_C_CA	6:30796659_A_G
6:28535960_C_CA	6:30798697_C_T
6:28535960_C_CA	6:30803526_A_G
6:28535960_C_CA	6:30811265_G_C
6:28535960_C_CA	6:30812996_G_A
6:28535960_C_CA	6:30813097_G_A
6:28535960_C_CA	6:30820373_C_T
6:28535960_C_CA	6:30821522_C_T
6:28535960_C_CA	6:30822002_GAC_G
6:28535960_C_CA	6:30824451_T_C
6:28535960_C_CA	6:30825994_C_T
6:28535960_C_CA	6:30826945_GA_G
6:28535960_C_CA	6:30831195_G_A
6:28535960_C_CA	6:30833950_G_GT
6:28535960_C_CA	6:30833951_C_T
6:28535960_C_CA	6:30833954_A_G
6:28535960_C_CA	6:30833956_T_G
6:28535960_C_CA	6:30833957_T_C
6:28535960_C_CA	6:30834331_A_G
6:28535960_C_CA	6:30838043_G_C
6:28535960_C_CA	6:30838065_CA_C
6:28535960_C_CA	6:30842629_C_T
6:28535960_C_CA	6:30846919_A_C
6:28535960_C_CA	6:30849124_A_T
6:28535960_C_CA	6:30850142_A_G
6:28535960_C_CA	6:30851909_C_A
6:28535960_C_CA	6:30851989_G_A
6:28535960_C_CA	6:30855211_T_G
6:28535960_C_CA	6:30859344_G_A
6:28535960_C_CA	6:30863530_C_G
6:28535960_C_CA	6:30867527_G_A
6:28535960_C_CA	6:30871259_CTTTTTTTTTTTT_C
6:28535960_C_CA	6:30872783_C_T
6:28535960_C_CA	6:30872982_G_A
6:28535960_C_CA	6:30873605_C_A
6:28535960_C_CA	6:30894965_T_A
6:28535960_C_CA	6:30899051_G_C
6:28535960_C_CA	6:30899052_G_A
6:28535960_C_CA	6:30899195_G_A
6:28535960_C_CA	6:30899650_G_A
6:28535960_C_CA	6:30901872_C_G
6:28535960_C_CA	6:30909382_ACCTG_A
6:28535960_C_CA	6:30913458_G_A
6:28535960_C_CA	6:30922088_G_A
6:28535960_C_CA	6:30923411_CG_C
6:28535960_C_CA	6:30926517_C_T
6:28535960_C_CA	6:30933076_G_A
6:28535960_C_CA	6:30933794_G_T
6:28535960_C_CA	6:30933967_C_T
6:28535960_C_CA	6:30936534_G_A
6:28535960_C_CA	6:30936663_G_A
6:28535960_C_CA	6:30937727_C_T
6:28535960_C_CA	6:30937732_A_G
6:28535960_C_CA	6:30945265_T_A
6:28535960_C_CA	6:30947509_A_T
6:28535960_C_CA	6:30951020_A_T
6:28535960_C_CA	6:30954873_G_A
6:28535960_C_CA	6:30962469_T_C
6:28535960_C_CA	6:30968769_C_G
6:28535960_C_CA	6:30969754_G_A
6:28535960_C_CA	6:30971769_A_G
6:28535960_C_CA	6:30977680_G_A
6:28535960_C_CA	6:30981753_C_G
6:28535960_C_CA	6:30985828_G_A
6:28535960_C_CA	6:30986312_C_T
6:28535960_C_CA	6:30988513_G_A
6:28535960_C_CA	6:30988825_G_A
6:28535960_C_CA	6:30993313_C_T
6:28535960_C_CA	6:31016550_A_G
6:28535960_C_CA	6:31018908_T_G
6:28535960_C_CA	6:31019806_G_A
6:28535960_C_CA	6:31034595_T_C
6:28535960_C_CA	6:31035391_G_T
6:28535960_C_CA	6:31037872_TTTTC_T
6:28535960_C_CA	6:31044463_T_C
6:28535960_C_CA	6:31051675_A_G
6:28535960_C_CA	6:31055536_TATC_T
6:28535960_C_CA	6:31055770_A_G
6:28535960_C_CA	6:31061561_T_C
6:28535960_C_CA	6:31063328_C_T
6:28535960_C_CA	6:31065071_C_T
6:28535960_C_CA	6:31065096_C_T
6:28535960_C_CA	6:31066468_T_C
6:28535960_C_CA	6:31066585_A_C
6:28535960_C_CA	6:31066627_GACA_G
6:28535960_C_CA	6:31066633_A_G
6:28535960_C_CA	6:31066736_GA_G
6:28535960_C_CA	6:31066886_A_G
6:28535960_C_CA	6:31066935_T_TGCG
6:28535960_C_CA	6:31067074_TTTTTATTTCA_T
6:28535960_C_CA	6:31067184_G_A
6:28535960_C_CA	6:31067232_C_T
6:28535960_C_CA	6:31067264_C_T
6:28535960_C_CA	6:31067359_A_G
6:28535960_C_CA	6:31067402_C_T
6:28535960_C_CA	6:31067445_T_A
6:28535960_C_CA	6:31067461_A_G
6:28535960_C_CA	6:31067550_G_A
6:28535960_C_CA	6:31067551_T_C
6:28535960_C_CA	6:31067564_T_C
6:28535960_C_CA	6:31067565_G_A
6:28535960_C_CA	6:31067624_T_C
6:28535960_C_CA	6:31067683_G_A
6:28535960_C_CA	6:31067699_G_A
6:28535960_C_CA	6:31067758_A_G
6:28535960_C_CA	6:31067779_A_G
6:28535960_C_CA	6:31067824_C_T
6:28535960_C_CA	6:31067837_G_A
6:28535960_C_CA	6:31067906_C_T
6:28535960_C_CA	6:31068101_T_A
6:28535960_C_CA	6:31068213_T_C
6:28535960_C_CA	6:31068319_A_G
6:28535960_C_CA	6:31068364_C_G
6:28535960_C_CA	6:31068549_G_T
6:28535960_C_CA	6:31068710_G_C
6:28535960_C_CA	6:31068964_C_T
6:28535960_C_CA	6:31069031_G_A
6:28535960_C_CA	6:31069044_C_T
6:28535960_C_CA	6:31069226_A_C
6:28535960_C_CA	6:31069229_A_G
6:28535960_C_CA	6:31069302_C_T
6:28535960_C_CA	6:31069328_C_T
6:28535960_C_CA	6:31069411_C_A
6:28535960_C_CA	6:31069448_G_A
6:28535960_C_CA	6:31069455_AAAAAAAATTTTC_A
6:28535960_C_CA	6:31069489_G_T
6:28535960_C_CA	6:31069503_A_G
6:28535960_C_CA	6:31069527_T_A
6:28535960_C_CA	6:31069560_T_A
6:28535960_C_CA	6:31069644_C_T
6:28535960_C_CA	6:31069672_C_T
6:28535960_C_CA	6:31069697_T_C
6:28535960_C_CA	6:31069838_C_CCT
6:28535960_C_CA	6:31069841_T_A
6:28535960_C_CA	6:31069852_G_A
6:28535960_C_CA	6:31069861_A_G
6:28535960_C_CA	6:31069899_G_A
6:28535960_C_CA	6:31070078_G_A
6:28535960_C_CA	6:31070271_GTC_G
6:28535960_C_CA	6:31070414_A_T
6:28535960_C_CA	6:31070686_G_A
6:28535960_C_CA	6:31070779_C_G
6:28535960_C_CA	6:31071058_A_C
6:28535960_C_CA	6:31071100_T_C
6:28535960_C_CA	6:31071144_T_C
6:28535960_C_CA	6:31071271_T_C
6:28535960_C_CA	6:31071329_G_T
6:28535960_C_CA	6:31071381_G_C
6:28535960_C_CA	6:31071419_G_GGT
6:28535960_C_CA	6:31071422_A_G
6:28535960_C_CA	6:31071445_T_TA
6:28535960_C_CA	6:31071472_T_C
6:28535960_C_CA	6:31071565_G_C
6:28535960_C_CA	6:31071581_G_A
6:28535960_C_CA	6:31071758_T_C
6:28535960_C_CA	6:31071784_C_T
6:28535960_C_CA	6:31071785_C_T
6:28535960_C_CA	6:31071881_T_C
6:28535960_C_CA	6:31071979_C_G
6:28535960_C_CA	6:31072300_T_C
6:28535960_C_CA	6:31072398_TTGAGG_T
6:28535960_C_CA	6:31072578_C_A
6:28535960_C_CA	6:31072653_G_T
6:28535960_C_CA	6:31072659_C_T
6:28535960_C_CA	6:31072695_T_C
6:28535960_C_CA	6:31072822_T_A
6:28535960_C_CA	6:31072845_G_A
6:28535960_C_CA	6:31072864_A_G
6:28535960_C_CA	6:31072893_C_T
6:28535960_C_CA	6:31072979_T_A
6:28535960_C_CA	6:31073007_G_T
6:28535960_C_CA	6:31073532_G_C
6:28535960_C_CA	6:31073857_A_C
6:28535960_C_CA	6:31074129_G_A
6:28535960_C_CA	6:31074246_G_A
6:28535960_C_CA	6:31074750_C_A
6:28535960_C_CA	6:31075601_GTTT_G
6:28535960_C_CA	6:31075622_T_C
6:28535960_C_CA	6:31077021_TC_T
6:28535960_C_CA	6:31077041_G_A
6:28535960_C_CA	6:31077600_G_T
6:28535960_C_CA	6:31078005_C_T
6:28535960_C_CA	6:31078809_A_T
6:28535960_C_CA	6:31078899_G_T
6:28535960_C_CA	6:31079074_C_T
6:28535960_C_CA	6:31079076_G_A
6:28535960_C_CA	6:31079644_G_A
6:28535960_C_CA	6:31081065_T_C
6:28535960_C_CA	6:31081434_A_G
6:28535960_C_CA	6:31081940_T_C
6:28535960_C_CA	6:31082188_G_A
6:28535960_C_CA	6:31082197_G_C
6:28535960_C_CA	6:31082476_C_T
6:28535960_C_CA	6:31085700_C_T
6:28535960_C_CA	6:31088145_T_A
6:28535960_C_CA	6:31089204_C_T
6:28535960_C_CA	6:31094636_C_T
6:28535960_C_CA	6:31098134_A_T
6:28535960_C_CA	6:31098734_A_C
6:28535960_C_CA	6:31100625_T_TAA
6:28535960_C_CA	6:31100974_T_C
6:28535960_C_CA	6:31101917_A_G
6:28535960_C_CA	6:31102618_C_G
6:28535960_C_CA	6:31102790_G_T
6:28535960_C_CA	6:31103195_C_G
6:28535960_C_CA	6:31105147_C_T
6:28535960_C_CA	6:31107317_C_T
6:28535960_C_CA	6:31108271_C_CTCTTG
6:28535960_C_CA	6:31114855_A_C
6:28535960_C_CA	6:31116636_G_A
6:28535960_C_CA	6:31121358_TTTTTA_T
6:28535960_C_CA	6:31121945_A_C
6:28535960_C_CA	6:31122500_G_A
6:28535960_C_CA	6:31125705_C_G
6:28535960_C_CA	6:31125777_C_A
6:28535960_C_CA	6:31138910_T_C
6:28535960_C_CA	6:31140047_G_A
6:28535960_C_CA	6:31142265_C_G
6:28535960_C_CA	6:31142758_T_C
6:28535960_C_CA	6:31144717_A_T
6:28535960_C_CA	6:31147476_G_A
6:28535960_C_CA	6:31147607_CAT_C
6:28535960_C_CA	6:31147634_G_A
6:28535960_C_CA	6:31147648_A_T
6:28535960_C_CA	6:31149520_G_A
6:28535960_C_CA	6:31152818_C_A
6:28535960_C_CA	6:31152975_CT_C
6:28535960_C_CA	6:31153020_T_C
6:28535960_C_CA	6:31154354_T_A
6:28535960_C_CA	6:31154434_C_T
6:28535960_C_CA	6:31154493_G_A
6:28535960_C_CA	6:31154633_T_C
6:28535960_C_CA	6:31155785_G_C
6:28535960_C_CA	6:31161229_G_A
6:28535960_C_CA	6:31161577_A_G
6:28535960_C_CA	6:31163161_A_T
6:28535960_C_CA	6:31163638_G_C
6:28535960_C_CA	6:31165187_AGG_A
6:28535960_C_CA	6:31166352_A_G
6:28535960_C_CA	6:31175946_A_C
6:28535960_C_CA	6:31176948_C_T
6:28535960_C_CA	6:31179193_G_A
6:28535960_C_CA	6:31183509_G_A
6:28535960_C_CA	6:31184524_C_G
6:28535960_C_CA	6:31191636_G_A
6:28535960_C_CA	6:31191867_C_T
6:28535960_C_CA	6:31192192_G_T
6:28535960_C_CA	6:31194583_G_A
6:28535960_C_CA	6:31196554_T_C
6:28535960_C_CA	6:31196862_G_A
6:28535960_C_CA	6:31203079_G_A
6:28535960_C_CA	6:31205392_A_G
6:28535960_C_CA	6:31208881_T_A
6:28535960_C_CA	6:31214354_G_A
6:28535960_C_CA	6:31218416_T_C
6:28535960_C_CA	6:31230800_G_A
6:28535960_C_CA	6:31231106_G_A
6:28535960_C_CA	6:31231176_C_T
6:28535960_C_CA	6:31231784_A_T
6:28535960_C_CA	6:31232484_G_A
6:28535960_C_CA	6:31232578_A_G
6:28535960_C_CA	6:31233074_G_T
6:28535960_C_CA	6:31234114_G_A
6:28535960_C_CA	6:31235372_CA_C
6:28535960_C_CA	6:31235505_G_A
6:28535960_C_CA	6:31235869_T_C
6:28535960_C_CA	6:31236854_T_C
6:28535960_C_CA	6:31239449_C_G
6:28535960_C_CA	6:31241311_A_G
6:28535960_C_CA	6:31241664_G_A
6:28535960_C_CA	6:31243540_G_A
6:28535960_C_CA	6:31243846_G_T
6:28535960_C_CA	6:31243859_C_T
6:28535960_C_CA	6:31243884_G_A
6:28535960_C_CA	6:31245796_C_T
6:28535960_C_CA	6:31245821_A_G
6:28535960_C_CA	6:31246324_A_C
6:28535960_C_CA	6:31247390_G_A
6:28535960_C_CA	6:31247736_T_C
6:28535960_C_CA	6:31248169_C_T
6:28535960_C_CA	6:31249217_G_A
6:28535960_C_CA	6:31249350_T_TA
6:28535960_C_CA	6:31249593_G_A
6:28535960_C_CA	6:31252396_A_C
6:28535960_C_CA	6:31257511_A_C
6:28535960_C_CA	6:31263522_C_G
6:28535960_C_CA	6:31264133_G_C
6:28535960_C_CA	6:31264582_C_T
6:28535960_C_CA	6:31265135_C_G
6:28535960_C_CA	6:31267422_A_C
6:28535960_C_CA	6:31270103_CTG_C
6:28535960_C_CA	6:31271567_A_G
6:28535960_C_CA	6:31276447_G_C
6:28535960_C_CA	6:31288877_T_C
6:28535960_C_CA	6:31297343_C_T
6:28535960_C_CA	6:31298375_GA_G
6:28535960_C_CA	6:31299497_T_TTG
6:28535960_C_CA	6:31299899_T_C
6:28535960_C_CA	6:31300197_G_A
6:28535960_C_CA	6:31302284_G_C
6:28535960_C_CA	6:31304079_A_G
6:28535960_C_CA	6:31304395_G_A
6:28535960_C_CA	6:31304648_G_A
6:28535960_C_CA	6:31305043_G_T
6:28535960_C_CA	6:31305641_C_T
6:28535960_C_CA	6:31306639_C_T
6:28535960_C_CA	6:31306816_T_C
6:28535960_C_CA	6:31308476_T_A
6:28535960_C_CA	6:31308717_G_A
6:28535960_C_CA	6:31308988_C_T
6:28535960_C_CA	6:31309785_G_A
6:28535960_C_CA	6:31310372_C_T
6:28535960_C_CA	6:31311211_G_A
6:28535960_C_CA	6:31311318_A_G
6:28535960_C_CA	6:31311376_A_G
6:28535960_C_CA	6:31311449_T_A
6:28535960_C_CA	6:31311912_G_T
6:28535960_C_CA	6:31311950_T_C
6:28535960_C_CA	6:31312020_G_A
6:28535960_C_CA	6:31312259_G_A
6:28535960_C_CA	6:31312492_A_G
6:28535960_C_CA	6:31312538_G_A
6:28535960_C_CA	6:31312607_G_C
6:28535960_C_CA	6:31312656_C_T
6:28535960_C_CA	6:31312729_G_A
6:28535960_C_CA	6:31312941_C_T
6:28535960_C_CA	6:31313029_G_T
6:28535960_C_CA	6:31313030_C_T
6:28535960_C_CA	6:31313033_G_A
6:28535960_C_CA	6:31313042_A_T
6:28535960_C_CA	6:31313212_T_C
6:28535960_C_CA	6:31313221_A_C
6:28535960_C_CA	6:31313367_T_C
6:28535960_C_CA	6:31313677_C_T
6:28535960_C_CA	6:31313722_C_T
6:28535960_C_CA	6:31313733_T_C
6:28535960_C_CA	6:31313916_A_G
6:28535960_C_CA	6:31314274_A_G
6:28535960_C_CA	6:31314652_A_G
6:28535960_C_CA	6:31314938_C_T
6:28535960_C_CA	6:31315005_C_T
6:28535960_C_CA	6:31315027_A_G
6:28535960_C_CA	6:31315138_G_A
6:28535960_C_CA	6:31315193_C_T
6:28535960_C_CA	6:31315229_C_T
6:28535960_C_CA	6:31315389_G_A
6:28535960_C_CA	6:31315501_A_G
6:28535960_C_CA	6:31315618_A_G
6:28535960_C_CA	6:31315649_G_T
6:28535960_C_CA	6:31315663_A_T
6:28535960_C_CA	6:31315706_G_A
6:28535960_C_CA	6:31315792_T_C
6:28535960_C_CA	6:31315805_G_C
6:28535960_C_CA	6:31315861_G_A
6:28535960_C_CA	6:31315879_T_G
6:28535960_C_CA	6:31315933_A_G
6:28535960_C_CA	6:31315959_A_G
6:28535960_C_CA	6:31315999_A_G
6:28535960_C_CA	6:31316044_C_T
6:28535960_C_CA	6:31316080_C_T
6:28535960_C_CA	6:31316151_C_T
6:28535960_C_CA	6:31316234_A_C
6:28535960_C_CA	6:31316281_C_T
6:28535960_C_CA	6:31316288_T_C
6:28535960_C_CA	6:31316448_T_A
6:28535960_C_CA	6:31316520_G_A
6:28535960_C_CA	6:31316613_G_A
6:28535960_C_CA	6:31316695_C_A
6:28535960_C_CA	6:31316911_G_T
6:28535960_C_CA	6:31317063_A_G
6:28535960_C_CA	6:31317065_T_C
6:28535960_C_CA	6:31318308_G_T
6:28535960_C_CA	6:31318432_T_C
6:28535960_C_CA	6:31318705_A_G
6:28535960_C_CA	6:31318785_C_T
6:28535960_C_CA	6:31319029_C_T
6:28535960_C_CA	6:31319215_G_C
6:28535960_C_CA	6:31319226_C_T
6:28535960_C_CA	6:31319478_A_G
6:28535960_C_CA	6:31319525_C_T
6:28535960_C_CA	6:31319618_T_A
6:28535960_C_CA	6:31319667_G_A
6:28535960_C_CA	6:31319923_C_G
6:28535960_C_CA	6:31320164_G_A
6:28535960_C_CA	6:31320241_G_A
6:28535960_C_CA	6:31321267_A_C
6:28535960_C_CA	6:31322790_T_A
6:28535960_C_CA	6:31323416_G_C
6:28535960_C_CA	6:31323500_CCT_C
6:28535960_C_CA	6:31323506_C_T
6:28535960_C_CA	6:31324023_C_G
6:28535960_C_CA	6:31324415_A_C
6:28535960_C_CA	6:31324953_C_T
6:28535960_C_CA	6:31325056_C_T
6:28535960_C_CA	6:31325692_G_A
6:28535960_C_CA	6:31325702_A_G
6:28535960_C_CA	6:31325822_G_A
6:28535960_C_CA	6:31326074_A_T
6:28535960_C_CA	6:31326175_G_T
6:28535960_C_CA	6:31326703_T_C
6:28535960_C_CA	6:31327178_G_A
6:28535960_C_CA	6:31327890_A_G
6:28535960_C_CA	6:31327895_G_A
6:28535960_C_CA	6:31328092_A_G
6:28535960_C_CA	6:31328542_G_A
6:28535960_C_CA	6:31328988_C_G
6:28535960_C_CA	6:31329083_G_A
6:28535960_C_CA	6:31329092_A_C
6:28535960_C_CA	6:31329093_G_A
6:28535960_C_CA	6:31329135_C_A
6:28535960_C_CA	6:31329291_T_A
6:28535960_C_CA	6:31329374_A_C
6:28535960_C_CA	6:31329642_C_T
6:28535960_C_CA	6:31329691_T_A
6:28535960_C_CA	6:31329921_T_G
6:28535960_C_CA	6:31329932_G_A
6:28535960_C_CA	6:31330015_C_G
6:28535960_C_CA	6:31330139_A_G
6:28535960_C_CA	6:31330359_C_T
6:28535960_C_CA	6:31330611_C_A
6:28535960_C_CA	6:31330618_C_T
6:28535960_C_CA	6:31331095_G_A
6:28535960_C_CA	6:31331954_C_T
6:28535960_C_CA	6:31331977_G_T
6:28535960_C_CA	6:31332256_C_A
6:28535960_C_CA	6:31332496_G_A
6:28535960_C_CA	6:31332703_A_C
6:28535960_C_CA	6:31332920_G_A
6:28535960_C_CA	6:31333019_T_C
6:28535960_C_CA	6:31333095_G_A
6:28535960_C_CA	6:31333562_G_A
6:28535960_C_CA	6:31333963_T_C
6:28535960_C_CA	6:31334422_T_C
6:28535960_C_CA	6:31335431_T_C
6:28535960_C_CA	6:31335901_A_G
6:28535960_C_CA	6:31335976_G_C
6:28535960_C_CA	6:31338844_T_C
6:28535960_C_CA	6:31339996_G_A
6:28535960_C_CA	6:31340908_G_A
6:28535960_C_CA	6:31344390_A_G
6:28535960_C_CA	6:31346653_A_G
6:28535960_C_CA	6:31346849_CG_C
6:28535960_C_CA	6:31347069_C_T
6:28535960_C_CA	6:31347144_G_A
6:28535960_C_CA	6:31348040_T_C
6:28535960_C_CA	6:31348077_G_A
6:28535960_C_CA	6:31348365_G_A
6:28535960_C_CA	6:31348830_TA_T
6:28535960_C_CA	6:31348832_TA_T
6:28535960_C_CA	6:31350303_T_G
6:28535960_C_CA	6:31353329_G_A
6:28535960_C_CA	6:31353435_C_G
6:28535960_C_CA	6:31355318_T_C
6:28535960_C_CA	6:31358333_C_T
6:28535960_C_CA	6:31358559_C_T
6:28535960_C_CA	6:31359394_C_T
6:28535960_C_CA	6:31360663_C_T
6:28535960_C_CA	6:31363026_G_T
6:28535960_C_CA	6:31363431_AAAAC_A
6:28535960_C_CA	6:31377978_C_T
6:28535960_C_CA	6:31386131_G_A
6:28535960_C_CA	6:31402837_G_A
6:28535960_C_CA	6:31408329_T_A
6:28535960_C_CA	6:31410521_A_G
6:28535960_C_CA	6:31413809_G_A
6:28535960_C_CA	6:31414051_CTTTTT_C
6:28535960_C_CA	6:31414241_G_T
6:28535960_C_CA	6:31418810_T_A
6:28535960_C_CA	6:31426967_T_C
6:28535960_C_CA	6:31427395_G_C
6:28535960_C_CA	6:31428746_C_CATAG
6:28535960_C_CA	6:31428920_T_C
6:28535960_C_CA	6:31430010_G_A
6:28535960_C_CA	6:31430065_C_T
6:28535960_C_CA	6:31430721_A_G
6:28535960_C_CA	6:31430752_G_A
6:28535960_C_CA	6:31431813_A_G
6:28535960_C_CA	6:31433558_G_A
6:28535960_C_CA	6:31433693_T_C
6:28535960_C_CA	6:31433831_A_G
6:28535960_C_CA	6:31434111_A_G
6:28535960_C_CA	6:31434331_A_T
6:28535960_C_CA	6:31434520_G_C
6:28535960_C_CA	6:31436738_A_T
6:28535960_C_CA	6:31444904_G_C
6:28535960_C_CA	6:31444934_C_A
6:28535960_C_CA	6:31444967_A_C
6:28535960_C_CA	6:31445345_T_C
6:28535960_C_CA	6:31445498_G_A
6:28535960_C_CA	6:31445948_G_GTCTTGCT
6:28535960_C_CA	6:31446007_T_C
6:28535960_C_CA	6:31446009_A_C
6:28535960_C_CA	6:31446018_A_G
6:28535960_C_CA	6:31446088_G_C
6:28535960_C_CA	6:31446089_C_G
6:28535960_C_CA	6:31446129_T_C
6:28535960_C_CA	6:31446200_A_G
6:28535960_C_CA	6:31446222_GAGA_G
6:28535960_C_CA	6:31447848_C_T
6:28535960_C_CA	6:31448564_G_T
6:28535960_C_CA	6:31449046_A_G
6:28535960_C_CA	6:31449216_A_T
6:28535960_C_CA	6:31449483_G_A
6:28535960_C_CA	6:31449552_T_C
6:28535960_C_CA	6:31449710_T_C
6:28535960_C_CA	6:31449914_T_C
6:28535960_C_CA	6:31450340_T_C
6:28535960_C_CA	6:31450637_G_A
6:28535960_C_CA	6:31450702_G_A
6:28535960_C_CA	6:31450738_G_C
6:28535960_C_CA	6:31450824_G_A
6:28535960_C_CA	6:31451370_A_G
6:28535960_C_CA	6:31451532_A_G
6:28535960_C_CA	6:31451567_T_C
6:28535960_C_CA	6:31451836_T_C
6:28535960_C_CA	6:31451848_C_T
6:28535960_C_CA	6:31451923_T_A
6:28535960_C_CA	6:31451961_C_T
6:28535960_C_CA	6:31452090_G_A
6:28535960_C_CA	6:31452267_C_G
6:28535960_C_CA	6:31452443_C_G
6:28535960_C_CA	6:31452475_C_A
6:28535960_C_CA	6:31452673_C_T
6:28535960_C_CA	6:31452959_T_C
6:28535960_C_CA	6:31453143_G_A
6:28535960_C_CA	6:31453577_T_C
6:28535960_C_CA	6:31455935_A_C
6:28535960_C_CA	6:31456372_C_T
6:28535960_C_CA	6:31456679_TG_T
6:28535960_C_CA	6:31456823_T_TC
6:28535960_C_CA	6:31457025_C_A
6:28535960_C_CA	6:31457033_A_T
6:28535960_C_CA	6:31457334_G_A
6:28535960_C_CA	6:31457344_G_A
6:28535960_C_CA	6:31457386_G_A
6:28535960_C_CA	6:31457483_G_A
6:28535960_C_CA	6:31457527_C_T
6:28535960_C_CA	6:31457604_A_G
6:28535960_C_CA	6:31457649_C_T
6:28535960_C_CA	6:31457847_G_A
6:28535960_C_CA	6:31457937_CAT_C
6:28535960_C_CA	6:31458058_TGACCATCAG_T
6:28535960_C_CA	6:31458157_C_T
6:28535960_C_CA	6:31458293_G_A
6:28535960_C_CA	6:31458460_G_A
6:28535960_C_CA	6:31458464_C_T
6:28535960_C_CA	6:31458514_A_G
6:28535960_C_CA	6:31458632_C_T
6:28535960_C_CA	6:31458634_T_C
6:28535960_C_CA	6:31458954_G_A
6:28535960_C_CA	6:31458993_A_G
6:28535960_C_CA	6:31459271_C_CA
6:28535960_C_CA	6:31459288_G_A
6:28535960_C_CA	6:31459359_G_A
6:28535960_C_CA	6:31459461_A_G
6:28535960_C_CA	6:31459488_T_G
6:28535960_C_CA	6:31459636_C_G
6:28535960_C_CA	6:31459697_T_A
6:28535960_C_CA	6:31459917_ATTC_A
6:28535960_C_CA	6:31460056_T_C
6:28535960_C_CA	6:31460164_C_G
6:28535960_C_CA	6:31460185_C_T
6:28535960_C_CA	6:31460220_G_T
6:28535960_C_CA	6:31460284_G_C
6:28535960_C_CA	6:31460300_A_G
6:28535960_C_CA	6:31460518_C_T
6:28535960_C_CA	6:31461509_G_T
6:28535960_C_CA	6:31461608_C_T
6:28535960_C_CA	6:31461778_G_T
6:28535960_C_CA	6:31461914_C_T
6:28535960_C_CA	6:31462031_C_T
6:28535960_C_CA	6:31462135_G_A
6:28535960_C_CA	6:31462245_C_T
6:28535960_C_CA	6:31462672_A_C
6:28535960_C_CA	6:31463325_A_G
6:28535960_C_CA	6:31463533_A_ACTCGC
6:28535960_C_CA	6:31463577_T_C
6:28535960_C_CA	6:31464365_G_C
6:28535960_C_CA	6:31464798_C_T
6:28535960_C_CA	6:31465558_G_C
6:28535960_C_CA	6:31465831_CCT_C
6:28535960_C_CA	6:31466311_C_A
6:28535960_C_CA	6:31466879_G_A
6:28535960_C_CA	6:31466885_G_A
6:28535960_C_CA	6:31467111_G_T
6:28535960_C_CA	6:31467170_G_A
6:28535960_C_CA	6:31467365_C_T
6:28535960_C_CA	6:31469668_C_T
6:28535960_C_CA	6:31469774_A_G
6:28535960_C_CA	6:31471454_T_C
6:28535960_C_CA	6:31472123_G_A
6:28535960_C_CA	6:31472162_G_T
6:28535960_C_CA	6:31472807_G_A
6:28535960_C_CA	6:31473561_A_G
6:28535960_C_CA	6:31473746_G_A
6:28535960_C_CA	6:31473957_C_G
6:28535960_C_CA	6:31475913_A_T
6:28535960_C_CA	6:31476458_T_A
6:28535960_C_CA	6:31482097_T_G
6:28535960_C_CA	6:31483481_G_C
6:28535960_C_CA	6:31496569_A_G
6:28535960_C_CA	6:31498244_G_GC
6:28535960_C_CA	6:31501558_C_T
6:28535960_C_CA	6:31506138_G_A
6:28535960_C_CA	6:31546850_G_A
6:28535960_C_CA	6:31555657_A_G
6:28535960_C_CA	6:31558702_C_T
6:28535960_C_CA	6:31562764_C_T
6:28535960_C_CA	6:31566168_C_G
6:28535960_C_CA	6:31577099_A_T
6:28535960_C_CA	6:31580539_G_A
6:28535960_C_CA	6:31582025_G_C
6:28535960_C_CA	6:31587083_T_C
6:28535960_C_CA	6:31592524_G_C
6:28535960_C_CA	6:31592636_C_T
6:28535960_C_CA	6:31597700_C_T
6:28535960_C_CA	6:31597753_G_A
6:28535960_C_CA	6:31597875_A_G
6:28535960_C_CA	6:31598101_A_AT
6:28535960_C_CA	6:31598489_A_G
6:28535960_C_CA	6:31601012_T_C
6:28535960_C_CA	6:31601022_T_C
6:28535960_C_CA	6:31601843_T_C
6:28535960_C_CA	6:31606398_C_G
6:28535960_C_CA	6:31607096_T_TC
6:28535960_C_CA	6:31609272_T_C
6:28535960_C_CA	6:31610479_C_T
6:28535960_C_CA	6:31611498_CAAAAAAAAAA_C
6:28535960_C_CA	6:31617957_A_C
6:28535960_C_CA	6:31620020_A_G
6:28535960_C_CA	6:31620483_TC_T
6:28535960_C_CA	6:31624864_A_G
6:28535960_C_CA	6:31630968_G_A
6:28535960_C_CA	6:31633496_G_T
6:28535960_C_CA	6:31636742_A_G
6:28535960_C_CA	6:31640518_T_G
6:28535960_C_CA	6:31666424_A_C
6:28535960_C_CA	6:31671557_C_A
6:28535960_C_CA	6:31677391_G_A
6:28535960_C_CA	6:31692163_A_G
6:28535960_C_CA	6:31708463_C_A
6:28535960_C_CA	6:31709778_A_G
6:28535960_C_CA	6:31710020_C_T
6:28535960_C_CA	6:31712196_G_A
6:28535960_C_CA	6:31714031_G_A
6:28535960_C_CA	6:31718396_C_G
6:28535960_C_CA	6:31722780_C_T
6:28535960_C_CA	6:31726794_T_C
6:28535960_C_CA	6:31727897_C_T
6:28535960_C_CA	6:31732547_G_GA
6:28535960_C_CA	6:31733466_T_C
6:28535960_C_CA	6:31733950_CAG_C
6:28535960_C_CA	6:31735916_CAAAAAAAAAAAA_C
6:28535960_C_CA	6:31740454_G_A
6:28535960_C_CA	6:31745464_G_A
6:28535960_C_CA	6:31749142_G_A
6:28535960_C_CA	6:31749184_G_A
6:28535960_C_CA	6:31754830_T_C
6:28535960_C_CA	6:31761213_G_A
6:28535960_C_CA	6:31765864_T_A
6:28535960_C_CA	6:31765984_G_A
6:28535960_C_CA	6:31766660_C_T
6:28535960_C_CA	6:31767673_T_TA
6:28535960_C_CA	6:31768799_A_C
6:28535960_C_CA	6:31772093_C_A
6:28535960_C_CA	6:31777192_A_G
6:28535960_C_CA	6:31787167_C_T
6:28535960_C_CA	6:31793526_AT_A
6:28535960_C_CA	6:31798134_TA_T
6:28535960_C_CA	6:31799076_T_G
6:28535960_C_CA	6:31800535_CAAAAAAAAAA_C
6:28535960_C_CA	6:31802101_C_T
6:28535960_C_CA	6:31805913_C_T
6:28535960_C_CA	6:31808436_C_T
6:28535960_C_CA	6:31810612_C_T
6:28535960_C_CA	6:31818108_C_T
6:28535960_C_CA	6:31820643_A_G
6:28535960_C_CA	6:31824461_A_AT
6:28535960_C_CA	6:31826705_G_A
6:28535960_C_CA	6:31832038_A_G
6:28535960_C_CA	6:31835164_G_C
6:28535960_C_CA	6:31836442_A_G
6:28535960_C_CA	6:31840477_C_T
6:28535960_C_CA	6:31878433_G_A
6:28535960_C_CA	6:31881309_T_C
6:28535960_C_CA	6:31909941_A_G
6:28535960_C_CA	6:31973653_A_T
6:28535960_C_CA	6:31974014_C_T
6:28535960_C_CA	6:31974327_C_T
6:28535960_C_CA	6:31976398_C_A
6:28535960_C_CA	6:31994782_C_T
6:28535960_C_CA	6:32006760_TG_T
6:28535960_C_CA	6:32006858_C_A
6:28535960_C_CA	6:32014828_G_A
6:28535960_C_CA	6:32019946_C_T
6:28535960_C_CA	6:32020238_A_G
6:28535960_C_CA	6:32024832_T_C
6:28535960_C_CA	6:32025555_C_A
6:28535960_C_CA	6:32025863_C_T
6:28535960_C_CA	6:32029205_G_A
6:28535960_C_CA	6:32029415_T_C
6:28535960_C_CA	6:32033616_G_A
6:28535960_C_CA	6:32035694_C_T
6:28535960_C_CA	6:32066447_G_A
6:28535960_C_CA	6:32067503_GA_G
6:28535960_C_CA	6:32094593_T_C
6:28535960_C_CA	6:32107851_G_A
6:28535960_C_CA	6:32131972_G_C
6:28535960_C_CA	6:32148403_G_C
6:28535960_C_CA	6:32149537_C_G
6:28535960_C_CA	6:32149816_T_C
6:28535960_C_CA	6:32152442_A_G
6:28535960_C_CA	6:32153406_C_A
6:28535960_C_CA	6:32161366_T_C
6:28535960_C_CA	6:32161430_C_A
6:28535960_C_CA	6:32167992_C_CT
6:28535960_C_CA	6:32171075_A_G
6:28535960_C_CA	6:32171134_T_TA
6:28535960_C_CA	6:32172993_C_T
6:28535960_C_CA	6:32173238_T_C
6:28535960_C_CA	6:32175331_G_A
6:28535960_C_CA	6:32176208_G_C
6:28535960_C_CA	6:32177671_GA_G
6:28535960_C_CA	6:32187637_G_T
6:28535960_C_CA	6:32189921_A_G
6:28535960_C_CA	6:32198981_C_T
6:28535960_C_CA	6:32200501_CAAAAAAAAAAAA_C
6:28535960_C_CA	6:32201279_G_C
6:28535960_C_CA	6:32201526_A_G
6:28535960_C_CA	6:32202221_A_T
6:28535960_C_CA	6:32203876_A_G
6:28535960_C_CA	6:32204657_G_A
6:28535960_C_CA	6:32204684_G_T
6:28535960_C_CA	6:32204819_CG_C
6:28535960_C_CA	6:32205572_G_GAT
6:28535960_C_CA	6:32205867_A_G
6:28535960_C_CA	6:32206243_C_T
6:28535960_C_CA	6:32206374_T_TA
6:28535960_C_CA	6:32206539_C_T
6:28535960_C_CA	6:32218120_G_A
6:28535960_C_CA	6:32219898_G_A
6:28535960_C_CA	6:32223109_A_G
6:28535960_C_CA	6:32223418_C_T
6:28535960_C_CA	6:32223632_G_A
6:28535960_C_CA	6:32223770_T_C
6:28535960_C_CA	6:32223775_A_G
6:28535960_C_CA	6:32223785_G_C
6:28535960_C_CA	6:32223830_A_T
6:28535960_C_CA	6:32223925_T_C
6:28535960_C_CA	6:32223947_T_A
6:28535960_C_CA	6:32224319_G_T
6:28535960_C_CA	6:32224445_A_G
6:28535960_C_CA	6:32224456_A_C
6:28535960_C_CA	6:32224457_G_A
6:28535960_C_CA	6:32224463_T_C
6:28535960_C_CA	6:32224489_G_A
6:28535960_C_CA	6:32224792_G_A
6:28535960_C_CA	6:32224828_G_C
6:28535960_C_CA	6:32224852_C_T
6:28535960_C_CA	6:32224937_A_G
6:28535960_C_CA	6:32225050_T_C
6:28535960_C_CA	6:32225072_T_G
6:28535960_C_CA	6:32225197_T_C
6:28535960_C_CA	6:32225256_C_T
6:28535960_C_CA	6:32225271_A_T
6:28535960_C_CA	6:32225344_C_CAT
6:28535960_C_CA	6:32225473_G_A
6:28535960_C_CA	6:32226126_T_C
6:28535960_C_CA	6:32226256_A_G
6:28535960_C_CA	6:32226352_C_T
6:28535960_C_CA	6:32226390_GT_G
6:28535960_C_CA	6:32226471_A_G
6:28535960_C_CA	6:32226481_A_G
6:28535960_C_CA	6:32226507_A_G
6:28535960_C_CA	6:32226520_T_G
6:28535960_C_CA	6:32226824_A_C
6:28535960_C_CA	6:32227082_G_A
6:28535960_C_CA	6:32227112_C_T
6:28535960_C_CA	6:32227258_G_A
6:28535960_C_CA	6:32227259_C_G
6:28535960_C_CA	6:32227262_C_G
6:28535960_C_CA	6:32227506_G_T
6:28535960_C_CA	6:32227839_A_T
6:28535960_C_CA	6:32227850_G_T
6:28535960_C_CA	6:32229238_T_C
6:28535960_C_CA	6:32229442_G_A
6:28535960_C_CA	6:32229531_G_A
6:28535960_C_CA	6:32229721_G_A
6:28535960_C_CA	6:32229826_C_T
6:28535960_C_CA	6:32229989_TG_T
6:28535960_C_CA	6:32230056_C_T
6:28535960_C_CA	6:32230097_C_G
6:28535960_C_CA	6:32230208_G_A
6:28535960_C_CA	6:32230214_T_C
6:28535960_C_CA	6:32230256_T_G
6:28535960_C_CA	6:32230344_T_A
6:28535960_C_CA	6:32230658_C_G
6:28535960_C_CA	6:32230664_C_T
6:28535960_C_CA	6:32230678_C_T
6:28535960_C_CA	6:32230732_C_T
6:28535960_C_CA	6:32230779_A_G
6:28535960_C_CA	6:32230824_A_G
6:28535960_C_CA	6:32231085_C_G
6:28535960_C_CA	6:32231121_GA_G
6:28535960_C_CA	6:32231313_T_C
6:28535960_C_CA	6:32231407_G_A
6:28535960_C_CA	6:32231483_C_T
6:28535960_C_CA	6:32231547_A_T
6:28535960_C_CA	6:32231726_C_CT
6:28535960_C_CA	6:32232124_T_C
6:28535960_C_CA	6:32232758_T_C
6:28535960_C_CA	6:32232981_T_C
6:28535960_C_CA	6:32233100_G_T
6:28535960_C_CA	6:32233373_A_G
6:28535960_C_CA	6:32234043_T_A
6:28535960_C_CA	6:32234050_A_T
6:28535960_C_CA	6:32234198_C_T
6:28535960_C_CA	6:32234342_G_T
6:28535960_C_CA	6:32234345_C_T
6:28535960_C_CA	6:32234395_A_G
6:28535960_C_CA	6:32234480_G_C
6:28535960_C_CA	6:32234512_C_T
6:28535960_C_CA	6:32234993_A_G
6:28535960_C_CA	6:32235066_C_CT
6:28535960_C_CA	6:32235096_A_C
6:28535960_C_CA	6:32235597_A_G
6:28535960_C_CA	6:32235860_C_G
6:28535960_C_CA	6:32236039_G_A
6:28535960_C_CA	6:32236470_A_G
6:28535960_C_CA	6:32236608_C_T
6:28535960_C_CA	6:32236609_A_G
6:28535960_C_CA	6:32236707_GC_G
6:28535960_C_CA	6:32237221_C_T
6:28535960_C_CA	6:32237260_A_G
6:28535960_C_CA	6:32237322_G_A
6:28535960_C_CA	6:32237463_T_A
6:28535960_C_CA	6:32237508_A_G
6:28535960_C_CA	6:32237614_G_A
6:28535960_C_CA	6:32237697_T_TC
6:28535960_C_CA	6:32237745_C_T
6:28535960_C_CA	6:32237748_G_A
6:28535960_C_CA	6:32238298_G_A
6:28535960_C_CA	6:32238428_C_T
6:28535960_C_CA	6:32238511_G_A
6:28535960_C_CA	6:32238517_G_A
6:28535960_C_CA	6:32238538_T_C
6:28535960_C_CA	6:32238680_A_G
6:28535960_C_CA	6:32239024_A_C
6:28535960_C_CA	6:32239050_A_C
6:28535960_C_CA	6:32239314_G_A
6:28535960_C_CA	6:32239341_C_T
6:28535960_C_CA	6:32239427_G_A
6:28535960_C_CA	6:32239651_C_T
6:28535960_C_CA	6:32240072_T_A
6:28535960_C_CA	6:32240611_A_G
6:28535960_C_CA	6:32240666_C_CAACA
6:28535960_C_CA	6:32240712_T_TA
6:28535960_C_CA	6:32240813_G_A
6:28535960_C_CA	6:32241203_G_A
6:28535960_C_CA	6:32241720_G_A
6:28535960_C_CA	6:32242492_T_G
6:28535960_C_CA	6:32242676_A_G
6:28535960_C_CA	6:32242761_A_G
6:28535960_C_CA	6:32242838_A_G
6:28535960_C_CA	6:32243110_A_C
6:28535960_C_CA	6:32244080_C_CTACA
6:28535960_C_CA	6:32246156_C_T
6:28535960_C_CA	6:32247064_T_C
6:28535960_C_CA	6:32247315_C_T
6:28535960_C_CA	6:32247505_G_T
6:28535960_C_CA	6:32247710_T_G
6:28535960_C_CA	6:32247771_G_A
6:28535960_C_CA	6:32248176_C_T
6:28535960_C_CA	6:32249177_A_G
6:28535960_C_CA	6:32249524_G_C
6:28535960_C_CA	6:32250881_T_C
6:28535960_C_CA	6:32251435_G_C
6:28535960_C_CA	6:32251721_T_TA
6:28535960_C_CA	6:32252132_A_G
6:28535960_C_CA	6:32252401_T_A
6:28535960_C_CA	6:32252507_A_G
6:28535960_C_CA	6:32252846_A_AT
6:28535960_C_CA	6:32253524_AG_A
6:28535960_C_CA	6:32253559_T_C
6:28535960_C_CA	6:32253670_AAG_A
6:28535960_C_CA	6:32253724_CATTTATTT_C
6:28535960_C_CA	6:32254312_A_C
6:28535960_C_CA	6:32254452_A_G
6:28535960_C_CA	6:32255000_T_G
6:28535960_C_CA	6:32255230_A_G
6:28535960_C_CA	6:32255507_A_G
6:28535960_C_CA	6:32255594_A_C
6:28535960_C_CA	6:32256260_C_G
6:28535960_C_CA	6:32256418_T_C
6:28535960_C_CA	6:32256473_A_G
6:28535960_C_CA	6:32256807_C_T
6:28535960_C_CA	6:32257035_C_T
6:28535960_C_CA	6:32257199_T_C
6:28535960_C_CA	6:32257366_T_C
6:28535960_C_CA	6:32258043_G_A
6:28535960_C_CA	6:32258088_A_G
6:28535960_C_CA	6:32258130_GCAAA_G
6:28535960_C_CA	6:32258258_T_TA
6:28535960_C_CA	6:32263663_C_T
6:28535960_C_CA	6:32265682_A_G
6:28535960_C_CA	6:32266795_G_A
6:28535960_C_CA	6:32268080_C_T
6:28535960_C_CA	6:32268795_A_ATTGT
6:28535960_C_CA	6:32269218_C_G
6:28535960_C_CA	6:32269329_C_CA
6:28535960_C_CA	6:32269457_C_T
6:28535960_C_CA	6:32269590_A_ACCATAG
6:28535960_C_CA	6:32270283_G_A
6:28535960_C_CA	6:32270363_A_T
6:28535960_C_CA	6:32270875_C_T
6:28535960_C_CA	6:32271217_A_ATTTCTTT
6:28535960_C_CA	6:32271263_A_T
6:28535960_C_CA	6:32271269_CT_C
6:28535960_C_CA	6:32271674_A_T
6:28535960_C_CA	6:32271955_C_T
6:28535960_C_CA	6:32272433_T_C
6:28535960_C_CA	6:32272510_C_T
6:28535960_C_CA	6:32272621_TA_T
6:28535960_C_CA	6:32272707_A_G
6:28535960_C_CA	6:32272711_A_G
6:28535960_C_CA	6:32273077_T_C
6:28535960_C_CA	6:32273085_C_T
6:28535960_C_CA	6:32273198_A_T
6:28535960_C_CA	6:32273487_G_A
6:28535960_C_CA	6:32274067_G_A
6:28535960_C_CA	6:32274813_G_GTTGA
6:28535960_C_CA	6:32274882_C_A
6:28535960_C_CA	6:32275027_C_T
6:28535960_C_CA	6:32275375_G_GTTTA
6:28535960_C_CA	6:32275621_C_T
6:28535960_C_CA	6:32275629_C_T
6:28535960_C_CA	6:32275841_C_T
6:28535960_C_CA	6:32276009_T_C
6:28535960_C_CA	6:32276027_T_G
6:28535960_C_CA	6:32276172_G_A
6:28535960_C_CA	6:32276203_G_A
6:28535960_C_CA	6:32276549_T_C
6:28535960_C_CA	6:32276795_C_T
6:28535960_C_CA	6:32277025_C_A
6:28535960_C_CA	6:32277127_CAT_C
6:28535960_C_CA	6:32277211_C_T
6:28535960_C_CA	6:32277360_ATTC_A
6:28535960_C_CA	6:32277371_A_C
6:28535960_C_CA	6:32277527_CA_C
6:28535960_C_CA	6:32277548_G_A
6:28535960_C_CA	6:32277555_C_A
6:28535960_C_CA	6:32277834_C_T
6:28535960_C_CA	6:32277993_C_CTGTT
6:28535960_C_CA	6:32278187_C_T
6:28535960_C_CA	6:32278670_C_T
6:28535960_C_CA	6:32279284_G_A
6:28535960_C_CA	6:32279500_C_T
6:28535960_C_CA	6:32279952_A_G
6:28535960_C_CA	6:32280182_A_G
6:28535960_C_CA	6:32280344_A_G
6:28535960_C_CA	6:32280462_C_T
6:28535960_C_CA	6:32280591_T_C
6:28535960_C_CA	6:32280620_A_C
6:28535960_C_CA	6:32280694_T_C
6:28535960_C_CA	6:32281621_A_G
6:28535960_C_CA	6:32281676_G_A
6:28535960_C_CA	6:32281823_TG_T
6:28535960_C_CA	6:32281958_C_T
6:28535960_C_CA	6:32282019_A_C
6:28535960_C_CA	6:32282466_A_G
6:28535960_C_CA	6:32282471_A_G
6:28535960_C_CA	6:32283114_C_A
6:28535960_C_CA	6:32283214_C_T
6:28535960_C_CA	6:32283699_A_G
6:28535960_C_CA	6:32284910_C_G
6:28535960_C_CA	6:32285228_G_A
6:28535960_C_CA	6:32285362_C_T
6:28535960_C_CA	6:32287402_C_A
6:28535960_C_CA	6:32288952_G_A
6:28535960_C_CA	6:32293255_G_C
6:28535960_C_CA	6:32293941_G_C
6:28535960_C_CA	6:32294549_A_T
6:28535960_C_CA	6:32295431_C_CT
6:28535960_C_CA	6:32295652_T_C
6:28535960_C_CA	6:32295874_C_T
6:28535960_C_CA	6:32295878_G_A
6:28535960_C_CA	6:32298484_G_T
6:28535960_C_CA	6:32299524_CA_C
6:28535960_C_CA	6:32300638_C_T
6:28535960_C_CA	6:32301910_G_A
6:28535960_C_CA	6:32302103_TTG_T
6:28535960_C_CA	6:32302672_G_A
6:28535960_C_CA	6:32305544_A_G
6:28535960_C_CA	6:32305658_C_A
6:28535960_C_CA	6:32310119_T_G
6:28535960_C_CA	6:32310194_G_A
6:28535960_C_CA	6:32310811_A_C
6:28535960_C_CA	6:32312351_C_T
6:28535960_C_CA	6:32312650_G_C
6:28535960_C_CA	6:32313531_A_C
6:28535960_C_CA	6:32313550_T_C
6:28535960_C_CA	6:32314182_C_CG
6:28535960_C_CA	6:32314306_CCTGTCTTTTAAAATA_C
6:28535960_C_CA	6:32314484_G_A
6:28535960_C_CA	6:32314594_C_T
6:28535960_C_CA	6:32314877_A_G
6:28535960_C_CA	6:32315511_T_G
6:28535960_C_CA	6:32316081_C_A
6:28535960_C_CA	6:32316312_T_C
6:28535960_C_CA	6:32316415_T_C
6:28535960_C_CA	6:32316615_A_G
6:28535960_C_CA	6:32316804_G_C
6:28535960_C_CA	6:32317223_CATCTT_C
6:28535960_C_CA	6:32317467_T_C
6:28535960_C_CA	6:32326687_TTTA_T
6:28535960_C_CA	6:32331209_T_A
6:28535960_C_CA	6:32332264_G_A
6:28535960_C_CA	6:32332322_G_A
6:28535960_C_CA	6:32332765_G_A
6:28535960_C_CA	6:32332791_C_T
6:28535960_C_CA	6:32333419_G_A
6:28535960_C_CA	6:32336161_G_A
6:28535960_C_CA	6:32336205_A_G
6:28535960_C_CA	6:32337444_C_CCTAT
6:28535960_C_CA	6:32337947_AGCTCTTACATTG_A
6:28535960_C_CA	6:32339548_G_A
6:28535960_C_CA	6:32340176_C_T
6:28535960_C_CA	6:32340871_C_T
6:28535960_C_CA	6:32340872_C_G
6:28535960_C_CA	6:32343236_A_G
6:28535960_C_CA	6:32343339_G_A
6:28535960_C_CA	6:32343369_T_C
6:28535960_C_CA	6:32346463_ATTTTGTG_A
6:28535960_C_CA	6:32347070_AAT_A
6:28535960_C_CA	6:32349557_A_T
6:28535960_C_CA	6:32352616_C_T
6:28535960_C_CA	6:32353590_G_A
6:28535960_C_CA	6:32358201_G_C
6:28535960_C_CA	6:32358270_G_A
6:28535960_C_CA	6:32358689_A_G
6:28535960_C_CA	6:32361821_C_T
6:28535960_C_CA	6:32363215_T_C
6:28535960_C_CA	6:32368462_G_A
6:28535960_C_CA	6:32368689_C_CAA
6:28535960_C_CA	6:32375796_A_T
6:28535960_C_CA	6:32377824_C_G
6:28535960_C_CA	6:32378503_G_A
6:28535960_C_CA	6:32379383_G_A
6:28535960_C_CA	6:32380208_A_G
6:28535960_C_CA	6:32380830_G_C
6:28535960_C_CA	6:32381280_G_C
6:28535960_C_CA	6:32381852_GAA_G
6:28535960_C_CA	6:32381939_T_C
6:28535960_C_CA	6:32382363_AG_A
6:28535960_C_CA	6:32382609_C_G
6:28535960_C_CA	6:32382638_T_C
6:28535960_C_CA	6:32382749_A_G
6:28535960_C_CA	6:32383223_T_C
6:28535960_C_CA	6:32383246_T_G
6:28535960_C_CA	6:32383249_T_C
6:28535960_C_CA	6:32383341_A_C
6:28535960_C_CA	6:32383360_G_A
6:28535960_C_CA	6:32383488_T_A
6:28535960_C_CA	6:32383837_G_A
6:28535960_C_CA	6:32384077_C_T
6:28535960_C_CA	6:32384343_G_A
6:28535960_C_CA	6:32384500_C_T
6:28535960_C_CA	6:32384677_A_C
6:28535960_C_CA	6:32384900_T_C
6:28535960_C_CA	6:32385653_A_G
6:28535960_C_CA	6:32386061_C_T
6:28535960_C_CA	6:32386383_A_G
6:28535960_C_CA	6:32386417_C_CT
6:28535960_C_CA	6:32386495_T_C
6:28535960_C_CA	6:32386506_T_C
6:28535960_C_CA	6:32386643_G_A
6:28535960_C_CA	6:32386699_A_G
6:28535960_C_CA	6:32386707_T_C
6:28535960_C_CA	6:32387221_G_A
6:28535960_C_CA	6:32387278_T_A
6:28535960_C_CA	6:32387432_G_A
6:28535960_C_CA	6:32389545_A_G
6:28535960_C_CA	6:32389747_T_G
6:28535960_C_CA	6:32390196_T_C
6:28535960_C_CA	6:32390332_C_T
6:28535960_C_CA	6:32390748_C_T
6:28535960_C_CA	6:32391192_T_C
6:28535960_C_CA	6:32391309_TAA_T
6:28535960_C_CA	6:32392268_A_AT
6:28535960_C_CA	6:32392543_T_C
6:28535960_C_CA	6:32392877_C_T
6:28535960_C_CA	6:32393959_T_C
6:28535960_C_CA	6:32393999_A_AG
6:28535960_C_CA	6:32394027_A_G
6:28535960_C_CA	6:32394060_T_C
6:28535960_C_CA	6:32394313_A_C
6:28535960_C_CA	6:32394585_C_T
6:28535960_C_CA	6:32394845_G_A
6:28535960_C_CA	6:32395465_T_G
6:28535960_C_CA	6:32395656_A_T
6:28535960_C_CA	6:32395698_A_T
6:28535960_C_CA	6:32395835_A_G
6:28535960_C_CA	6:32396277_A_G
6:28535960_C_CA	6:32396313_C_T
6:28535960_C_CA	6:32397049_G_A
6:28535960_C_CA	6:32397712_A_C
6:28535960_C_CA	6:32398841_A_G
6:28535960_C_CA	6:32398872_T_G
6:28535960_C_CA	6:32398917_GTATACACATATACCATATGACA_G
6:28535960_C_CA	6:32398975_C_T
6:28535960_C_CA	6:32399022_A_G
6:28535960_C_CA	6:32399158_C_T
6:28535960_C_CA	6:32399337_T_C
6:28535960_C_CA	6:32399785_A_G
6:28535960_C_CA	6:32399842_T_C
6:28535960_C_CA	6:32401532_T_A
6:28535960_C_CA	6:32401534_C_T
6:28535960_C_CA	6:32403240_G_GT
6:28535960_C_CA	6:32403934_C_T
6:28535960_C_CA	6:32404043_A_G
6:28535960_C_CA	6:32404213_C_T
6:28535960_C_CA	6:32404878_T_G
6:28535960_C_CA	6:32405062_G_T
6:28535960_C_CA	6:32405076_G_C
6:28535960_C_CA	6:32406100_C_T
6:28535960_C_CA	6:32406412_C_G
6:28535960_C_CA	6:32406611_C_A
6:28535960_C_CA	6:32406887_C_T
6:28535960_C_CA	6:32407302_A_G
6:28535960_C_CA	6:32407310_T_G
6:28535960_C_CA	6:32407433_G_C
6:28535960_C_CA	6:32407440_T_C
6:28535960_C_CA	6:32407468_T_C
6:28535960_C_CA	6:32408907_G_A
6:28535960_C_CA	6:32409060_G_A
6:28535960_C_CA	6:32409188_GA_G
6:28535960_C_CA	6:32411971_TGAGTCTAGGGATCTAGAAAATACATTAGAATATG_T
6:28535960_C_CA	6:32412566_T_A
6:28535960_C_CA	6:32412592_G_A
6:28535960_C_CA	6:32412809_T_A
6:28535960_C_CA	6:32414435_C_T
6:28535960_C_CA	6:32415426_A_G
6:28535960_C_CA	6:32415777_CAT_C
6:28535960_C_CA	6:32415788_T_C
6:28535960_C_CA	6:32416467_G_A
6:28535960_C_CA	6:32416983_G_T
6:28535960_C_CA	6:32420138_C_A
6:28535960_C_CA	6:32420286_G_A
6:28535960_C_CA	6:32420801_T_G
6:28535960_C_CA	6:32421272_G_A
6:28535960_C_CA	6:32421469_G_A
6:28535960_C_CA	6:32422191_G_A
6:28535960_C_CA	6:32423399_A_G
6:28535960_C_CA	6:32423528_TC_T
6:28535960_C_CA	6:32424594_T_C
6:28535960_C_CA	6:32424992_C_T
6:28535960_C_CA	6:32426271_T_C
6:28535960_C_CA	6:32428804_C_T
6:28535960_C_CA	6:32428862_T_C
6:28535960_C_CA	6:32429087_A_C
6:28535960_C_CA	6:32429204_C_T
6:28535960_C_CA	6:32429477_G_A
6:28535960_C_CA	6:32429672_A_G
6:28535960_C_CA	6:32429675_G_A
6:28535960_C_CA	6:32429719_C_A
6:28535960_C_CA	6:32429739_A_G
6:28535960_C_CA	6:32429822_T_C
6:28535960_C_CA	6:32430362_C_G
6:28535960_C_CA	6:32430604_C_A
6:28535960_C_CA	6:32430729_C_T
6:28535960_C_CA	6:32430752_C_T
6:28535960_C_CA	6:32430800_A_G
6:28535960_C_CA	6:32430814_A_G
6:28535960_C_CA	6:32430867_G_A
6:28535960_C_CA	6:32430975_C_A
6:28535960_C_CA	6:32431105_A_G
6:28535960_C_CA	6:32431129_C_T
6:28535960_C_CA	6:32431292_T_A
6:28535960_C_CA	6:32431306_T_G
6:28535960_C_CA	6:32431828_G_A
6:28535960_C_CA	6:32431833_C_G
6:28535960_C_CA	6:32431896_A_G
6:28535960_C_CA	6:32431954_T_G
6:28535960_C_CA	6:32431962_A_G
6:28535960_C_CA	6:32431965_G_A
6:28535960_C_CA	6:32431979_C_T
6:28535960_C_CA	6:32431980_A_G
6:28535960_C_CA	6:32432044_C_A
6:28535960_C_CA	6:32432045_A_C
6:28535960_C_CA	6:32432049_T_C
6:28535960_C_CA	6:32432233_A_G
6:28535960_C_CA	6:32432234_G_A
6:28535960_C_CA	6:32432371_A_G
6:28535960_C_CA	6:32432406_A_G
6:28535960_C_CA	6:32432520_C_T
6:28535960_C_CA	6:32432565_C_T
6:28535960_C_CA	6:32432598_T_C
6:28535960_C_CA	6:32432615_A_G
6:28535960_C_CA	6:32432646_G_A
6:28535960_C_CA	6:32432664_T_G
6:28535960_C_CA	6:32432689_C_CT
6:28535960_C_CA	6:32432695_G_GTTT
6:28535960_C_CA	6:32432858_G_A
6:28535960_C_CA	6:32432993_T_C
6:28535960_C_CA	6:32433197_C_G
6:28535960_C_CA	6:32433256_T_C
6:28535960_C_CA	6:32433308_A_C
6:28535960_C_CA	6:32433312_A_G
6:28535960_C_CA	6:32433315_G_A
6:28535960_C_CA	6:32433318_C_T
6:28535960_C_CA	6:32433400_G_A
6:28535960_C_CA	6:32433538_C_T
6:28535960_C_CA	6:32433561_G_A
6:28535960_C_CA	6:32433965_CT_C
6:28535960_C_CA	6:32433981_C_T
6:28535960_C_CA	6:32434008_A_G
6:28535960_C_CA	6:32434058_G_A
6:28535960_C_CA	6:32434077_T_C
6:28535960_C_CA	6:32434101_G_A
6:28535960_C_CA	6:32434147_G_T
6:28535960_C_CA	6:32434156_A_C
6:28535960_C_CA	6:32434262_A_G
6:28535960_C_CA	6:32434272_T_C
6:28535960_C_CA	6:32434273_C_A
6:28535960_C_CA	6:32434639_G_A
6:28535960_C_CA	6:32434669_T_TGTGAA
6:28535960_C_CA	6:32434731_T_A
6:28535960_C_CA	6:32434830_C_T
6:28535960_C_CA	6:32434844_A_T
6:28535960_C_CA	6:32434874_A_T
6:28535960_C_CA	6:32435107_GA_G
6:28535960_C_CA	6:32435123_A_G
6:28535960_C_CA	6:32435131_C_T
6:28535960_C_CA	6:32435159_C_T
6:28535960_C_CA	6:32435170_C_T
6:28535960_C_CA	6:32435376_G_T
6:28535960_C_CA	6:32435404_C_T
6:28535960_C_CA	6:32435423_T_C
6:28535960_C_CA	6:32435523_C_T
6:28535960_C_CA	6:32435584_C_T
6:28535960_C_CA	6:32435595_A_G
6:28535960_C_CA	6:32436214_C_A
6:28535960_C_CA	6:32437069_T_A
6:28535960_C_CA	6:32437433_G_A
6:28535960_C_CA	6:32437531_T_C
6:28535960_C_CA	6:32437544_C_A
6:28535960_C_CA	6:32437684_A_T
6:28535960_C_CA	6:32437747_T_C
6:28535960_C_CA	6:32437754_G_A
6:28535960_C_CA	6:32437859_C_A
6:28535960_C_CA	6:32437912_C_T
6:28535960_C_CA	6:32437917_T_C
6:28535960_C_CA	6:32438049_A_C
6:28535960_C_CA	6:32438080_A_G
6:28535960_C_CA	6:32438340_AC_A
6:28535960_C_CA	6:32438598_T_C
6:28535960_C_CA	6:32438677_G_A
6:28535960_C_CA	6:32438715_G_C
6:28535960_C_CA	6:32438741_C_T
6:28535960_C_CA	6:32438792_C_T
6:28535960_C_CA	6:32438850_T_C
6:28535960_C_CA	6:32439048_C_T
6:28535960_C_CA	6:32439068_G_C
6:28535960_C_CA	6:32439096_G_A
6:28535960_C_CA	6:32439121_G_A
6:28535960_C_CA	6:32439508_G_A
6:28535960_C_CA	6:32439753_T_A
6:28535960_C_CA	6:32439865_A_G
6:28535960_C_CA	6:32439915_T_C
6:28535960_C_CA	6:32440771_A_G
6:28535960_C_CA	6:32441934_T_C
6:28535960_C_CA	6:32442157_T_C
6:28535960_C_CA	6:32442167_C_G
6:28535960_C_CA	6:32442281_C_CTT
6:28535960_C_CA	6:32442296_C_T
6:28535960_C_CA	6:32442436_T_C
6:28535960_C_CA	6:32442538_TG_T
6:28535960_C_CA	6:32442711_A_C
6:28535960_C_CA	6:32442741_G_C
6:28535960_C_CA	6:32443032_G_A
6:28535960_C_CA	6:32443034_G_C
6:28535960_C_CA	6:32443131_C_T
6:28535960_C_CA	6:32443210_G_A
6:28535960_C_CA	6:32443223_G_A
6:28535960_C_CA	6:32443358_A_G
6:28535960_C_CA	6:32443368_C_G
6:28535960_C_CA	6:32443387_T_A
6:28535960_C_CA	6:32443433_C_T
6:28535960_C_CA	6:32443797_A_G
6:28535960_C_CA	6:32444040_T_A
6:28535960_C_CA	6:32444051_TTCTA_T
6:28535960_C_CA	6:32444455_T_C
6:28535960_C_CA	6:32444506_G_A
6:28535960_C_CA	6:32444952_T_C
6:28535960_C_CA	6:32444968_G_A
6:28535960_C_CA	6:32444971_A_C
6:28535960_C_CA	6:32445145_T_G
6:28535960_C_CA	6:32445249_C_T
6:28535960_C_CA	6:32445388_CAAAAA_C
6:28535960_C_CA	6:32445499_C_T
6:28535960_C_CA	6:32445526_C_T
6:28535960_C_CA	6:32445530_T_G
6:28535960_C_CA	6:32445650_T_A
6:28535960_C_CA	6:32445658_A_T
6:28535960_C_CA	6:32445926_G_T
6:28535960_C_CA	6:32446025_G_A
6:28535960_C_CA	6:32446203_A_C
6:28535960_C_CA	6:32446228_G_A
6:28535960_C_CA	6:32446518_C_T
6:28535960_C_CA	6:32446840_T_C
6:28535960_C_CA	6:32446971_G_A
6:28535960_C_CA	6:32447058_C_T
6:28535960_C_CA	6:32447120_G_A
6:28535960_C_CA	6:32447574_G_A
6:28535960_C_CA	6:32447709_A_G
6:28535960_C_CA	6:32447953_G_A
6:28535960_C_CA	6:32448652_T_C
6:28535960_C_CA	6:32449974_C_T
6:28535960_C_CA	6:32450249_T_A
6:28535960_C_CA	6:32450250_G_A
6:28535960_C_CA	6:32450273_T_G
6:28535960_C_CA	6:32450357_A_T
6:28535960_C_CA	6:32450851_T_G
6:28535960_C_CA	6:32450967_AT_A
6:28535960_C_CA	6:32451613_A_C
6:28535960_C_CA	6:32451730_A_G
6:28535960_C_CA	6:32451760_A_T
6:28535960_C_CA	6:32451888_A_G
6:28535960_C_CA	6:32451922_T_TCAC
6:28535960_C_CA	6:32451944_A_G
6:28535960_C_CA	6:32452005_A_G
6:28535960_C_CA	6:32452051_C_G
6:28535960_C_CA	6:32452406_A_G
6:28535960_C_CA	6:32452407_C_T
6:28535960_C_CA	6:32452443_G_A
6:28535960_C_CA	6:32452501_T_C
6:28535960_C_CA	6:32452562_A_G
6:28535960_C_CA	6:32452609_C_A
6:28535960_C_CA	6:32452831_T_G
6:28535960_C_CA	6:32452857_A_G
6:28535960_C_CA	6:32453000_A_G
6:28535960_C_CA	6:32453064_A_G
6:28535960_C_CA	6:32453409_T_C
6:28535960_C_CA	6:32453590_G_A
6:28535960_C_CA	6:32453819_C_T
6:28535960_C_CA	6:32454061_C_T
6:28535960_C_CA	6:32454293_T_A
6:28535960_C_CA	6:32454428_A_G
6:28535960_C_CA	6:32500957_A_T
6:28535960_C_CA	6:32501658_G_A
6:28535960_C_CA	6:32501811_T_C
6:28535960_C_CA	6:32504955_G_T
6:28535960_C_CA	6:32509842_C_A
6:28535960_C_CA	6:32511456_G_C
6:28535960_C_CA	6:32512291_C_G
6:28535960_C_CA	6:32518235_T_C
6:28535960_C_CA	6:32521117_T_C
6:28535960_C_CA	6:32527045_T_G
6:28535960_C_CA	6:32548141_T_G
6:28535960_C_CA	6:32549313_G_T
6:28535960_C_CA	6:32555721_T_C
6:28535960_C_CA	6:32555722_G_A
6:28535960_C_CA	6:32557922_AGTGAGT_A
6:28535960_C_CA	6:32558757_A_G
6:28535960_C_CA	6:32558908_C_T
6:28535960_C_CA	6:32559007_A_T
6:28535960_C_CA	6:32560341_T_C
6:28535960_C_CA	6:32560757_G_T
6:28535960_C_CA	6:32560774_C_T
6:28535960_C_CA	6:32560775_A_G
6:28535960_C_CA	6:32560984_C_T
6:28535960_C_CA	6:32561014_T_G
6:28535960_C_CA	6:32561693_C_T
6:28535960_C_CA	6:32561915_T_C
6:28535960_C_CA	6:32564800_T_C
6:28535960_C_CA	6:32564869_C_T
6:28535960_C_CA	6:32565051_A_T
6:28535960_C_CA	6:32565068_GT_G
6:28535960_C_CA	6:32565075_C_T
6:28535960_C_CA	6:32565106_T_C
6:28535960_C_CA	6:32565115_C_A
6:28535960_C_CA	6:32565154_C_G
6:28535960_C_CA	6:32565236_C_T
6:28535960_C_CA	6:32565272_T_A
6:28535960_C_CA	6:32565283_G_A
6:28535960_C_CA	6:32565331_A_C
6:28535960_C_CA	6:32565443_G_T
6:28535960_C_CA	6:32565505_A_T
6:28535960_C_CA	6:32565533_G_A
6:28535960_C_CA	6:32565624_C_CG
6:28535960_C_CA	6:32565625_C_G
6:28535960_C_CA	6:32565648_A_C
6:28535960_C_CA	6:32565650_A_G
6:28535960_C_CA	6:32565657_T_C
6:28535960_C_CA	6:32565658_G_T
6:28535960_C_CA	6:32565707_G_T
6:28535960_C_CA	6:32565773_T_C
6:28535960_C_CA	6:32565805_A_C
6:28535960_C_CA	6:32565808_G_A
6:28535960_C_CA	6:32565884_C_T
6:28535960_C_CA	6:32565905_C_T
6:28535960_C_CA	6:32565940_G_A
6:28535960_C_CA	6:32565946_T_G
6:28535960_C_CA	6:32565966_A_T
6:28535960_C_CA	6:32566021_T_G
6:28535960_C_CA	6:32566072_T_C
6:28535960_C_CA	6:32566076_C_T
6:28535960_C_CA	6:32566077_A_G
6:28535960_C_CA	6:32566087_A_G
6:28535960_C_CA	6:32566089_T_G
6:28535960_C_CA	6:32566101_A_G
6:28535960_C_CA	6:32566232_G_T
6:28535960_C_CA	6:32566294_T_C
6:28535960_C_CA	6:32566306_T_C
6:28535960_C_CA	6:32566497_G_A
6:28535960_C_CA	6:32566649_T_C
6:28535960_C_CA	6:32567316_T_G
6:28535960_C_CA	6:32567321_A_T
6:28535960_C_CA	6:32567508_G_A
6:28535960_C_CA	6:32567757_G_A
6:28535960_C_CA	6:32567795_A_G
6:28535960_C_CA	6:32567946_C_T
6:28535960_C_CA	6:32567956_T_C
6:28535960_C_CA	6:32568063_G_A
6:28535960_C_CA	6:32568150_C_T
6:28535960_C_CA	6:32568264_G_A
6:28535960_C_CA	6:32568284_C_T
6:28535960_C_CA	6:32568426_C_T
6:28535960_C_CA	6:32568907_T_A
6:28535960_C_CA	6:32568910_T_A
6:28535960_C_CA	6:32568964_G_T
6:28535960_C_CA	6:32568967_T_C
6:28535960_C_CA	6:32568990_A_G
6:28535960_C_CA	6:32569111_A_G
6:28535960_C_CA	6:32569119_A_G
6:28535960_C_CA	6:32569174_C_T
6:28535960_C_CA	6:32569208_G_A
6:28535960_C_CA	6:32569293_G_A
6:28535960_C_CA	6:32569318_C_T
6:28535960_C_CA	6:32569415_G_A
6:28535960_C_CA	6:32570149_A_G
6:28535960_C_CA	6:32570817_T_A
6:28535960_C_CA	6:32570979_G_A
6:28535960_C_CA	6:32571102_CT_C
6:28535960_C_CA	6:32571117_A_G
6:28535960_C_CA	6:32571166_A_G
6:28535960_C_CA	6:32571419_C_CA
6:28535960_C_CA	6:32573539_G_C
6:28535960_C_CA	6:32573629_A_G
6:28535960_C_CA	6:32573726_A_G
6:28535960_C_CA	6:32573728_A_G
6:28535960_C_CA	6:32573941_A_G
6:28535960_C_CA	6:32574190_A_G
6:28535960_C_CA	6:32574305_G_A
6:28535960_C_CA	6:32574542_G_GTATAACTGAT
6:28535960_C_CA	6:32574664_GAC_G
6:28535960_C_CA	6:32574736_G_A
6:28535960_C_CA	6:32575391_G_C
6:28535960_C_CA	6:32575493_C_G
6:28535960_C_CA	6:32575746_G_T
6:28535960_C_CA	6:32576446_C_T
6:28535960_C_CA	6:32576538_T_C
6:28535960_C_CA	6:32576721_G_A
6:28535960_C_CA	6:32576726_C_T
6:28535960_C_CA	6:32577001_A_G
6:28535960_C_CA	6:32577633_G_C
6:28535960_C_CA	6:32577641_G_T
6:28535960_C_CA	6:32577858_G_A
6:28535960_C_CA	6:32578143_T_C
6:28535960_C_CA	6:32578229_C_T
6:28535960_C_CA	6:32578278_C_T
6:28535960_C_CA	6:32578314_T_C
6:28535960_C_CA	6:32578320_C_T
6:28535960_C_CA	6:32578369_C_A
6:28535960_C_CA	6:32578653_A_G
6:28535960_C_CA	6:32578656_C_T
6:28535960_C_CA	6:32578917_A_T
6:28535960_C_CA	6:32579285_A_C
6:28535960_C_CA	6:32579373_G_A
6:28535960_C_CA	6:32579567_C_A
6:28535960_C_CA	6:32579651_A_G
6:28535960_C_CA	6:32579702_C_T
6:28535960_C_CA	6:32580007_G_A
6:28535960_C_CA	6:32580028_G_A
6:28535960_C_CA	6:32580321_C_T
6:28535960_C_CA	6:32580322_A_G
6:28535960_C_CA	6:32580571_C_T
6:28535960_C_CA	6:32580585_A_G
6:28535960_C_CA	6:32580632_T_C
6:28535960_C_CA	6:32580790_T_C
6:28535960_C_CA	6:32580869_C_G
6:28535960_C_CA	6:32581047_T_A
6:28535960_C_CA	6:32581614_C_T
6:28535960_C_CA	6:32582194_C_T
6:28535960_C_CA	6:32582451_C_T
6:28535960_C_CA	6:32582527_C_T
6:28535960_C_CA	6:32582640_G_A
6:28535960_C_CA	6:32582678_C_T
6:28535960_C_CA	6:32582711_A_C
6:28535960_C_CA	6:32582938_AG_A
6:28535960_C_CA	6:32583122_G_C
6:28535960_C_CA	6:32583198_T_A
6:28535960_C_CA	6:32583328_T_C
6:28535960_C_CA	6:32583401_C_A
6:28535960_C_CA	6:32583742_G_A
6:28535960_C_CA	6:32583831_G_C
6:28535960_C_CA	6:32583938_T_C
6:28535960_C_CA	6:32584440_C_T
6:28535960_C_CA	6:32586420_A_G
6:28535960_C_CA	6:32586437_T_C
6:28535960_C_CA	6:32586992_G_T
6:28535960_C_CA	6:32586995_C_T
6:28535960_C_CA	6:32586998_C_G
6:28535960_C_CA	6:32587001_C_T
6:28535960_C_CA	6:32587038_G_A
6:28535960_C_CA	6:32587165_T_G
6:28535960_C_CA	6:32587333_C_T
6:28535960_C_CA	6:32587456_A_G
6:28535960_C_CA	6:32587525_A_G
6:28535960_C_CA	6:32587535_T_C
6:28535960_C_CA	6:32587584_T_C
6:28535960_C_CA	6:32587605_C_T
6:28535960_C_CA	6:32587645_A_G
6:28535960_C_CA	6:32587685_C_T
6:28535960_C_CA	6:32587818_T_C
6:28535960_C_CA	6:32587922_T_C
6:28535960_C_CA	6:32587983_A_G
6:28535960_C_CA	6:32587984_C_T
6:28535960_C_CA	6:32588117_A_AT
6:28535960_C_CA	6:32588166_G_A
6:28535960_C_CA	6:32588263_A_C
6:28535960_C_CA	6:32588501_T_C
6:28535960_C_CA	6:32588703_G_C
6:28535960_C_CA	6:32588905_G_T
6:28535960_C_CA	6:32589820_A_C
6:28535960_C_CA	6:32589862_G_A
6:28535960_C_CA	6:32589923_C_T
6:28535960_C_CA	6:32589982_C_T
6:28535960_C_CA	6:32589983_G_A
6:28535960_C_CA	6:32590153_C_T
6:28535960_C_CA	6:32590274_T_A
6:28535960_C_CA	6:32590364_C_T
6:28535960_C_CA	6:32590411_G_A
6:28535960_C_CA	6:32590482_C_G
6:28535960_C_CA	6:32590771_T_C
6:28535960_C_CA	6:32590925_G_A
6:28535960_C_CA	6:32591476_C_T
6:28535960_C_CA	6:32591531_A_AC
6:28535960_C_CA	6:32591601_C_T
6:28535960_C_CA	6:32591609_A_G
6:28535960_C_CA	6:32591654_A_G
6:28535960_C_CA	6:32591666_C_T
6:28535960_C_CA	6:32591686_A_G
6:28535960_C_CA	6:32591689_GCA_G
6:28535960_C_CA	6:32591773_G_A
6:28535960_C_CA	6:32591944_C_A
6:28535960_C_CA	6:32591949_C_T
6:28535960_C_CA	6:32592072_T_G
6:28535960_C_CA	6:32592358_C_T
6:28535960_C_CA	6:32592556_A_C
6:28535960_C_CA	6:32592574_T_A
6:28535960_C_CA	6:32592582_T_C
6:28535960_C_CA	6:32592593_G_A
6:28535960_C_CA	6:32592636_G_A
6:28535960_C_CA	6:32592693_T_C
6:28535960_C_CA	6:32592774_G_T
6:28535960_C_CA	6:32593006_A_G
6:28535960_C_CA	6:32593010_C_A
6:28535960_C_CA	6:32593085_T_C
6:28535960_C_CA	6:32593179_A_G
6:28535960_C_CA	6:32593349_C_G
6:28535960_C_CA	6:32593356_C_T
6:28535960_C_CA	6:32593430_A_T
6:28535960_C_CA	6:32593432_G_A
6:28535960_C_CA	6:32593434_T_G
6:28535960_C_CA	6:32593441_C_T
6:28535960_C_CA	6:32593442_A_G
6:28535960_C_CA	6:32593453_A_G
6:28535960_C_CA	6:32593585_G_A
6:28535960_C_CA	6:32593692_C_T
6:28535960_C_CA	6:32594098_G_A
6:28535960_C_CA	6:32594152_T_C
6:28535960_C_CA	6:32594160_G_T
6:28535960_C_CA	6:32594295_G_T
6:28535960_C_CA	6:32594354_T_C
6:28535960_C_CA	6:32594395_T_G
6:28535960_C_CA	6:32594396_G_T
6:28535960_C_CA	6:32594399_A_G
6:28535960_C_CA	6:32594452_T_G
6:28535960_C_CA	6:32594535_T_C
6:28535960_C_CA	6:32594547_G_A
6:28535960_C_CA	6:32594562_G_A
6:28535960_C_CA	6:32594650_CA_C
6:28535960_C_CA	6:32594709_A_T
6:28535960_C_CA	6:32594718_T_C
6:28535960_C_CA	6:32594734_A_G
6:28535960_C_CA	6:32594768_G_A
6:28535960_C_CA	6:32594775_G_A
6:28535960_C_CA	6:32594810_G_A
6:28535960_C_CA	6:32594843_C_T
6:28535960_C_CA	6:32594855_G_A
6:28535960_C_CA	6:32594898_C_T
6:28535960_C_CA	6:32594915_A_G
6:28535960_C_CA	6:32594957_G_T
6:28535960_C_CA	6:32594980_T_A
6:28535960_C_CA	6:32594986_TA_T
6:28535960_C_CA	6:32594993_A_G
6:28535960_C_CA	6:32595027_A_G
6:28535960_C_CA	6:32595118_G_A
6:28535960_C_CA	6:32595119_T_C
6:28535960_C_CA	6:32595120_G_A
6:28535960_C_CA	6:32595147_C_T
6:28535960_C_CA	6:32595223_A_G
6:28535960_C_CA	6:32595231_T_G
6:28535960_C_CA	6:32595278_C_T
6:28535960_C_CA	6:32595287_C_T
6:28535960_C_CA	6:32595333_A_C
6:28535960_C_CA	6:32595334_G_A
6:28535960_C_CA	6:32595345_G_A
6:28535960_C_CA	6:32595360_G_T
6:28535960_C_CA	6:32595367_C_T
6:28535960_C_CA	6:32595368_A_G
6:28535960_C_CA	6:32595375_T_C
6:28535960_C_CA	6:32595376_G_A
6:28535960_C_CA	6:32595377_C_T
6:28535960_C_CA	6:32595448_A_G
6:28535960_C_CA	6:32595469_T_C
6:28535960_C_CA	6:32595474_T_C
6:28535960_C_CA	6:32595489_C_T
6:28535960_C_CA	6:32595604_G_A
6:28535960_C_CA	6:32595605_C_T
6:28535960_C_CA	6:32595610_G_A
6:28535960_C_CA	6:32595628_T_C
6:28535960_C_CA	6:32595629_C_T
6:28535960_C_CA	6:32595633_C_T
6:28535960_C_CA	6:32595732_T_C
6:28535960_C_CA	6:32595747_G_A
6:28535960_C_CA	6:32595779_C_A
6:28535960_C_CA	6:32595783_G_T
6:28535960_C_CA	6:32595813_G_C
6:28535960_C_CA	6:32595859_G_T
6:28535960_C_CA	6:32595906_T_C
6:28535960_C_CA	6:32595907_G_A
6:28535960_C_CA	6:32595954_G_A
6:28535960_C_CA	6:32595972_G_A
6:28535960_C_CA	6:32596007_A_G
6:28535960_C_CA	6:32596027_C_T
6:28535960_C_CA	6:32596038_C_G
6:28535960_C_CA	6:32596040_A_G
6:28535960_C_CA	6:32596041_G_A
6:28535960_C_CA	6:32596048_G_A
6:28535960_C_CA	6:32596074_CAG_C
6:28535960_C_CA	6:32596123_C_T
6:28535960_C_CA	6:32596131_C_T
6:28535960_C_CA	6:32596159_A_ACTTACAG
6:28535960_C_CA	6:32596177_A_T
6:28535960_C_CA	6:32596183_T_C
6:28535960_C_CA	6:32596207_C_T
6:28535960_C_CA	6:32596222_T_A
6:28535960_C_CA	6:32596232_GA_G
6:28535960_C_CA	6:32596238_T_C
6:28535960_C_CA	6:32596294_T_C
6:28535960_C_CA	6:32596336_T_G
6:28535960_C_CA	6:32596352_C_T
6:28535960_C_CA	6:32596423_A_G
6:28535960_C_CA	6:32596430_T_G
6:28535960_C_CA	6:32596431_C_G
6:28535960_C_CA	6:32596444_G_A
6:28535960_C_CA	6:32596648_G_A
6:28535960_C_CA	6:32596650_A_C
6:28535960_C_CA	6:32596661_TG_T
6:28535960_C_CA	6:32596677_A_G
6:28535960_C_CA	6:32596714_T_C
6:28535960_C_CA	6:32596717_T_A
6:28535960_C_CA	6:32596773_A_T
6:28535960_C_CA	6:32596817_TTC_T
6:28535960_C_CA	6:32596831_T_C
6:28535960_C_CA	6:32596870_A_G
6:28535960_C_CA	6:32596921_T_C
6:28535960_C_CA	6:32596951_T_C
6:28535960_C_CA	6:32596966_A_G
6:28535960_C_CA	6:32597034_G_A
6:28535960_C_CA	6:32597096_AAC_A
6:28535960_C_CA	6:32597105_C_A
6:28535960_C_CA	6:32597172_G_A
6:28535960_C_CA	6:32597216_T_C
6:28535960_C_CA	6:32597281_G_A
6:28535960_C_CA	6:32597335_T_C
6:28535960_C_CA	6:32597372_G_A
6:28535960_C_CA	6:32597377_T_C
6:28535960_C_CA	6:32597385_C_T
6:28535960_C_CA	6:32597412_G_A
6:28535960_C_CA	6:32597434_T_C
6:28535960_C_CA	6:32597453_G_A
6:28535960_C_CA	6:32597464_T_C
6:28535960_C_CA	6:32597473_T_C
6:28535960_C_CA	6:32597507_C_T
6:28535960_C_CA	6:32597529_T_G
6:28535960_C_CA	6:32597550_T_A
6:28535960_C_CA	6:32597561_G_A
6:28535960_C_CA	6:32597567_G_T
6:28535960_C_CA	6:32597617_T_C
6:28535960_C_CA	6:32597623_G_A
6:28535960_C_CA	6:32597632_T_C
6:28535960_C_CA	6:32597635_T_C
6:28535960_C_CA	6:32597636_G_A
6:28535960_C_CA	6:32597639_T_C
6:28535960_C_CA	6:32597640_G_A
6:28535960_C_CA	6:32597647_G_T
6:28535960_C_CA	6:32597669_A_G
6:28535960_C_CA	6:32597679_C_T
6:28535960_C_CA	6:32597700_G_A
6:28535960_C_CA	6:32597716_A_G
6:28535960_C_CA	6:32597725_G_A
6:28535960_C_CA	6:32597729_C_T
6:28535960_C_CA	6:32597735_C_T
6:28535960_C_CA	6:32597738_A_G
6:28535960_C_CA	6:32597777_G_A
6:28535960_C_CA	6:32597821_TG_T
6:28535960_C_CA	6:32597832_T_G
6:28535960_C_CA	6:32597834_C_T
6:28535960_C_CA	6:32597901_A_G
6:28535960_C_CA	6:32597924_A_G
6:28535960_C_CA	6:32597940_A_G
6:28535960_C_CA	6:32597964_G_A
6:28535960_C_CA	6:32597992_A_G
6:28535960_C_CA	6:32597993_C_T
6:28535960_C_CA	6:32598009_TC_T
6:28535960_C_CA	6:32598038_C_T
6:28535960_C_CA	6:32598042_G_A
6:28535960_C_CA	6:32598063_C_T
6:28535960_C_CA	6:32598156_G_A
6:28535960_C_CA	6:32598161_G_GTATC
6:28535960_C_CA	6:32598224_C_T
6:28535960_C_CA	6:32598262_G_A
6:28535960_C_CA	6:32598299_G_A
6:28535960_C_CA	6:32598314_ATTTG_A
6:28535960_C_CA	6:32598346_C_T
6:28535960_C_CA	6:32598405_C_T
6:28535960_C_CA	6:32598432_TGCAGAA_T
6:28535960_C_CA	6:32598478_T_C
6:28535960_C_CA	6:32598479_T_C
6:28535960_C_CA	6:32598504_C_T
6:28535960_C_CA	6:32598529_A_G
6:28535960_C_CA	6:32598558_C_G
6:28535960_C_CA	6:32598618_A_G
6:28535960_C_CA	6:32598622_C_G
6:28535960_C_CA	6:32598706_C_T
6:28535960_C_CA	6:32598707_C_G
6:28535960_C_CA	6:32598764_C_G
6:28535960_C_CA	6:32598779_T_C
6:28535960_C_CA	6:32598782_C_G
6:28535960_C_CA	6:32598814_C_T
6:28535960_C_CA	6:32598841_G_A
6:28535960_C_CA	6:32598844_G_C
6:28535960_C_CA	6:32598903_A_G
6:28535960_C_CA	6:32598906_G_A
6:28535960_C_CA	6:32598917_A_C
6:28535960_C_CA	6:32598946_T_G
6:28535960_C_CA	6:32598971_C_A
6:28535960_C_CA	6:32599006_C_T
6:28535960_C_CA	6:32599031_T_A
6:28535960_C_CA	6:32599039_G_A
6:28535960_C_CA	6:32599045_T_G
6:28535960_C_CA	6:32599155_A_G
6:28535960_C_CA	6:32599164_C_A
6:28535960_C_CA	6:32599176_T_A
6:28535960_C_CA	6:32599180_G_A
6:28535960_C_CA	6:32599190_T_A
6:28535960_C_CA	6:32599197_T_C
6:28535960_C_CA	6:32599223_T_C
6:28535960_C_CA	6:32599237_G_A
6:28535960_C_CA	6:32599250_G_A
6:28535960_C_CA	6:32599265_G_A
6:28535960_C_CA	6:32599303_C_T
6:28535960_C_CA	6:32599338_C_T
6:28535960_C_CA	6:32599352_T_G
6:28535960_C_CA	6:32599374_C_A
6:28535960_C_CA	6:32599401_C_A
6:28535960_C_CA	6:32599425_T_A
6:28535960_C_CA	6:32599485_T_G
6:28535960_C_CA	6:32599487_G_C
6:28535960_C_CA	6:32599512_A_T
6:28535960_C_CA	6:32599563_A_G
6:28535960_C_CA	6:32599570_C_T
6:28535960_C_CA	6:32599571_A_G
6:28535960_C_CA	6:32599593_A_G
6:28535960_C_CA	6:32599624_C_T
6:28535960_C_CA	6:32599625_A_G
6:28535960_C_CA	6:32599632_C_T
6:28535960_C_CA	6:32599633_A_G
6:28535960_C_CA	6:32599655_T_C
6:28535960_C_CA	6:32599680_C_T
6:28535960_C_CA	6:32599685_T_C
6:28535960_C_CA	6:32599688_C_T
6:28535960_C_CA	6:32599717_A_G
6:28535960_C_CA	6:32599736_T_C
6:28535960_C_CA	6:32599745_G_C
6:28535960_C_CA	6:32599756_T_C
6:28535960_C_CA	6:32599777_C_T
6:28535960_C_CA	6:32599781_T_C
6:28535960_C_CA	6:32599782_G_A
6:28535960_C_CA	6:32599784_T_C
6:28535960_C_CA	6:32599786_C_T
6:28535960_C_CA	6:32599787_T_G
6:28535960_C_CA	6:32599813_T_G
6:28535960_C_CA	6:32599824_C_T
6:28535960_C_CA	6:32599830_T_C
6:28535960_C_CA	6:32599837_CTCA_C
6:28535960_C_CA	6:32599896_C_T
6:28535960_C_CA	6:32599918_T_C
6:28535960_C_CA	6:32599945_T_TAACA
6:28535960_C_CA	6:32600228_T_C
6:28535960_C_CA	6:32600253_G_T
6:28535960_C_CA	6:32600287_T_C
6:28535960_C_CA	6:32600291_T_C
6:28535960_C_CA	6:32600317_T_C
6:28535960_C_CA	6:32600411_C_T
6:28535960_C_CA	6:32600448_C_T
6:28535960_C_CA	6:32600470_T_C
6:28535960_C_CA	6:32600482_GT_G
6:28535960_C_CA	6:32600501_A_G
6:28535960_C_CA	6:32600556_G_C
6:28535960_C_CA	6:32600573_C_T
6:28535960_C_CA	6:32600581_G_A
6:28535960_C_CA	6:32600584_T_G
6:28535960_C_CA	6:32600589_G_C
6:28535960_C_CA	6:32600595_T_C
6:28535960_C_CA	6:32600601_C_A
6:28535960_C_CA	6:32600602_C_T
6:28535960_C_CA	6:32600638_A_G
6:28535960_C_CA	6:32600677_A_G
6:28535960_C_CA	6:32600694_G_A
6:28535960_C_CA	6:32600705_C_G
6:28535960_C_CA	6:32600723_G_A
6:28535960_C_CA	6:32600730_C_T
6:28535960_C_CA	6:32600738_A_C
6:28535960_C_CA	6:32600757_G_A
6:28535960_C_CA	6:32600765_G_A
6:28535960_C_CA	6:32600797_C_A
6:28535960_C_CA	6:32600800_G_C
6:28535960_C_CA	6:32600803_T_C
6:28535960_C_CA	6:32600817_T_G
6:28535960_C_CA	6:32600881_A_G
6:28535960_C_CA	6:32600914_T_C
6:28535960_C_CA	6:32600976_A_G
6:28535960_C_CA	6:32600980_G_C
6:28535960_C_CA	6:32601000_T_A
6:28535960_C_CA	6:32601005_A_G
6:28535960_C_CA	6:32601007_G_A
6:28535960_C_CA	6:32601018_T_C
6:28535960_C_CA	6:32601019_G_A
6:28535960_C_CA	6:32601043_T_C
6:28535960_C_CA	6:32601081_T_C
6:28535960_C_CA	6:32601122_G_A
6:28535960_C_CA	6:32601130_G_A
6:28535960_C_CA	6:32601139_A_G
6:28535960_C_CA	6:32601140_G_A
6:28535960_C_CA	6:32601146_C_T
6:28535960_C_CA	6:32601154_A_C
6:28535960_C_CA	6:32601170_G_C
6:28535960_C_CA	6:32601209_T_C
6:28535960_C_CA	6:32601212_G_A
6:28535960_C_CA	6:32601243_C_G
6:28535960_C_CA	6:32601249_A_G
6:28535960_C_CA	6:32601260_G_C
6:28535960_C_CA	6:32601268_T_C
6:28535960_C_CA	6:32601307_C_T
6:28535960_C_CA	6:32601333_C_T
6:28535960_C_CA	6:32601361_T_C
6:28535960_C_CA	6:32601427_C_G
6:28535960_C_CA	6:32601451_T_C
6:28535960_C_CA	6:32601461_C_T
6:28535960_C_CA	6:32601564_G_A
6:28535960_C_CA	6:32601604_C_T
6:28535960_C_CA	6:32601620_G_A
6:28535960_C_CA	6:32601635_C_T
6:28535960_C_CA	6:32601688_C_G
6:28535960_C_CA	6:32601737_A_AG
6:28535960_C_CA	6:32601769_G_T
6:28535960_C_CA	6:32601775_A_G
6:28535960_C_CA	6:32601785_T_G
6:28535960_C_CA	6:32601825_A_G
6:28535960_C_CA	6:32601830_A_G
6:28535960_C_CA	6:32601840_C_T
6:28535960_C_CA	6:32601842_A_T
6:28535960_C_CA	6:32601852_A_G
6:28535960_C_CA	6:32601875_A_G
6:28535960_C_CA	6:32601885_C_T
6:28535960_C_CA	6:32601886_A_G
6:28535960_C_CA	6:32601915_G_A
6:28535960_C_CA	6:32601933_C_T
6:28535960_C_CA	6:32601966_T_C
6:28535960_C_CA	6:32601977_A_C
6:28535960_C_CA	6:32602033_G_A
6:28535960_C_CA	6:32602039_T_A
6:28535960_C_CA	6:32602058_CCTTG_C
6:28535960_C_CA	6:32602096_G_A
6:28535960_C_CA	6:32602131_A_G
6:28535960_C_CA	6:32602238_C_T
6:28535960_C_CA	6:32602306_G_A
6:28535960_C_CA	6:32602334_C_A
6:28535960_C_CA	6:32602336_G_A
6:28535960_C_CA	6:32602352_C_T
6:28535960_C_CA	6:32602372_G_T
6:28535960_C_CA	6:32602568_C_T
6:28535960_C_CA	6:32602602_C_A
6:28535960_C_CA	6:32602617_C_T
6:28535960_C_CA	6:32602630_C_T
6:28535960_C_CA	6:32602686_G_A
6:28535960_C_CA	6:32602691_G_A
6:28535960_C_CA	6:32602698_C_T
6:28535960_C_CA	6:32602702_T_C
6:28535960_C_CA	6:32602760_A_C
6:28535960_C_CA	6:32602777_C_T
6:28535960_C_CA	6:32602778_A_G
6:28535960_C_CA	6:32602779_G_A
6:28535960_C_CA	6:32602787_G_A
6:28535960_C_CA	6:32602790_T_C
6:28535960_C_CA	6:32602827_GCAGCCCCT_G
6:28535960_C_CA	6:32602857_A_G
6:28535960_C_CA	6:32602860_G_T
6:28535960_C_CA	6:32602903_G_C
6:28535960_C_CA	6:32602924_G_A
6:28535960_C_CA	6:32602941_G_A
6:28535960_C_CA	6:32602952_T_A
6:28535960_C_CA	6:32602958_A_T
6:28535960_C_CA	6:32602966_A_G
6:28535960_C_CA	6:32603028_G_T
6:28535960_C_CA	6:32603098_C_T
6:28535960_C_CA	6:32603133_C_T
6:28535960_C_CA	6:32603169_T_C
6:28535960_C_CA	6:32603189_C_T
6:28535960_C_CA	6:32603191_G_T
6:28535960_C_CA	6:32603192_A_G
6:28535960_C_CA	6:32603236_T_A
6:28535960_C_CA	6:32603242_G_A
6:28535960_C_CA	6:32603291_A_T
6:28535960_C_CA	6:32603295_G_A
6:28535960_C_CA	6:32603295_G_C
6:28535960_C_CA	6:32603309_A_G
6:28535960_C_CA	6:32603412_C_T
6:28535960_C_CA	6:32603414_TG_T
6:28535960_C_CA	6:32603417_T_A
6:28535960_C_CA	6:32603456_G_A
6:28535960_C_CA	6:32603526_A_T
6:28535960_C_CA	6:32603530_G_A
6:28535960_C_CA	6:32603583_A_G
6:28535960_C_CA	6:32603599_C_T
6:28535960_C_CA	6:32603603_C_T
6:28535960_C_CA	6:32603641_G_C
6:28535960_C_CA	6:32603658_T_C
6:28535960_C_CA	6:32603671_T_A
6:28535960_C_CA	6:32603676_A_G
6:28535960_C_CA	6:32603753_CAT_C
6:28535960_C_CA	6:32603760_C_T
6:28535960_C_CA	6:32603811_G_C
6:28535960_C_CA	6:32603812_C_T
6:28535960_C_CA	6:32603837_C_T
6:28535960_C_CA	6:32603886_G_T
6:28535960_C_CA	6:32603953_G_A
6:28535960_C_CA	6:32604037_C_G
6:28535960_C_CA	6:32604039_T_C
6:28535960_C_CA	6:32604127_C_T
6:28535960_C_CA	6:32604128_T_G
6:28535960_C_CA	6:32604156_G_A
6:28535960_C_CA	6:32604169_C_T
6:28535960_C_CA	6:32604204_A_G
6:28535960_C_CA	6:32604221_A_G
6:28535960_C_CA	6:32604292_C_A
6:28535960_C_CA	6:32604294_G_A
6:28535960_C_CA	6:32604326_A_G
6:28535960_C_CA	6:32604396_C_T
6:28535960_C_CA	6:32604423_G_A
6:28535960_C_CA	6:32604551_C_T
6:28535960_C_CA	6:32604552_C_A
6:28535960_C_CA	6:32604552_C_G
6:28535960_C_CA	6:32604597_GC_G
6:28535960_C_CA	6:32604643_C_T
6:28535960_C_CA	6:32604749_C_T
6:28535960_C_CA	6:32604866_G_A
6:28535960_C_CA	6:32604919_T_C
6:28535960_C_CA	6:32604929_G_C
6:28535960_C_CA	6:32604963_A_G
6:28535960_C_CA	6:32604994_A_T
6:28535960_C_CA	6:32605016_A_G
6:28535960_C_CA	6:32605091_A_G
6:28535960_C_CA	6:32605097_C_T
6:28535960_C_CA	6:32605118_G_A
6:28535960_C_CA	6:32605164_T_G
6:28535960_C_CA	6:32605197_G_A
6:28535960_C_CA	6:32605216_G_A
6:28535960_C_CA	6:32605271_C_T
6:28535960_C_CA	6:32605325_C_T
6:28535960_C_CA	6:32605353_A_G
6:28535960_C_CA	6:32605356_A_G
6:28535960_C_CA	6:32605358_C_G
6:28535960_C_CA	6:32605361_T_G
6:28535960_C_CA	6:32605420_C_T
6:28535960_C_CA	6:32605423_T_C
6:28535960_C_CA	6:32605439_A_T
6:28535960_C_CA	6:32605478_C_T
6:28535960_C_CA	6:32605510_T_TG
6:28535960_C_CA	6:32605512_T_C
6:28535960_C_CA	6:32605543_A_G
6:28535960_C_CA	6:32605557_C_T
6:28535960_C_CA	6:32605620_G_A
6:28535960_C_CA	6:32605648_A_G
6:28535960_C_CA	6:32605655_G_A
6:28535960_C_CA	6:32605714_T_G
6:28535960_C_CA	6:32605756_A_G
6:28535960_C_CA	6:32605761_T_A
6:28535960_C_CA	6:32605800_A_G
6:28535960_C_CA	6:32605935_G_T
6:28535960_C_CA	6:32606002_C_T
6:28535960_C_CA	6:32606030_A_T
6:28535960_C_CA	6:32606076_A_C
6:28535960_C_CA	6:32606133_C_A
6:28535960_C_CA	6:32606144_A_G
6:28535960_C_CA	6:32606229_A_C
6:28535960_C_CA	6:32606238_T_C
6:28535960_C_CA	6:32606239_G_A
6:28535960_C_CA	6:32606243_GC_G
6:28535960_C_CA	6:32606368_C_T
6:28535960_C_CA	6:32606369_A_G
6:28535960_C_CA	6:32606476_G_A
6:28535960_C_CA	6:32606547_G_A
6:28535960_C_CA	6:32606627_C_T
6:28535960_C_CA	6:32606643_C_A
6:28535960_C_CA	6:32606756_G_A
6:28535960_C_CA	6:32606773_G_T
6:28535960_C_CA	6:32606878_G_A
6:28535960_C_CA	6:32606976_G_A
6:28535960_C_CA	6:32607026_A_G
6:28535960_C_CA	6:32607048_T_C
6:28535960_C_CA	6:32607091_A_G
6:28535960_C_CA	6:32607140_T_C
6:28535960_C_CA	6:32607160_C_A
6:28535960_C_CA	6:32607175_G_A
6:28535960_C_CA	6:32607254_G_A
6:28535960_C_CA	6:32607296_C_A
6:28535960_C_CA	6:32607307_CAT_C
6:28535960_C_CA	6:32607325_G_A
6:28535960_C_CA	6:32607396_T_C
6:28535960_C_CA	6:32607403_A_G
6:28535960_C_CA	6:32607439_G_C
6:28535960_C_CA	6:32607477_G_A
6:28535960_C_CA	6:32607543_A_C
6:28535960_C_CA	6:32607674_G_A
6:28535960_C_CA	6:32607722_G_A
6:28535960_C_CA	6:32607728_A_G
6:28535960_C_CA	6:32607767_T_C
6:28535960_C_CA	6:32607882_G_A
6:28535960_C_CA	6:32607972_C_T
6:28535960_C_CA	6:32607977_T_G
6:28535960_C_CA	6:32607994_A_G
6:28535960_C_CA	6:32608041_A_C
6:28535960_C_CA	6:32608152_T_C
6:28535960_C_CA	6:32608168_CAT_C
6:28535960_C_CA	6:32608214_T_C
6:28535960_C_CA	6:32608216_C_T
6:28535960_C_CA	6:32608294_G_A
6:28535960_C_CA	6:32608357_G_GA
6:28535960_C_CA	6:32608394_T_C
6:28535960_C_CA	6:32608524_T_C
6:28535960_C_CA	6:32608550_A_C
6:28535960_C_CA	6:32608586_C_T
6:28535960_C_CA	6:32608610_T_C
6:28535960_C_CA	6:32608658_G_A
6:28535960_C_CA	6:32608661_T_C
6:28535960_C_CA	6:32608667_A_G
6:28535960_C_CA	6:32608704_A_G
6:28535960_C_CA	6:32608816_A_G
6:28535960_C_CA	6:32608849_T_C
6:28535960_C_CA	6:32608858_C_T
6:28535960_C_CA	6:32608885_C_T
6:28535960_C_CA	6:32608903_T_C
6:28535960_C_CA	6:32608953_C_T
6:28535960_C_CA	6:32608969_A_G
6:28535960_C_CA	6:32608991_A_G
6:28535960_C_CA	6:32609015_C_T
6:28535960_C_CA	6:32609057_G_A
6:28535960_C_CA	6:32609097_T_C
6:28535960_C_CA	6:32609214_G_T
6:28535960_C_CA	6:32609223_G_T
6:28535960_C_CA	6:32609224_T_C
6:28535960_C_CA	6:32609277_G_C
6:28535960_C_CA	6:32609345_C_A
6:28535960_C_CA	6:32609348_C_A
6:28535960_C_CA	6:32609357_T_C
6:28535960_C_CA	6:32609401_C_A
6:28535960_C_CA	6:32609506_G_C
6:28535960_C_CA	6:32609593_A_G
6:28535960_C_CA	6:32609594_G_A
6:28535960_C_CA	6:32609702_G_T
6:28535960_C_CA	6:32609726_C_T
6:28535960_C_CA	6:32609806_C_T
6:28535960_C_CA	6:32609952_T_C
6:28535960_C_CA	6:32609969_T_G
6:28535960_C_CA	6:32609974_T_G
6:28535960_C_CA	6:32610044_T_C
6:28535960_C_CA	6:32610050_T_C
6:28535960_C_CA	6:32610226_G_A
6:28535960_C_CA	6:32610357_A_T
6:28535960_C_CA	6:32610378_C_T
6:28535960_C_CA	6:32610379_T_A
6:28535960_C_CA	6:32610436_T_C
6:28535960_C_CA	6:32610445_G_A
6:28535960_C_CA	6:32610589_G_T
6:28535960_C_CA	6:32610683_C_T
6:28535960_C_CA	6:32610705_G_C
6:28535960_C_CA	6:32610781_C_T
6:28535960_C_CA	6:32610786_C_T
6:28535960_C_CA	6:32610795_G_C
6:28535960_C_CA	6:32610841_T_C
6:28535960_C_CA	6:32610846_C_G
6:28535960_C_CA	6:32610868_C_T
6:28535960_C_CA	6:32610869_C_G
6:28535960_C_CA	6:32610897_C_A
6:28535960_C_CA	6:32611100_G_A
6:28535960_C_CA	6:32611101_T_G
6:28535960_C_CA	6:32611176_G_C
6:28535960_C_CA	6:32611401_A_G
6:28535960_C_CA	6:32611402_A_G
6:28535960_C_CA	6:32611406_A_G
6:28535960_C_CA	6:32611440_A_T
6:28535960_C_CA	6:32611444_A_G
6:28535960_C_CA	6:32611449_T_G
6:28535960_C_CA	6:32611516_T_C
6:28535960_C_CA	6:32611527_A_T
6:28535960_C_CA	6:32611531_T_C
6:28535960_C_CA	6:32611641_A_G
6:28535960_C_CA	6:32611662_C_T
6:28535960_C_CA	6:32611683_T_TA
6:28535960_C_CA	6:32611694_G_A
6:28535960_C_CA	6:32611704_T_C
6:28535960_C_CA	6:32611713_G_C
6:28535960_C_CA	6:32611795_G_A
6:28535960_C_CA	6:32612504_TC_T
6:28535960_C_CA	6:32613011_G_A
6:28535960_C_CA	6:32613273_G_A
6:28535960_C_CA	6:32613681_G_T
6:28535960_C_CA	6:32623193_G_A
6:28535960_C_CA	6:32623223_A_C
6:28535960_C_CA	6:32623371_C_T
6:28535960_C_CA	6:32626040_C_T
6:28535960_C_CA	6:32626302_T_G
6:28535960_C_CA	6:32626438_A_T
6:28535960_C_CA	6:32626475_G_A
6:28535960_C_CA	6:32626484_T_C
6:28535960_C_CA	6:32626984_A_C
6:28535960_C_CA	6:32627480_G_A
6:28535960_C_CA	6:32627812_C_G
6:28535960_C_CA	6:32628428_C_A
6:28535960_C_CA	6:32628779_G_T
6:28535960_C_CA	6:32628812_C_T
6:28535960_C_CA	6:32629371_A_G
6:28535960_C_CA	6:32629372_G_A
6:28535960_C_CA	6:32629603_T_C
6:28535960_C_CA	6:32629612_G_A
6:28535960_C_CA	6:32629614_A_T
6:28535960_C_CA	6:32630083_C_T
6:28535960_C_CA	6:32630159_A_C
6:28535960_C_CA	6:32630687_G_C
6:28535960_C_CA	6:32630700_A_G
6:28535960_C_CA	6:32630707_C_T
6:28535960_C_CA	6:32631282_A_G
6:28535960_C_CA	6:32632628_G_C
6:28535960_C_CA	6:32632635_A_C
6:28535960_C_CA	6:32632864_G_A
6:28535960_C_CA	6:32633371_T_G
6:28535960_C_CA	6:32634104_C_T
6:28535960_C_CA	6:32634318_C_A
6:28535960_C_CA	6:32635296_C_T
6:28535960_C_CA	6:32635501_A_G
6:28535960_C_CA	6:32635629_G_A
6:28535960_C_CA	6:32635998_G_T
6:28535960_C_CA	6:32636602_G_C
6:28535960_C_CA	6:32636646_A_G
6:28535960_C_CA	6:32637302_G_A
6:28535960_C_CA	6:32637413_T_A
6:28535960_C_CA	6:32637418_G_A
6:28535960_C_CA	6:32637817_G_A
6:28535960_C_CA	6:32637823_A_G
6:28535960_C_CA	6:32639702_C_T
6:28535960_C_CA	6:32639895_A_G
6:28535960_C_CA	6:32639956_G_A
6:28535960_C_CA	6:32640494_G_A
6:28535960_C_CA	6:32640542_C_G
6:28535960_C_CA	6:32641903_C_T
6:28535960_C_CA	6:32642030_T_C
6:28535960_C_CA	6:32642147_A_G
6:28535960_C_CA	6:32642152_A_T
6:28535960_C_CA	6:32644563_T_G
6:28535960_C_CA	6:32645029_T_A
6:28535960_C_CA	6:32645319_T_C
6:28535960_C_CA	6:32646184_C_A
6:28535960_C_CA	6:32648208_A_G
6:28535960_C_CA	6:32648220_T_C
6:28535960_C_CA	6:32648253_T_G
6:28535960_C_CA	6:32648298_T_A
6:28535960_C_CA	6:32648337_T_C
6:28535960_C_CA	6:32651477_A_T
6:28535960_C_CA	6:32651641_G_T
6:28535960_C_CA	6:32652278_T_C
6:28535960_C_CA	6:32652281_T_C
6:28535960_C_CA	6:32652484_T_A
6:28535960_C_CA	6:32652865_T_C
6:28535960_C_CA	6:32653018_T_C
6:28535960_C_CA	6:32654149_A_C
6:28535960_C_CA	6:32655730_A_G
6:28535960_C_CA	6:32656405_T_C
6:28535960_C_CA	6:32656406_G_A
6:28535960_C_CA	6:32657279_G_A
6:28535960_C_CA	6:32657373_C_CAT
6:28535960_C_CA	6:32657481_C_CT
6:28535960_C_CA	6:32657505_T_C
6:28535960_C_CA	6:32658574_TACAC_T
6:28535960_C_CA	6:32659609_T_C
6:28535960_C_CA	6:32662338_T_A
6:28535960_C_CA	6:32662473_A_C
6:28535960_C_CA	6:32663355_G_C
6:28535960_C_CA	6:32665616_G_T
6:28535960_C_CA	6:32665741_A_G
6:28535960_C_CA	6:32666019_G_A
6:28535960_C_CA	6:32666358_C_T
6:28535960_C_CA	6:32666721_A_T
6:28535960_C_CA	6:32667171_A_T
6:28535960_C_CA	6:32667473_G_C
6:28535960_C_CA	6:32667595_G_T
6:28535960_C_CA	6:32667910_G_A
6:28535960_C_CA	6:32668031_A_C
6:28535960_C_CA	6:32668657_C_T
6:28535960_C_CA	6:32668663_G_A
6:28535960_C_CA	6:32668704_C_G
6:28535960_C_CA	6:32668946_C_T
6:28535960_C_CA	6:32669128_T_A
6:28535960_C_CA	6:32669926_C_G
6:28535960_C_CA	6:32671014_C_A
6:28535960_C_CA	6:32671044_G_T
6:28535960_C_CA	6:32671207_T_G
6:28535960_C_CA	6:32671800_T_G
6:28535960_C_CA	6:32672043_G_T
6:28535960_C_CA	6:32672216_A_T
6:28535960_C_CA	6:32672439_T_C
6:28535960_C_CA	6:32673893_C_A
6:28535960_C_CA	6:32673894_C_T
6:28535960_C_CA	6:32674343_G_A
6:28535960_C_CA	6:32675002_T_C
6:28535960_C_CA	6:32675009_GT_G
6:28535960_C_CA	6:32675032_C_T
6:28535960_C_CA	6:32675147_C_T
6:28535960_C_CA	6:32675171_C_T
6:28535960_C_CA	6:32675207_C_T
6:28535960_C_CA	6:32675242_T_C
6:28535960_C_CA	6:32675266_C_T
6:28535960_C_CA	6:32675312_T_C
6:28535960_C_CA	6:32675313_G_A
6:28535960_C_CA	6:32675399_T_C
6:28535960_C_CA	6:32675416_C_T
6:28535960_C_CA	6:32675424_A_C
6:28535960_C_CA	6:32675449_T_C
6:28535960_C_CA	6:32675497_T_C
6:28535960_C_CA	6:32675511_C_G
6:28535960_C_CA	6:32675691_G_A
6:28535960_C_CA	6:32675709_A_C
6:28535960_C_CA	6:32675733_A_G
6:28535960_C_CA	6:32675751_T_C
6:28535960_C_CA	6:32675760_A_G
6:28535960_C_CA	6:32675814_A_G
6:28535960_C_CA	6:32675815_C_T
6:28535960_C_CA	6:32675900_A_G
6:28535960_C_CA	6:32675901_C_T
6:28535960_C_CA	6:32675929_C_T
6:28535960_C_CA	6:32675994_C_T
6:28535960_C_CA	6:32676040_C_T
6:28535960_C_CA	6:32676043_C_T
6:28535960_C_CA	6:32676075_A_G
6:28535960_C_CA	6:32676125_C_T
6:28535960_C_CA	6:32676131_T_C
6:28535960_C_CA	6:32676299_T_C
6:28535960_C_CA	6:32676393_C_G
6:28535960_C_CA	6:32676398_T_C
6:28535960_C_CA	6:32676425_C_T
6:28535960_C_CA	6:32676484_C_A
6:28535960_C_CA	6:32676488_A_C
6:28535960_C_CA	6:32677099_T_A
6:28535960_C_CA	6:32677124_T_A
6:28535960_C_CA	6:32677129_A_T
6:28535960_C_CA	6:32677315_T_C
6:28535960_C_CA	6:32677321_A_C
6:28535960_C_CA	6:32677353_G_A
6:28535960_C_CA	6:32677453_C_T
6:28535960_C_CA	6:32677454_T_C
6:28535960_C_CA	6:32677526_T_C
6:28535960_C_CA	6:32677690_T_G
6:28535960_C_CA	6:32677751_T_C
6:28535960_C_CA	6:32677761_A_G
6:28535960_C_CA	6:32677898_T_C
6:28535960_C_CA	6:32677968_C_A
6:28535960_C_CA	6:32677969_A_G
6:28535960_C_CA	6:32678002_C_T
6:28535960_C_CA	6:32678162_T_A
6:28535960_C_CA	6:32678234_G_A
6:28535960_C_CA	6:32678265_A_G
6:28535960_C_CA	6:32678306_C_T
6:28535960_C_CA	6:32678309_C_T
6:28535960_C_CA	6:32678347_G_C
6:28535960_C_CA	6:32678388_T_C
6:28535960_C_CA	6:32678425_T_A
6:28535960_C_CA	6:32678502_A_G
6:28535960_C_CA	6:32678509_A_G
6:28535960_C_CA	6:32678607_G_A
6:28535960_C_CA	6:32678634_T_C
6:28535960_C_CA	6:32678644_TA_T
6:28535960_C_CA	6:32678740_A_G
6:28535960_C_CA	6:32678753_A_G
6:28535960_C_CA	6:32678789_T_C
6:28535960_C_CA	6:32678795_T_A
6:28535960_C_CA	6:32678877_T_C
6:28535960_C_CA	6:32678894_T_A
6:28535960_C_CA	6:32679047_G_A
6:28535960_C_CA	6:32679059_T_A
6:28535960_C_CA	6:32679068_T_C
6:28535960_C_CA	6:32679188_C_T
6:28535960_C_CA	6:32679202_A_T
6:28535960_C_CA	6:32679216_G_A
6:28535960_C_CA	6:32679236_G_A
6:28535960_C_CA	6:32679283_C_T
6:28535960_C_CA	6:32679311_A_G
6:28535960_C_CA	6:32679326_C_T
6:28535960_C_CA	6:32679346_G_A
6:28535960_C_CA	6:32679489_A_C
6:28535960_C_CA	6:32679518_A_G
6:28535960_C_CA	6:32679591_G_C
6:28535960_C_CA	6:32679605_A_G
6:28535960_C_CA	6:32679608_C_A
6:28535960_C_CA	6:32679722_C_G
6:28535960_C_CA	6:32679758_G_A
6:28535960_C_CA	6:32679779_A_T
6:28535960_C_CA	6:32680124_T_C
6:28535960_C_CA	6:32680172_T_C
6:28535960_C_CA	6:32680247_G_A
6:28535960_C_CA	6:32680283_A_G
6:28535960_C_CA	6:32680537_T_C
6:28535960_C_CA	6:32680563_G_A
6:28535960_C_CA	6:32680585_T_C
6:28535960_C_CA	6:32680696_G_A
6:28535960_C_CA	6:32680697_C_T
6:28535960_C_CA	6:32680727_A_C
6:28535960_C_CA	6:32680861_T_TAA
6:28535960_C_CA	6:32681833_G_T
6:28535960_C_CA	6:32681928_G_T
6:28535960_C_CA	6:32682135_C_T
6:28535960_C_CA	6:32682228_G_A
6:28535960_C_CA	6:32685918_A_G
6:28535960_C_CA	6:32685967_G_A
6:28535960_C_CA	6:32686248_T_C
6:28535960_C_CA	6:32686380_C_G
6:28535960_C_CA	6:32686627_C_T
6:28535960_C_CA	6:32686629_C_T
6:28535960_C_CA	6:32686676_G_A
6:28535960_C_CA	6:32686806_C_T
6:28535960_C_CA	6:32687218_C_T
6:28535960_C_CA	6:32687297_A_G
6:28535960_C_CA	6:32687609_A_AT
6:28535960_C_CA	6:32687720_G_A
6:28535960_C_CA	6:32687904_A_G
6:28535960_C_CA	6:32688021_T_G
6:28535960_C_CA	6:32688100_G_T
6:28535960_C_CA	6:32688228_T_C
6:28535960_C_CA	6:32688483_C_A
6:28535960_C_CA	6:32688638_T_C
6:28535960_C_CA	6:32688752_C_T
6:28535960_C_CA	6:32688787_C_A
6:28535960_C_CA	6:32688859_T_C
6:28535960_C_CA	6:32688872_G_A
6:28535960_C_CA	6:32689289_C_T
6:28535960_C_CA	6:32689431_T_C
6:28535960_C_CA	6:32689432_G_A
6:28535960_C_CA	6:32689786_T_C
6:28535960_C_CA	6:32689938_T_A
6:28535960_C_CA	6:32689946_G_A
6:28535960_C_CA	6:32690078_A_C
6:28535960_C_CA	6:32690320_G_C
6:28535960_C_CA	6:32690332_A_T
6:28535960_C_CA	6:32690784_T_C
6:28535960_C_CA	6:32690850_T_C
6:28535960_C_CA	6:32691026_G_T
6:28535960_C_CA	6:32691173_C_T
6:28535960_C_CA	6:32691345_A_G
6:28535960_C_CA	6:32691745_C_T
6:28535960_C_CA	6:32691937_A_G
6:28535960_C_CA	6:32692094_T_A
6:28535960_C_CA	6:32692391_A_G
6:28535960_C_CA	6:32692688_C_T
6:28535960_C_CA	6:32693085_A_G
6:28535960_C_CA	6:32693294_G_A
6:28535960_C_CA	6:32693482_C_A
6:28535960_C_CA	6:32693615_T_C
6:28535960_C_CA	6:32694068_A_G
6:28535960_C_CA	6:32694169_C_A
6:28535960_C_CA	6:32694211_T_A
6:28535960_C_CA	6:32694401_T_C
6:28535960_C_CA	6:32694936_CTAAT_C
6:28535960_C_CA	6:32695028_G_A
6:28535960_C_CA	6:32695212_T_C
6:28535960_C_CA	6:32695505_A_T
6:28535960_C_CA	6:32695798_T_C
6:28535960_C_CA	6:32695818_C_T
6:28535960_C_CA	6:32696443_G_A
6:28535960_C_CA	6:32696543_C_A
6:28535960_C_CA	6:32696666_C_A
6:28535960_C_CA	6:32696754_A_G
6:28535960_C_CA	6:32696894_A_G
6:28535960_C_CA	6:32696963_CT_C
6:28535960_C_CA	6:32697037_C_T
6:28535960_C_CA	6:32697160_A_C
6:28535960_C_CA	6:32697606_T_C
6:28535960_C_CA	6:32697755_A_G
6:28535960_C_CA	6:32697893_G_T
6:28535960_C_CA	6:32698156_C_T
6:28535960_C_CA	6:32698360_CTCTCAGTGT_C
6:28535960_C_CA	6:32698468_C_T
6:28535960_C_CA	6:32698790_A_G
6:28535960_C_CA	6:32698918_A_G
6:28535960_C_CA	6:32698947_G_C
6:28535960_C_CA	6:32699262_T_C
6:28535960_C_CA	6:32699274_A_AT
6:28535960_C_CA	6:32699350_C_T
6:28535960_C_CA	6:32699437_C_A
6:28535960_C_CA	6:32699476_G_A
6:28535960_C_CA	6:32699633_T_A
6:28535960_C_CA	6:32699662_T_G
6:28535960_C_CA	6:32701189_A_C
6:28535960_C_CA	6:32701338_C_G
6:28535960_C_CA	6:32701372_C_A
6:28535960_C_CA	6:32701444_G_A
6:28535960_C_CA	6:32702041_A_T
6:28535960_C_CA	6:32702108_A_G
6:28535960_C_CA	6:32702381_T_G
6:28535960_C_CA	6:32702586_T_A
6:28535960_C_CA	6:32702722_C_T
6:28535960_C_CA	6:32702798_T_G
6:28535960_C_CA	6:32702864_A_G
6:28535960_C_CA	6:32703041_AG_A
6:28535960_C_CA	6:32703231_GT_G
6:28535960_C_CA	6:32703589_C_A
6:28535960_C_CA	6:32704362_C_T
6:28535960_C_CA	6:32704706_G_A
6:28535960_C_CA	6:32704786_G_T
6:28535960_C_CA	6:32705030_C_G
6:28535960_C_CA	6:32705210_G_T
6:28535960_C_CA	6:32705401_A_T
6:28535960_C_CA	6:32705700_G_A
6:28535960_C_CA	6:32705862_AG_A
6:28535960_C_CA	6:32706209_A_G
6:28535960_C_CA	6:32706725_A_G
6:28535960_C_CA	6:32706936_G_A
6:28535960_C_CA	6:32707023_T_C
6:28535960_C_CA	6:32707040_G_A
6:28535960_C_CA	6:32707352_A_AT
6:28535960_C_CA	6:32707585_G_A
6:28535960_C_CA	6:32707706_C_T
6:28535960_C_CA	6:32708074_C_T
6:28535960_C_CA	6:32708511_CTG_C
6:28535960_C_CA	6:32709204_G_C
6:28535960_C_CA	6:32709965_G_T
6:28535960_C_CA	6:32711050_C_T
6:28535960_C_CA	6:32713867_C_T
6:28535960_C_CA	6:32715943_A_G
6:28535960_C_CA	6:32722243_G_T
6:28535960_C_CA	6:32725271_G_A
6:28535960_C_CA	6:32725832_A_G
6:28535960_C_CA	6:32726252_A_G
6:28535960_C_CA	6:32726274_A_G
6:28535960_C_CA	6:32728726_G_C
6:28535960_C_CA	6:32730835_C_T
6:28535960_C_CA	6:32731313_T_A
6:28535960_C_CA	6:32733042_C_CT
6:28535960_C_CA	6:32734304_A_G
6:28535960_C_CA	6:32742592_A_G
6:28535960_C_CA	6:32742917_TA_T
6:28535960_C_CA	6:32743640_G_A
6:28535960_C_CA	6:32743744_G_A
6:28535960_C_CA	6:32745200_A_T
6:28535960_C_CA	6:32745886_G_A
6:28535960_C_CA	6:32746051_G_A
6:28535960_C_CA	6:32746464_G_A
6:28535960_C_CA	6:32747502_A_G
6:28535960_C_CA	6:32747790_G_T
6:28535960_C_CA	6:32750180_A_T
6:28535960_C_CA	6:32750292_G_A
6:28535960_C_CA	6:32751244_C_T
6:28535960_C_CA	6:32751416_G_A
6:28535960_C_CA	6:32752333_C_T
6:28535960_C_CA	6:32752844_A_G
6:28535960_C_CA	6:32755290_T_C
6:28535960_C_CA	6:32756653_C_T
6:28535960_C_CA	6:32756917_G_A
6:28535960_C_CA	6:32757297_C_T
6:28535960_C_CA	6:32761506_C_T
6:28535960_C_CA	6:32762922_CTG_C
6:28535960_C_CA	6:32772856_A_C
6:28535960_C_CA	6:32774291_C_G
6:28535960_C_CA	6:32776921_T_C
6:28535960_C_CA	6:32799845_T_G
6:28535960_C_CA	6:32802009_C_T
6:28535960_C_CA	6:32802712_TTTG_T
6:28535960_C_CA	6:32807490_C_T
6:28535960_C_CA	6:32808299_G_A
6:28535960_C_CA	6:32813768_G_A
6:28535960_C_CA	6:32844103_A_G
6:28535960_C_CA	6:32862958_C_G
6:28535960_C_CA	6:32879471_A_G
6:28535960_C_CA	6:32900383_CTT_C
6:28535960_C_CA	6:32904039_T_A
6:28535960_C_CA	6:32904051_C_T
6:28535960_C_CA	6:32914726_G_C
6:28535960_C_CA	6:32915797_C_T
6:28535960_C_CA	6:32922908_A_C
6:28535960_C_CA	6:32923849_G_A
6:28535960_C_CA	6:32928984_A_G
6:28535960_C_CA	6:32929943_A_T
6:28535960_C_CA	6:32930126_G_A
6:28535960_C_CA	6:32930795_T_C
6:28535960_C_CA	6:32933493_G_C
6:28535960_C_CA	6:32936120_C_T
6:28535960_C_CA	6:32936748_TG_T
6:28535960_C_CA	6:32938911_C_T
6:28535960_C_CA	6:32943407_A_T
6:28535960_C_CA	6:32945466_A_G
6:28535960_C_CA	6:32946322_G_A
6:28535960_C_CA	6:32946511_G_A
6:28535960_C_CA	6:32946606_CAG_C
6:28535960_C_CA	6:32946624_CT_C
6:28535960_C_CA	6:32946837_A_T
6:28535960_C_CA	6:32949229_C_T
6:28535960_C_CA	6:32950639_C_T
6:28535960_C_CA	6:32950897_C_A
6:28535960_C_CA	6:32950902_TAGC_T
6:28535960_C_CA	6:32957389_C_A
6:28535960_C_CA	6:32957897_T_C
6:28535960_C_CA	6:32959720_AT_A
6:28535960_C_CA	6:32960933_C_CTT
6:28535960_C_CA	6:32961191_T_C
6:28535960_C_CA	6:32961361_G_A
6:28535960_C_CA	6:32961785_GC_G
6:28535960_C_CA	6:32962130_C_T
6:28535960_C_CA	6:32962882_G_A
6:28535960_C_CA	6:32963569_G_A
6:28535960_C_CA	6:32963608_A_T
6:28535960_C_CA	6:32963948_G_T
6:28535960_C_CA	6:32968136_G_A
6:28535960_C_CA	6:32973303_T_C
6:28535960_C_CA	6:32987888_A_G
6:28535960_C_CA	6:32990195_G_A
6:28535960_C_CA	6:32991987_C_T
6:28535960_C_CA	6:32996999_G_A
6:28535960_C_CA	6:33024031_T_C
6:28535960_C_CA	6:33045699_T_C
6:28535960_C_CA	6:33047173_T_C
6:28535960_C_CA	6:33047898_C_A
6:28535960_C_CA	6:33048354_A_T
6:28535960_C_CA	6:33048661_A_G
6:28535960_C_CA	6:33048975_G_A
6:28535960_C_CA	6:33049902_T_A
6:28535960_C_CA	6:33049965_G_A
6:28535960_C_CA	6:33050083_C_A
6:28535960_C_CA	6:33050178_C_T
6:28535960_C_CA	6:33050223_G_A
6:28535960_C_CA	6:33050232_T_G
6:28535960_C_CA	6:33052533_G_A
6:28535960_C_CA	6:33054378_G_A
6:28535960_C_CA	6:33054559_T_C
6:28535960_C_CA	6:33054656_A_C
6:28535960_C_CA	6:33054659_A_G
6:28535960_C_CA	6:33055079_A_G
6:28535960_C_CA	6:33055355_A_G
6:28535960_C_CA	6:33056146_A_G
6:28535960_C_CA	6:33056788_G_A
6:28535960_C_CA	6:33057053_CTT_C
6:28535960_C_CA	6:33057213_C_T
6:28535960_C_CA	6:33057244_T_G
6:28535960_C_CA	6:33057651_C_T
6:28535960_C_CA	6:33057659_G_A
6:28535960_C_CA	6:33058268_T_C
6:28535960_C_CA	6:33058288_A_G
6:28535960_C_CA	6:33058436_C_A
6:28535960_C_CA	6:33058624_G_A
6:28535960_C_CA	6:33058702_A_G
6:28535960_C_CA	6:33059336_A_C
6:28535960_C_CA	6:33059604_C_T
6:28535960_C_CA	6:33059625_G_C
6:28535960_C_CA	6:33060064_G_A
6:28535960_C_CA	6:33061626_T_A
6:28535960_C_CA	6:33061871_T_C
6:28535960_C_CA	6:33062036_ACAGATGTAATTGGTT_A
6:28535960_C_CA	6:33062062_T_C
6:28535960_C_CA	6:33062357_A_C
6:28535960_C_CA	6:33062522_A_G
6:28535960_C_CA	6:33062554_A_G
6:28535960_C_CA	6:33062560_T_C
6:28535960_C_CA	6:33062581_T_C
6:28535960_C_CA	6:33062587_G_A
6:28535960_C_CA	6:33062822_A_G
6:28535960_C_CA	6:33062889_C_A
6:28535960_C_CA	6:33063196_T_G
6:28535960_C_CA	6:33063237_G_C
6:28535960_C_CA	6:33063271_G_A
6:28535960_C_CA	6:33063272_G_T
6:28535960_C_CA	6:33063592_C_A
6:28535960_C_CA	6:33063699_A_G
6:28535960_C_CA	6:33063982_G_A
6:28535960_C_CA	6:33064295_G_A
6:28535960_C_CA	6:33064452_G_A
6:28535960_C_CA	6:33064786_A_G
6:28535960_C_CA	6:33065676_A_G
6:28535960_C_CA	6:33065734_C_A
6:28535960_C_CA	6:33065813_G_A
6:28535960_C_CA	6:33066160_T_C
6:28535960_C_CA	6:33066176_G_T
6:28535960_C_CA	6:33066236_G_A
6:28535960_C_CA	6:33066323_A_G
6:28535960_C_CA	6:33066353_A_C
6:28535960_C_CA	6:33066465_G_A
6:28535960_C_CA	6:33066481_G_C
6:28535960_C_CA	6:33067211_C_T
6:28535960_C_CA	6:33067281_T_C
6:28535960_C_CA	6:33067636_A_G
6:28535960_C_CA	6:33067663_C_T
6:28535960_C_CA	6:33067753_C_T
6:28535960_C_CA	6:33067769_A_G
6:28535960_C_CA	6:33067857_G_A
6:28535960_C_CA	6:33067897_G_A
6:28535960_C_CA	6:33068302_A_T
6:28535960_C_CA	6:33068864_T_C
6:28535960_C_CA	6:33068917_G_A
6:28535960_C_CA	6:33068974_G_T
6:28535960_C_CA	6:33068999_A_G
6:28535960_C_CA	6:33069179_C_CT
6:28535960_C_CA	6:33069367_T_A
6:28535960_C_CA	6:33069823_A_C
6:28535960_C_CA	6:33069873_T_C
6:28535960_C_CA	6:33069893_A_G
6:28535960_C_CA	6:33070153_T_A
6:28535960_C_CA	6:33070527_T_C
6:28535960_C_CA	6:33070664_C_T
6:28535960_C_CA	6:33070817_C_T
6:28535960_C_CA	6:33070976_TA_T
6:28535960_C_CA	6:33071134_A_G
6:28535960_C_CA	6:33071322_C_G
6:28535960_C_CA	6:33071335_T_C
6:28535960_C_CA	6:33071600_C_A
6:28535960_C_CA	6:33071708_G_A
6:28535960_C_CA	6:33071754_C_A
6:28535960_C_CA	6:33071777_A_G
6:28535960_C_CA	6:33071983_T_C
6:28535960_C_CA	6:33071998_C_G
6:28535960_C_CA	6:33072240_C_T
6:28535960_C_CA	6:33072287_G_A
6:28535960_C_CA	6:33072997_G_A
6:28535960_C_CA	6:33073068_A_G
6:28535960_C_CA	6:33073076_G_A
6:28535960_C_CA	6:33073440_G_A
6:28535960_C_CA	6:33073902_A_C
6:28535960_C_CA	6:33074348_T_C
6:28535960_C_CA	6:33074518_C_T
6:28535960_C_CA	6:33074569_A_G
6:28535960_C_CA	6:33074612_C_A
6:28535960_C_CA	6:33074707_G_A
6:28535960_C_CA	6:33074853_C_T
6:28535960_C_CA	6:33076090_T_A
6:28535960_C_CA	6:33076443_GA_G
6:28535960_C_CA	6:33076567_T_C
6:28535960_C_CA	6:33076974_C_G
6:28535960_C_CA	6:33077588_A_G
6:28535960_C_CA	6:33077776_C_T
6:28535960_C_CA	6:33079212_G_C
6:28535960_C_CA	6:33079626_T_C
6:28535960_C_CA	6:33083197_G_C
6:28535960_C_CA	6:33085350_A_G
6:28535960_C_CA	6:33088214_G_C
6:28535960_C_CA	6:33091624_G_A
6:28535960_C_CA	6:33103580_T_C
6:28535960_C_CA	6:33103592_T_TA
6:28535960_C_CA	6:33126400_G_A
6:28535960_C_CA	6:33127179_CTTTG_C
6:28535960_C_CA	6:33132314_G_A
6:28535960_C_CA	6:33132365_T_C
6:28535960_C_CA	6:33138015_T_C
6:28535960_C_CA	6:33144466_C_A
6:28535960_C_CA	6:33151880_C_A
6:28535960_C_CA	6:33158912_G_A
6:28535960_C_CA	6:33160906_G_T
6:28535960_C_CA	6:33163637_AAG_A
6:28535960_C_CA	6:33193989_C_CA
6:28535960_C_CA	6:33195383_G_C
6:28535960_C_CA	6:33196397_C_A
6:28535960_C_CA	6:33196570_G_A
6:28535960_C_CA	6:33248067_T_G
6:28535960_C_CA	6:33295977_T_G
6:28535960_C_CA	6:33330051_C_T
6:28535960_C_CA	6:33401291_C_A
6:28535960_C_CA	6:33422643_T_G
6:28535960_C_CA	6:33437236_G_A
6:28535960_C_CA	6:33470659_C_T
6:28535960_C_CA	6:33629046_A_G
6:28535960_C_CA	6:33634079_T_TAAAAAATTTTTTA
6:28535960_C_CA	6:33634085_T_A
6:28535960_C_CA	6:33640243_C_A
6:28535960_C_CA	6:33644253_G_A
6:28535960_C_CA	6:33652542_C_T
6:28535960_C_CA	6:33652880_G_A
6:28535960_C_CA	6:33653448_C_T
6:28535960_C_CA	6:33654588_C_T
6:28535960_C_CA	6:33657246_C_T
6:28535960_C_CA	6:33659536_A_G
6:28535960_C_CA	6:33661035_G_A
6:28535960_C_CA	6:33662295_G_C
6:28535960_C_CA	6:33665001_G_C
6:28535960_C_CA	6:33667199_A_G
6:28535960_C_CA	6:33669577_C_T
6:28535960_C_CA	6:33669793_G_C
6:28535960_C_CA	6:33670028_A_G
6:28535960_C_CA	6:33670370_G_A
6:28535960_C_CA	6:33670406_T_C
6:28535960_C_CA	6:33672865_C_G
6:28535960_C_CA	6:33673127_C_CCT
6:28535960_C_CA	6:33674156_G_C
6:28535960_C_CA	6:33674174_C_A
6:28535960_C_CA	6:33674188_A_G
6:28535960_C_CA	6:33676187_A_ATT
6:28535960_C_CA	6:33677214_A_AT
6:28535960_C_CA	6:33677235_A_G
6:28535960_C_CA	6:33677400_A_G
6:28535960_C_CA	6:33678290_C_G
6:28535960_C_CA	6:33678394_C_G
6:28535960_C_CA	6:33679061_A_G
6:28535960_C_CA	6:33679596_A_C
6:28535960_C_CA	6:33680016_G_C
6:28535960_C_CA	6:33680366_G_A
6:28535960_C_CA	6:33680398_A_G
6:28535960_C_CA	6:33681375_GTTT_G
6:28535960_C_CA	6:33682391_G_A
6:28535960_C_CA	6:33682414_T_C
6:28535960_C_CA	6:33682541_C_A
6:28535960_C_CA	6:33686442_G_T
6:28535960_C_CA	6:33688220_GACTGCCAGATT_G
6:28535960_C_CA	6:33688501_CT_C
6:28535960_C_CA	6:33689520_C_T
6:28535960_C_CA	6:33689778_A_G
6:28535960_C_CA	6:33690797_A_G
6:28535960_C_CA	6:33691501_G_T
6:28535960_C_CA	6:33693005_CA_C
6:28535960_C_CA	6:33696405_A_G
6:28535960_C_CA	6:33699707_A_T
6:28535960_C_CA	6:33702617_G_A
6:28535960_C_CA	6:33702645_G_C
6:28535960_C_CA	6:33702701_C_T
6:28535960_C_CA	6:33706277_T_C
6:28535960_C_CA	6:33708190_A_C
6:28535960_C_CA	6:33765477_ACTCT_A
6:28535960_C_CA	6:33788572_C_T
6:28535960_C_CA	6:33804137_T_C
6:28535960_C_CA	6:34116155_T_TCA
6:28535960_C_CA	6:34120037_G_T
6:28535960_C_CA	6:34152991_G_C
6:28535960_C_CA	6:34158437_C_T
6:28535960_C_CA	6:34168464_G_A
6:28535960_C_CA	6:34478514_C_T
6:28535960_C_CA	6:34482498_A_G
6:28535960_C_CA	6:34483749_C_T
6:28535960_C_CA	6:34503279_A_C
6:28535960_C_CA	6:34503338_A_G
6:28535960_C_CA	6:34503439_T_C
6:28535960_C_CA	6:34503446_T_C
6:28535960_C_CA	6:34503517_A_C
6:28535960_C_CA	6:34503677_T_C
6:28535960_C_CA	6:34503739_T_C
6:28535960_C_CA	6:34504042_T_G
6:28535960_C_CA	6:34504388_G_C
6:28535960_C_CA	6:34504478_C_T
6:28535960_C_CA	6:34504767_G_C
6:28535960_C_CA	6:34510838_G_A
6:28535960_C_CA	6:34548206_T_A
6:28535960_C_CA	6:34548296_C_T
6:28535960_C_CA	6:34552736_G_A
6:28535960_C_CA	6:34557246_C_T
6:28535960_C_CA	6:34563060_A_G
6:28535960_C_CA	6:34570922_G_C
6:28535960_C_CA	6:34576433_G_A
6:28535960_C_CA	6:34604185_A_AT
6:28535960_C_CA	6:34623905_C_T
6:28535960_C_CA	6:34638847_G_A
6:28535960_C_CA	6:34643752_T_C
6:28535960_C_CA	6:34645266_A_G
6:28535960_C_CA	6:34653413_G_A
6:28535960_C_CA	6:35238183_T_G
6:28535960_C_CA	6:35398941_C_T
5:567747_T_C	5:407767_G_A
5:567747_T_C	5:408529_C_T
5:567747_T_C	5:409771_GTT_G
5:567747_T_C	5:410943_A_G
5:567747_T_C	5:411361_G_A
5:567747_T_C	5:416546_T_G
5:567747_T_C	5:419318_T_C
5:567747_T_C	5:419462_A_T
5:567747_T_C	5:422178_G_A
5:567747_T_C	5:422752_T_C
5:567747_T_C	5:423169_C_T
5:567747_T_C	5:423426_T_C
5:567747_T_C	5:423595_C_T
5:567747_T_C	5:423671_C_T
5:567747_T_C	5:423906_G_A
5:567747_T_C	5:424612_C_T
5:567747_T_C	5:424653_G_A
5:567747_T_C	5:426541_A_AGATG
5:567747_T_C	5:426735_C_CAGAT
5:567747_T_C	5:426983_G_GATGA
5:567747_T_C	5:428166_GC_G
5:567747_T_C	5:428231_T_C
5:567747_T_C	5:428418_C_G
5:567747_T_C	5:428754_G_A
5:567747_T_C	5:428785_A_T
5:567747_T_C	5:429124_C_G
5:567747_T_C	5:429381_C_T
5:567747_T_C	5:429582_G_T
5:567747_T_C	5:429818_C_G
5:567747_T_C	5:430059_G_A
5:567747_T_C	5:433807_T_TG
5:567747_T_C	5:435626_A_G
5:567747_T_C	5:436387_CT_C
5:567747_T_C	5:437331_TC_T
5:567747_T_C	5:437542_T_C
5:567747_T_C	5:437586_G_A
5:567747_T_C	5:437667_G_A
5:567747_T_C	5:437862_G_C
5:567747_T_C	5:438809_C_T
5:567747_T_C	5:441695_T_C
5:567747_T_C	5:442069_CTTTGGCAAT_C
5:567747_T_C	5:442438_T_A
5:567747_T_C	5:442571_A_C
5:567747_T_C	5:443059_G_T
5:567747_T_C	5:443236_C_G
5:567747_T_C	5:443371_C_A
5:567747_T_C	5:443676_G_A
5:567747_T_C	5:444502_T_C
5:567747_T_C	5:444810_G_A
5:567747_T_C	5:446923_G_A
5:567747_T_C	5:446951_AAC_A
5:567747_T_C	5:448202_G_A
5:567747_T_C	5:448291_C_A
5:567747_T_C	5:448663_C_T
5:567747_T_C	5:449701_A_T
5:567747_T_C	5:450102_C_T
5:567747_T_C	5:450710_C_T
5:567747_T_C	5:450777_T_C
5:567747_T_C	5:451425_C_T
5:567747_T_C	5:475408_T_G
5:567747_T_C	5:475463_C_T
5:567747_T_C	5:475621_T_TG
5:567747_T_C	5:476353_C_T
5:567747_T_C	5:477634_G_A
5:567747_T_C	5:477719_A_G
5:567747_T_C	5:494064_C_T
5:567747_T_C	5:494497_G_A
5:567747_T_C	5:494861_C_T
5:567747_T_C	5:495118_A_G
5:567747_T_C	5:495209_TG_T
5:567747_T_C	5:497341_G_T
5:567747_T_C	5:497624_G_A
5:567747_T_C	5:498026_C_T
5:567747_T_C	5:498030_C_T
5:567747_T_C	5:498035_C_T
5:567747_T_C	5:498182_T_C
5:567747_T_C	5:498235_A_G
5:567747_T_C	5:498430_G_A
5:567747_T_C	5:498576_G_A
5:567747_T_C	5:500493_C_T
5:567747_T_C	5:500583_C_T
5:567747_T_C	5:500594_GGGGGCCGGTGTGGACAC_G
5:567747_T_C	5:500858_A_G
5:567747_T_C	5:503369_C_T
5:567747_T_C	5:505310_T_C
5:567747_T_C	5:507307_G_A
5:567747_T_C	5:507322_T_C
5:567747_T_C	5:507762_CCA_C
5:567747_T_C	5:510493_G_A
5:567747_T_C	5:515464_A_C
5:567747_T_C	5:517927_A_ACCAT
5:567747_T_C	5:518434_C_T
5:567747_T_C	5:520263_G_A
5:567747_T_C	5:523995_G_A
5:567747_T_C	5:524772_A_G
5:567747_T_C	5:525165_CT_C
5:567747_T_C	5:526807_G_A
5:567747_T_C	5:528464_A_G
5:567747_T_C	5:528496_G_GCTGCGGGGCGTGGGGGGGTCGTGCGCT
5:567747_T_C	5:532605_C_CT
5:567747_T_C	5:532607_C_T
5:567747_T_C	5:532611_G_A
5:567747_T_C	5:532612_C_T
5:567747_T_C	5:532614_T_G
5:567747_T_C	5:532631_T_C
5:567747_T_C	5:532632_G_A
5:567747_T_C	5:535662_G_A
5:567747_T_C	5:536914_G_A
5:567747_T_C	5:537131_G_A
5:567747_T_C	5:537890_C_T
5:567747_T_C	5:540459_G_A
5:567747_T_C	5:540731_T_C
5:567747_T_C	5:542023_A_G
5:567747_T_C	5:547896_A_G
5:567747_T_C	5:548008_G_A
5:567747_T_C	5:548230_G_A
5:567747_T_C	5:548985_G_A
5:567747_T_C	5:548996_G_A
5:567747_T_C	5:549053_C_T
5:567747_T_C	5:549059_G_A
5:567747_T_C	5:549275_C_T
5:567747_T_C	5:551457_C_G
5:567747_T_C	5:554211_C_T
5:567747_T_C	5:554498_C_G
5:567747_T_C	5:554515_G_A
5:567747_T_C	5:555236_A_G
5:567747_T_C	5:555564_A_C
5:567747_T_C	5:556421_C_T
5:567747_T_C	5:558097_C_T
5:567747_T_C	5:558609_T_C
5:567747_T_C	5:559145_C_T
5:567747_T_C	5:559203_C_T
5:567747_T_C	5:560440_C_T
5:567747_T_C	5:560476_A_G
5:567747_T_C	5:560923_A_G
5:567747_T_C	5:561111_G_A
5:567747_T_C	5:561146_C_A
5:567747_T_C	5:561198_C_T
5:567747_T_C	5:564337_A_G
5:567747_T_C	5:568144_T_C
5:567747_T_C	5:568345_CT_C
5:567747_T_C	5:568413_A_T
5:567747_T_C	5:568665_C_T
5:567747_T_C	5:568685_C_T
5:567747_T_C	5:568857_C_A
5:567747_T_C	5:569230_C_G
5:567747_T_C	5:570105_T_C
5:567747_T_C	5:571052_A_G
5:567747_T_C	5:571183_A_G
5:567747_T_C	5:572043_ACAG_A
5:567747_T_C	5:572383_G_A
5:567747_T_C	5:573395_C_A
5:567747_T_C	5:574019_G_A
5:567747_T_C	5:574072_G_A
5:567747_T_C	5:575182_A_G
5:567747_T_C	5:575683_T_C
5:567747_T_C	5:575927_T_C
5:567747_T_C	5:577079_G_A
5:567747_T_C	5:577101_C_T
5:567747_T_C	5:578220_CA_C
5:567747_T_C	5:578404_G_T
5:567747_T_C	5:578572_A_G
5:567747_T_C	5:579066_A_C
5:567747_T_C	5:579080_C_A
5:567747_T_C	5:579269_C_T
5:567747_T_C	5:579737_G_A
5:567747_T_C	5:580129_T_C
5:567747_T_C	5:580665_A_T
5:567747_T_C	5:581053_A_G
5:567747_T_C	5:581193_G_A
5:567747_T_C	5:581593_C_T
5:567747_T_C	5:581772_A_G
5:567747_T_C	5:582324_C_T
5:567747_T_C	5:582362_G_A
5:567747_T_C	5:582669_A_G
5:567747_T_C	5:582917_A_C
5:567747_T_C	5:582997_G_A
5:567747_T_C	5:583198_G_A
5:567747_T_C	5:583216_C_A
5:567747_T_C	5:583918_T_C
5:567747_T_C	5:584319_G_A
5:567747_T_C	5:584519_G_A
5:567747_T_C	5:584767_G_GGTGA
5:567747_T_C	5:586340_A_C
5:567747_T_C	5:586624_A_G
5:567747_T_C	5:587261_C_A
5:567747_T_C	5:587432_C_T
5:567747_T_C	5:587825_T_C
5:567747_T_C	5:588123_C_A
5:567747_T_C	5:589343_A_T
5:567747_T_C	5:589853_G_T
5:567747_T_C	5:590458_T_C
5:567747_T_C	5:590626_A_G
5:567747_T_C	5:590710_C_A
5:567747_T_C	5:590742_T_C
5:567747_T_C	5:591138_G_A
5:567747_T_C	5:592819_C_T
5:567747_T_C	5:593160_A_G
5:567747_T_C	5:593308_T_A
5:567747_T_C	5:594987_A_C
5:567747_T_C	5:595021_G_GA
5:567747_T_C	5:595173_T_C
5:567747_T_C	5:595186_C_T
5:567747_T_C	5:595209_T_C
5:567747_T_C	5:595222_C_T
5:567747_T_C	5:595238_A_G
5:567747_T_C	5:595350_C_T
5:567747_T_C	5:595365_C_T
5:567747_T_C	5:595661_C_G
5:567747_T_C	5:595956_C_G
5:567747_T_C	5:596087_A_G
5:567747_T_C	5:596701_T_C
5:567747_T_C	5:597274_C_G
5:567747_T_C	5:597564_A_G
5:567747_T_C	5:597643_T_C
5:567747_T_C	5:597668_T_C
5:567747_T_C	5:598029_C_T
5:567747_T_C	5:598314_C_T
5:567747_T_C	5:599269_G_A
5:567747_T_C	5:599274_G_A
5:567747_T_C	5:600058_G_A
5:567747_T_C	5:600109_CT_C
5:567747_T_C	5:601485_C_T
5:567747_T_C	5:601789_T_C
5:567747_T_C	5:601966_T_A
5:567747_T_C	5:602650_A_G
5:567747_T_C	5:604066_T_C
5:567747_T_C	5:605064_G_T
5:567747_T_C	5:607388_G_A
5:567747_T_C	5:608706_C_T
5:567747_T_C	5:608889_C_T
5:567747_T_C	5:608939_C_T
5:567747_T_C	5:609526_C_T
5:567747_T_C	5:609661_G_A
5:567747_T_C	5:611385_CCCCCTACACACT_C
5:567747_T_C	5:612803_C_CTG
5:567747_T_C	5:614291_C_T
5:567747_T_C	5:614963_G_A
5:567747_T_C	5:615849_T_C
5:567747_T_C	5:616528_T_C
5:567747_T_C	5:616781_C_T
5:567747_T_C	5:617385_G_A
5:567747_T_C	5:617432_T_G
5:567747_T_C	5:617708_G_A
5:567747_T_C	5:617750_A_G
5:567747_T_C	5:617886_G_A
5:567747_T_C	5:617992_A_T
5:567747_T_C	5:618092_A_G
5:567747_T_C	5:618097_T_C
5:567747_T_C	5:618533_CAT_C
5:567747_T_C	5:618543_A_C
5:567747_T_C	5:618586_A_G
5:567747_T_C	5:619022_C_T
5:567747_T_C	5:619333_T_C
5:567747_T_C	5:619653_T_C
5:567747_T_C	5:619815_C_G
5:567747_T_C	5:621842_A_G
5:567747_T_C	5:622004_G_T
5:567747_T_C	5:622138_T_C
5:567747_T_C	5:622399_A_G
5:567747_T_C	5:622869_A_AC
5:567747_T_C	5:623733_G_A
5:567747_T_C	5:625670_A_G
5:567747_T_C	5:626956_A_G
5:567747_T_C	5:628294_G_A
5:567747_T_C	5:636299_C_T
5:567747_T_C	5:637107_C_T
5:567747_T_C	5:637277_A_G
5:567747_T_C	5:640404_CCCTA_C
5:567747_T_C	5:640728_G_A
5:567747_T_C	5:642293_A_G
5:567747_T_C	5:643028_T_G
5:567747_T_C	5:644552_G_T
5:567747_T_C	5:645484_C_T
5:567747_T_C	5:645562_C_T
5:567747_T_C	5:646418_G_C
5:567747_T_C	5:648812_G_A
5:567747_T_C	5:654939_C_T
5:567747_T_C	5:655067_G_A
5:567747_T_C	5:655438_C_T
5:567747_T_C	5:657291_T_C
5:567747_T_C	5:658160_G_T
5:567747_T_C	5:658875_C_G
5:567747_T_C	5:659437_T_C
5:567747_T_C	5:660491_C_T
5:567747_T_C	5:660804_C_T
5:567747_T_C	5:661856_T_C
5:567747_T_C	5:662547_T_C
5:567747_T_C	5:662613_C_G
5:567747_T_C	5:663027_T_G
5:567747_T_C	5:663298_C_T
5:567747_T_C	5:664084_G_A
5:567747_T_C	5:665295_A_G
5:567747_T_C	5:665671_C_T
5:567747_T_C	5:666244_G_GGGGCACAGGCGACTTA
5:567747_T_C	5:666270_G_A
5:567747_T_C	5:667620_G_A
5:567747_T_C	5:667915_G_A
5:567747_T_C	5:668370_G_C
5:567747_T_C	5:668574_C_CT
5:567747_T_C	5:668654_TCAGA_T
5:567747_T_C	5:668842_C_T
5:567747_T_C	5:670706_A_G
5:567747_T_C	5:670909_G_A
5:567747_T_C	5:671294_C_G
5:567747_T_C	5:671826_A_T
5:567747_T_C	5:672593_C_T
5:567747_T_C	5:672684_A_G
5:567747_T_C	5:674141_A_G
5:567747_T_C	5:675086_T_C
5:567747_T_C	5:675328_C_T
5:567747_T_C	5:675531_T_G
5:567747_T_C	5:675585_T_C
5:567747_T_C	5:675586_G_A
5:567747_T_C	5:676125_CAGCTTCTCTGGGACTGA_C
5:567747_T_C	5:676126_A_G
5:567747_T_C	5:676423_G_A
5:567747_T_C	5:676546_A_G
5:567747_T_C	5:676768_G_A
5:567747_T_C	5:676962_A_G
5:567747_T_C	5:677023_CAT_C
5:567747_T_C	5:677090_ACACACGACGCAGAAACGCG_A
5:567747_T_C	5:677152_G_A
5:567747_T_C	5:677200_C_T
5:567747_T_C	5:677239_T_C
5:567747_T_C	5:677348_T_C
5:567747_T_C	5:677662_G_A
5:567747_T_C	5:678767_C_T
5:567747_T_C	5:678950_G_C
5:567747_T_C	5:680005_T_C
5:567747_T_C	5:681279_G_C
5:567747_T_C	5:681976_G_A
5:567747_T_C	5:684483_C_T
5:567747_T_C	5:684640_C_G
5:567747_T_C	5:684848_G_A
5:567747_T_C	5:685849_G_A
5:567747_T_C	5:686244_C_A
5:567747_T_C	5:693446_A_C
5:567747_T_C	5:698433_A_G
5:567747_T_C	5:699427_A_G
5:567747_T_C	5:699647_G_A
5:567747_T_C	5:700345_G_A
5:567747_T_C	5:700560_G_A
5:567747_T_C	5:701329_T_C
5:567747_T_C	5:705470_A_G
5:567747_T_C	5:705938_C_T
5:567747_T_C	5:706312_A_T
5:567747_T_C	5:706437_C_T
5:567747_T_C	5:706555_A_G
5:567747_T_C	5:706557_T_C
5:567747_T_C	5:706797_A_C
5:567747_T_C	5:707472_A_G
5:567747_T_C	5:708980_C_T
5:567747_T_C	5:709572_G_A
5:567747_T_C	5:715767_C_T
5:567747_T_C	5:716207_T_A
5:567747_T_C	5:719581_G_C
5:567747_T_C	5:722310_A_G
5:567747_T_C	5:722691_G_A
5:567747_T_C	5:723000_T_C
5:567747_T_C	5:730271_A_G
5:567747_T_C	5:731888_C_G
5:567747_T_C	5:732300_C_T
5:567747_T_C	5:732478_C_T
5:567747_T_C	5:732598_G_C
5:567747_T_C	5:732599_G_A
5:567747_T_C	5:732882_C_T
5:567747_T_C	5:734004_G_A
5:567747_T_C	5:734221_T_C
5:567747_T_C	5:741736_G_T
5:567747_T_C	5:741999_A_G
5:567747_T_C	5:742139_T_A
5:567747_T_C	5:742739_T_C
5:567747_T_C	5:744275_C_T
5:567747_T_C	5:746870_C_A
5:567747_T_C	5:751589_C_T
5:567747_T_C	5:753867_G_A
5:567747_T_C	5:754437_C_T
5:567747_T_C	5:757282_T_C
5:567747_T_C	5:758035_G_C
5:567747_T_C	5:760056_T_C
5:567747_T_C	5:761748_G_A
5:567747_T_C	5:762776_A_G
5:567747_T_C	5:763281_A_G
5:567747_T_C	5:764510_A_G
5:567747_T_C	5:771642_T_C
5:567747_T_C	5:775780_G_A
5:567747_T_C	5:777706_T_C
5:567747_T_C	5:778031_A_AG
5:567747_T_C	5:784427_C_G
5:567747_T_C	5:785864_T_C
5:567747_T_C	5:790010_G_A
5:567747_T_C	5:790589_C_G
5:567747_T_C	5:790757_G_C
5:567747_T_C	5:791797_T_C
5:567747_T_C	5:792606_T_C
5:567747_T_C	5:797747_T_A
5:567747_T_C	5:804816_G_T
5:567747_T_C	5:806225_C_G
5:567747_T_C	5:812316_A_C
5:567747_T_C	5:813516_C_T
5:567747_T_C	5:814632_C_T
5:567747_T_C	5:814653_G_A
5:567747_T_C	5:822172_A_C
5:567747_T_C	5:824096_G_A
5:567747_T_C	5:825561_T_C
5:567747_T_C	5:825565_G_A
5:567747_T_C	5:828722_C_T
5:567747_T_C	5:833285_C_T
5:567747_T_C	5:834338_G_A
5:567747_T_C	5:834502_C_A
5:567747_T_C	5:834882_T_G
5:567747_T_C	5:834966_G_A
5:567747_T_C	5:835579_C_A
5:567747_T_C	5:836029_AT_A
5:567747_T_C	5:837776_T_G
5:567747_T_C	5:837831_A_G
5:567747_T_C	5:837849_T_C
5:567747_T_C	5:837923_C_T
5:567747_T_C	5:837987_A_G
5:567747_T_C	5:840575_T_C
5:567747_T_C	5:840973_T_C
5:567747_T_C	5:841614_T_A
5:567747_T_C	5:844185_G_A
5:567747_T_C	5:844186_C_T
5:567747_T_C	5:844262_T_C
5:567747_T_C	5:844594_C_T
5:567747_T_C	5:845481_G_A
5:567747_T_C	5:848581_G_A
5:567747_T_C	5:848710_G_A
5:567747_T_C	5:848962_A_C
5:567747_T_C	5:849248_T_C
5:567747_T_C	5:849504_G_A
5:567747_T_C	5:849605_C_G
5:567747_T_C	5:849627_C_T
5:567747_T_C	5:849709_G_A
5:567747_T_C	5:850066_G_C
5:567747_T_C	5:850072_C_CT
5:567747_T_C	5:850073_G_GCT
5:567747_T_C	5:850280_C_T
5:567747_T_C	5:850999_C_CCCTGGGCAGAGGACCTGG
5:567747_T_C	5:851114_C_T
5:567747_T_C	5:852180_AAAAAG_A
5:567747_T_C	5:853171_G_T
5:567747_T_C	5:853723_C_G
5:567747_T_C	5:854138_A_G
5:567747_T_C	5:854550_A_G
5:567747_T_C	5:855235_C_T
5:567747_T_C	5:855420_G_C
5:567747_T_C	5:856045_G_A
5:567747_T_C	5:857245_C_T
5:567747_T_C	5:857853_C_T
5:567747_T_C	5:858251_G_A
5:567747_T_C	5:858497_A_G
5:567747_T_C	5:858559_A_G
5:567747_T_C	5:861130_G_T
5:567747_T_C	5:861283_C_CACGT
5:567747_T_C	5:861467_G_A
5:567747_T_C	5:861905_G_A
5:567747_T_C	5:862182_T_C
5:567747_T_C	5:862220_CG_C
5:567747_T_C	5:862414_CTCT_C
5:567747_T_C	5:862682_A_G
5:567747_T_C	5:862841_G_A
5:567747_T_C	5:862957_G_A
5:567747_T_C	5:863097_G_A
5:567747_T_C	5:863797_C_T
5:567747_T_C	5:864466_G_A
5:567747_T_C	5:865970_G_A
5:567747_T_C	5:866718_G_A
5:567747_T_C	5:866971_A_T
5:567747_T_C	5:869546_C_T
5:567747_T_C	5:870555_A_G
5:567747_T_C	5:870619_A_G
5:567747_T_C	5:871105_C_CT
5:567747_T_C	5:871348_T_C
5:567747_T_C	5:871598_T_C
5:567747_T_C	5:871905_G_A
5:567747_T_C	5:872168_G_A
5:567747_T_C	5:872630_G_T
5:567747_T_C	5:872765_T_G
5:567747_T_C	5:873352_C_T
5:567747_T_C	5:873451_T_C
5:567747_T_C	5:873784_C_G
5:567747_T_C	5:875589_A_T
5:567747_T_C	5:876462_T_G
5:567747_T_C	5:877492_G_A
5:567747_T_C	5:878183_T_C
5:567747_T_C	5:878760_C_A
5:567747_T_C	5:880975_A_G
5:567747_T_C	5:883300_T_G
5:567747_T_C	5:884359_G_A
5:567747_T_C	5:884439_A_C
5:567747_T_C	5:884684_T_C
5:567747_T_C	5:885632_G_A
5:567747_T_C	5:886226_G_A
5:567747_T_C	5:886391_G_A
5:567747_T_C	5:887128_A_AGCCACTGAGGATG
5:567747_T_C	5:889091_C_T
5:567747_T_C	5:889369_C_T
5:567747_T_C	5:889396_G_A
5:567747_T_C	5:889497_C_A
5:567747_T_C	5:889694_C_A
5:567747_T_C	5:889923_C_T
5:567747_T_C	5:889924_C_G
5:567747_T_C	5:889932_G_T
5:567747_T_C	5:889933_C_T
5:567747_T_C	5:890030_G_C
5:567747_T_C	5:890124_T_C
5:567747_T_C	5:890356_G_A
5:567747_T_C	5:890634_T_G
5:567747_T_C	5:890888_T_C
5:567747_T_C	5:892846_C_T
5:567747_T_C	5:892955_G_A
5:567747_T_C	5:893452_T_A
5:567747_T_C	5:893492_ACCCTGC_A
5:567747_T_C	5:893695_T_A
5:567747_T_C	5:894439_A_G
5:567747_T_C	5:894583_C_G
5:567747_T_C	5:894623_G_A
5:567747_T_C	5:896333_G_T
5:567747_T_C	5:896726_C_G
5:567747_T_C	5:899944_G_A
5:567747_T_C	5:900096_T_G
5:567747_T_C	5:900839_T_C
5:567747_T_C	5:901194_T_A
5:567747_T_C	5:902702_G_A
5:567747_T_C	5:902789_T_TAAAAG
5:567747_T_C	5:903017_A_G
5:567747_T_C	5:903241_C_G
5:567747_T_C	5:903424_C_T
5:567747_T_C	5:903530_T_C
5:567747_T_C	5:905120_A_T
5:567747_T_C	5:905434_G_A
5:567747_T_C	5:906111_A_G
5:567747_T_C	5:906399_T_TC
5:567747_T_C	5:906459_T_TTG
5:567747_T_C	5:907094_C_T
5:567747_T_C	5:907505_G_A
5:567747_T_C	5:908588_A_G
5:567747_T_C	5:908596_A_G
5:567747_T_C	5:908929_T_C
5:567747_T_C	5:908930_G_A
5:567747_T_C	5:909000_G_C
5:567747_T_C	5:910106_G_GT
5:567747_T_C	5:910645_G_A
5:567747_T_C	5:910778_C_G
5:567747_T_C	5:910786_T_C
5:567747_T_C	5:911176_C_T
5:567747_T_C	5:911676_ACT_A
5:567747_T_C	5:911759_T_TAGG
5:567747_T_C	5:912120_AT_A
5:567747_T_C	5:912534_A_G
5:567747_T_C	5:912635_C_T
5:567747_T_C	5:914455_G_A
5:567747_T_C	5:914664_T_C
5:567747_T_C	5:914935_C_CGT
5:567747_T_C	5:914936_A_G
5:567747_T_C	5:915704_A_G
5:567747_T_C	5:915907_T_C
5:567747_T_C	5:915958_T_C
5:567747_T_C	5:916477_T_C
5:567747_T_C	5:916487_T_C
5:567747_T_C	5:916488_G_T
5:567747_T_C	5:916890_T_G
5:567747_T_C	5:916906_GC_G
5:567747_T_C	5:916975_G_A
5:567747_T_C	5:918812_C_G
5:567747_T_C	5:918963_T_G
5:567747_T_C	5:919797_G_T
5:567747_T_C	5:919829_T_A
5:567747_T_C	5:920106_T_C
5:567747_T_C	5:920306_C_T
5:567747_T_C	5:921181_C_CTTG
5:567747_T_C	5:921194_A_G
5:567747_T_C	5:922275_A_T
5:567747_T_C	5:922640_A_G
5:567747_T_C	5:922683_C_T
5:567747_T_C	5:922766_A_G
5:567747_T_C	5:922975_C_T
5:567747_T_C	5:923477_T_C
5:567747_T_C	5:923726_C_T
5:567747_T_C	5:925822_A_G
5:567747_T_C	5:927323_C_T
5:567747_T_C	5:927422_GCCCAAATCAGGCCACGAC_G
5:567747_T_C	5:927437_C_G
5:567747_T_C	5:927625_T_G
5:567747_T_C	5:928339_A_G
5:567747_T_C	5:928472_C_T
5:567747_T_C	5:928703_C_CTAAA
5:567747_T_C	5:928974_A_G
5:567747_T_C	5:929337_G_T
5:567747_T_C	5:929556_C_T
5:567747_T_C	5:929801_T_G
5:567747_T_C	5:930154_G_A
5:567747_T_C	5:930732_ATG_A
5:567747_T_C	5:930861_C_T
5:567747_T_C	5:931051_G_A
5:567747_T_C	5:931454_T_C
5:567747_T_C	5:932086_G_A
5:567747_T_C	5:932622_A_G
5:567747_T_C	5:932774_T_C
5:567747_T_C	5:933455_T_C
5:567747_T_C	5:933810_G_A
5:567747_T_C	5:933985_A_G
5:567747_T_C	5:934081_G_A
5:567747_T_C	5:934344_T_C
5:567747_T_C	5:935268_A_G
5:567747_T_C	5:935908_G_GGA
5:567747_T_C	5:936400_C_T
5:567747_T_C	5:936706_G_T
5:567747_T_C	5:936769_C_T
5:567747_T_C	5:936899_T_C
5:567747_T_C	5:937556_T_C
5:567747_T_C	5:937658_T_G
5:567747_T_C	5:938314_C_CAAA
5:567747_T_C	5:939674_T_C
5:567747_T_C	5:940249_CTTGT_C
5:567747_T_C	5:940713_T_C
5:567747_T_C	5:940998_G_T
5:567747_T_C	5:941003_T_C
5:567747_T_C	5:941657_G_A
5:567747_T_C	5:942839_G_A
5:567747_T_C	5:942911_C_CAT
5:567747_T_C	5:944226_G_A
5:567747_T_C	5:944338_C_T
5:567747_T_C	5:944707_A_C
5:567747_T_C	5:945617_C_T
5:567747_T_C	5:945911_T_C
5:567747_T_C	5:945930_C_T
5:567747_T_C	5:946106_A_G
5:567747_T_C	5:946215_G_A
5:567747_T_C	5:946418_A_C
5:567747_T_C	5:946658_A_C
5:567747_T_C	5:946680_C_T
5:567747_T_C	5:947364_A_G
5:567747_T_C	5:948194_T_C
5:567747_T_C	5:948512_T_C
5:567747_T_C	5:948881_C_T
5:567747_T_C	5:948923_C_T
5:567747_T_C	5:949037_A_G
5:567747_T_C	5:949634_T_C
5:567747_T_C	5:949916_C_G
5:567747_T_C	5:950264_A_G
5:567747_T_C	5:950299_G_C
5:567747_T_C	5:950970_C_T
5:567747_T_C	5:951358_T_C
5:567747_T_C	5:952662_C_G
5:567747_T_C	5:952668_T_G
5:567747_T_C	5:952827_C_T
5:567747_T_C	5:953248_C_CAA
5:567747_T_C	5:953251_T_C
5:567747_T_C	5:953252_A_T
5:567747_T_C	5:953269_C_CA
5:567747_T_C	5:953839_G_A
5:567747_T_C	5:958300_G_A
5:567747_T_C	5:958886_G_A
5:567747_T_C	5:959484_T_C
5:567747_T_C	5:959485_AC_A
5:567747_T_C	5:959593_C_T
5:567747_T_C	5:959681_G_T
5:567747_T_C	5:960783_T_C
5:567747_T_C	5:960843_A_G
5:567747_T_C	5:960972_G_C
5:567747_T_C	5:961287_T_C
5:567747_T_C	5:961997_T_C
5:567747_T_C	5:962542_A_C
5:567747_T_C	5:965617_A_G
5:567747_T_C	5:965910_C_T
5:567747_T_C	5:966099_A_G
5:567747_T_C	5:966181_T_TG
5:567747_T_C	5:966866_A_G
5:567747_T_C	5:969424_A_G
5:567747_T_C	5:969780_C_A
5:567747_T_C	5:972671_G_A
5:567747_T_C	5:973159_G_A
5:567747_T_C	5:973188_A_G
5:567747_T_C	5:975980_A_G
5:567747_T_C	5:979352_AAC_A
5:567747_T_C	5:980626_G_C
5:567747_T_C	5:1005474_T_C
5:567747_T_C	5:1150214_G_A
5:567747_T_C	5:1164178_A_G
5:567747_T_C	5:1165506_T_C
5:567747_T_C	5:1165750_A_G
5:567747_T_C	5:1165797_C_T
5:567747_T_C	5:1167356_T_C
5:567747_T_C	5:1169112_A_G
5:567747_T_C	5:1169186_A_G
5:567747_T_C	5:1170809_G_A
5:567747_T_C	5:1171121_T_C
5:567747_T_C	5:1688059_T_A
5:567747_T_C	5:1708218_C_T
5:567747_T_C	5:1708530_C_G
5:567747_T_C	5:1708983_G_A
5:567747_T_C	5:1977967_A_G
5:567747_T_C	5:2870681_C_T
5:567747_T_C	5:6003006_T_C
18:53397199_T_C	18:43806679_A_G
18:53397199_T_C	18:44348660_G_A
18:53397199_T_C	18:44390422_A_C
18:53397199_T_C	18:44432036_A_G
18:53397199_T_C	18:44533391_C_T
18:53397199_T_C	18:44800515_A_T
18:53397199_T_C	18:44813844_A_G
18:53397199_T_C	18:44817871_A_C
18:53397199_T_C	18:44817877_C_T
18:53397199_T_C	18:44818151_A_G
18:53397199_T_C	18:44819849_T_C
18:53397199_T_C	18:44825113_T_C
18:53397199_T_C	18:44825832_C_CT
18:53397199_T_C	18:44862067_T_G
18:53397199_T_C	18:44866849_C_T
18:53397199_T_C	18:44908587_G_T
18:53397199_T_C	18:44909077_A_G
18:53397199_T_C	18:44912187_C_G
18:53397199_T_C	18:44912842_A_G
18:53397199_T_C	18:44913877_T_C
18:53397199_T_C	18:44914483_T_C
18:53397199_T_C	18:44915586_AAG_A
18:53397199_T_C	18:44920231_A_G
18:53397199_T_C	18:44920491_A_G
18:53397199_T_C	18:46272266_G_A
18:53397199_T_C	18:46390546_G_C
18:53397199_T_C	18:46391099_T_G
18:53397199_T_C	18:47589323_G_A
18:53397199_T_C	18:47617088_T_C
18:53397199_T_C	18:47626136_C_T
18:53397199_T_C	18:47626488_C_T
18:53397199_T_C	18:52767815_T_C
18:53397199_T_C	18:52772459_G_A
18:53397199_T_C	18:52775066_A_G
18:53397199_T_C	18:52775181_C_G
18:53397199_T_C	18:52779361_T_C
18:53397199_T_C	18:52781714_A_G
18:53397199_T_C	18:52785216_A_C
18:53397199_T_C	18:52789630_T_C
18:53397199_T_C	18:52811393_G_A
18:53397199_T_C	18:52821222_A_G
18:53397199_T_C	18:52895724_G_A
18:53397199_T_C	18:53005934_C_A
18:53397199_T_C	18:53027723_C_T
18:53397199_T_C	18:53032482_A_G
18:53397199_T_C	18:53093724_T_C
18:53397199_T_C	18:53190188_G_A
18:53397199_T_C	18:53190198_T_A
18:53397199_T_C	18:53190307_T_C
18:53397199_T_C	18:53193027_G_A
18:53397199_T_C	18:53193029_C_CT
18:53397199_T_C	18:53193424_A_G
18:53397199_T_C	18:53195888_T_C
18:53397199_T_C	18:53197944_C_T
18:53397199_T_C	18:53198563_A_T
18:53397199_T_C	18:53198606_T_C
18:53397199_T_C	18:53198619_A_G
18:53397199_T_C	18:53201972_G_A
18:53397199_T_C	18:53204136_A_C
18:53397199_T_C	18:53236443_CA_C
18:53397199_T_C	18:53244414_A_T
18:53397199_T_C	18:53244442_TAA_T
18:53397199_T_C	18:53248151_T_C
18:53397199_T_C	18:53252388_G_A
18:53397199_T_C	18:53264343_A_G
18:53397199_T_C	18:53268697_GA_G
18:53397199_T_C	18:53270531_T_C
18:53397199_T_C	18:53276116_T_A
18:53397199_T_C	18:53276523_G_A
18:53397199_T_C	18:53284109_A_G
18:53397199_T_C	18:53287570_C_T
18:53397199_T_C	18:53294569_T_C
18:53397199_T_C	18:53305311_A_G
18:53397199_T_C	18:53310969_G_C
18:53397199_T_C	18:53320738_A_G
18:53397199_T_C	18:53321026_G_A
18:53397199_T_C	18:53331267_G_A
18:53397199_T_C	18:53335512_T_A
18:53397199_T_C	18:53337939_C_T
18:53397199_T_C	18:53349931_G_C
18:53397199_T_C	18:53352082_T_G
18:53397199_T_C	18:53365938_C_T
18:53397199_T_C	18:53367853_A_G
18:53397199_T_C	18:53368823_T_C
18:53397199_T_C	18:53374913_C_G
18:53397199_T_C	18:53375677_G_A
18:53397199_T_C	18:53377313_G_GTCCTAAGTA
18:53397199_T_C	18:53379992_T_C
18:53397199_T_C	18:53384696_T_C
18:53397199_T_C	18:53389061_G_A
18:53397199_T_C	18:53393895_T_C
18:53397199_T_C	18:53398626_G_A
18:53397199_T_C	18:53415185_G_A
18:53397199_T_C	18:53415377_G_A
18:53397199_T_C	18:53416114_T_A
18:53397199_T_C	18:53417639_A_G
18:53397199_T_C	18:53418551_T_C
18:53397199_T_C	18:53420402_T_TG
18:53397199_T_C	18:53422907_G_A
18:53397199_T_C	18:53424358_C_T
18:53397199_T_C	18:53425670_C_T
18:53397199_T_C	18:53427481_T_C
18:53397199_T_C	18:53442119_A_C
18:53397199_T_C	18:53442480_C_T
18:53397199_T_C	18:53443429_C_T
18:53397199_T_C	18:53447005_T_C
18:53397199_T_C	18:53448395_T_C
18:53397199_T_C	18:53450864_C_T
18:53397199_T_C	18:53456801_T_C
18:53397199_T_C	18:53457048_CT_C
18:53397199_T_C	18:53461871_C_T
18:53397199_T_C	18:53462541_TAAAAC_T
18:53397199_T_C	18:53462608_G_A
18:53397199_T_C	18:53463280_A_AATG
18:53397199_T_C	18:53463618_T_C
18:53397199_T_C	18:53464917_G_A
18:53397199_T_C	18:53465800_C_T
18:53397199_T_C	18:53465840_G_A
18:53397199_T_C	18:53466338_T_G
18:53397199_T_C	18:53527694_GAC_G
18:53397199_T_C	18:53528138_T_G
18:53397199_T_C	18:53635086_T_A
18:53397199_T_C	18:53666098_A_G
18:53397199_T_C	18:53767153_C_A
18:53397199_T_C	18:53769365_T_C
18:53397199_T_C	18:53775323_C_T
18:53397199_T_C	18:53789823_G_C
18:53397199_T_C	18:53797273_A_AT
18:53397199_T_C	18:53805335_C_A
18:53397199_T_C	18:53806038_T_G
18:53397199_T_C	18:53839244_C_T
18:53397199_T_C	18:54921442_G_A
18:53397199_T_C	18:54922224_A_G
18:53397199_T_C	18:54924628_G_C
18:53397199_T_C	18:54926295_G_T
18:53397199_T_C	18:59561454_C_G
11:126727683_T_C	11:118262706_C_T
11:126727683_T_C	11:118478330_G_A
11:126727683_T_C	11:118523799_T_C
11:126727683_T_C	11:118539151_G_A
11:126727683_T_C	11:118543589_C_G
11:126727683_T_C	11:118573894_A_G
11:126727683_T_C	11:118573916_A_T
11:126727683_T_C	11:118574311_C_T
11:126727683_T_C	11:118575011_T_C
11:126727683_T_C	11:118575180_T_C
11:126727683_T_C	11:118575254_A_ATTAT
11:126727683_T_C	11:118575419_G_A
11:126727683_T_C	11:118575479_A_G
11:126727683_T_C	11:118575693_T_C
11:126727683_T_C	11:118580348_C_T
11:126727683_T_C	11:118580906_A_G
11:126727683_T_C	11:118588998_T_C
11:126727683_T_C	11:118589379_G_A
11:126727683_T_C	11:118589810_G_C
11:126727683_T_C	11:118590007_T_C
11:126727683_T_C	11:118590078_G_A
11:126727683_T_C	11:118590150_C_T
11:126727683_T_C	11:118590197_C_T
11:126727683_T_C	11:118590211_T_A
11:126727683_T_C	11:118590266_A_G
11:126727683_T_C	11:118591063_TG_T
11:126727683_T_C	11:118595207_T_A
11:126727683_T_C	11:118597152_A_G
11:126727683_T_C	11:118598138_T_C
11:126727683_T_C	11:118598612_T_G
11:126727683_T_C	11:118599068_TG_T
11:126727683_T_C	11:118600742_T_C
11:126727683_T_C	11:118603983_C_T
11:126727683_T_C	11:118607622_G_A
11:126727683_T_C	11:118618620_C_G
11:126727683_T_C	11:118648606_G_GAA
11:126727683_T_C	11:118667386_GTGAT_G
11:126727683_T_C	11:118679629_A_T
11:126727683_T_C	11:118699276_C_T
11:126727683_T_C	11:118700557_A_G
11:126727683_T_C	11:118705753_G_A
11:126727683_T_C	11:118708266_T_G
11:126727683_T_C	11:118711069_C_T
11:126727683_T_C	11:118711830_G_A
11:126727683_T_C	11:118720309_C_CAAAAAAAAAAAAA
11:126727683_T_C	11:119644360_G_A
11:126727683_T_C	11:119647079_T_C
11:126727683_T_C	11:119794509_G_A
11:126727683_T_C	11:119795594_C_A
11:126727683_T_C	11:119795611_G_T
11:126727683_T_C	11:119797863_G_C
11:126727683_T_C	11:120671680_C_CT
11:126727683_T_C	11:126286588_A_C
11:126727683_T_C	11:126615390_CA_C
11:126727683_T_C	11:126615561_A_G
11:126727683_T_C	11:126619581_C_A
11:126727683_T_C	11:126625718_CAGAGAG_C
11:126727683_T_C	11:126626079_G_A
11:126727683_T_C	11:126626613_A_T
11:126727683_T_C	11:126626721_C_T
11:126727683_T_C	11:126626823_C_T
11:126727683_T_C	11:126629793_C_A
11:126727683_T_C	11:126641388_T_C
11:126727683_T_C	11:126644059_CTT_C
11:126727683_T_C	11:126646485_A_G
11:126727683_T_C	11:126654824_G_A
11:126727683_T_C	11:126656835_A_C
11:126727683_T_C	11:126662059_C_T
11:126727683_T_C	11:126665310_C_G
11:126727683_T_C	11:126665707_T_C
11:126727683_T_C	11:126673586_A_G
11:126727683_T_C	11:126676389_G_C
11:126727683_T_C	11:126678521_G_T
11:126727683_T_C	11:126682004_T_G
11:126727683_T_C	11:126682129_T_C
11:126727683_T_C	11:126683359_A_C
11:126727683_T_C	11:126685198_G_A
11:126727683_T_C	11:126685222_C_T
11:126727683_T_C	11:126686763_T_C
11:126727683_T_C	11:126686960_C_T
11:126727683_T_C	11:126687022_G_A
11:126727683_T_C	11:126687897_A_G
11:126727683_T_C	11:126688005_C_A
11:126727683_T_C	11:126688022_G_C
11:126727683_T_C	11:126688112_T_C
11:126727683_T_C	11:126688352_A_G
11:126727683_T_C	11:126688515_TAGTA_T
11:126727683_T_C	11:126688632_C_T
11:126727683_T_C	11:126688674_G_A
11:126727683_T_C	11:126688694_A_G
11:126727683_T_C	11:126688706_CCTCTA_C
11:126727683_T_C	11:126689011_G_GAA
11:126727683_T_C	11:126689033_T_C
11:126727683_T_C	11:126689045_C_T
11:126727683_T_C	11:126689508_G_A
11:126727683_T_C	11:126689656_T_C
11:126727683_T_C	11:126689694_A_C
11:126727683_T_C	11:126689943_T_C
11:126727683_T_C	11:126689965_A_C
11:126727683_T_C	11:126690023_T_A
11:126727683_T_C	11:126690040_T_A
11:126727683_T_C	11:126690207_T_TA
11:126727683_T_C	11:126690635_A_G
11:126727683_T_C	11:126690798_C_T
11:126727683_T_C	11:126690826_C_A
11:126727683_T_C	11:126690880_C_A
11:126727683_T_C	11:126690882_C_T
11:126727683_T_C	11:126690949_G_A
11:126727683_T_C	11:126691069_A_C
11:126727683_T_C	11:126691224_GTATATATATATA_G
11:126727683_T_C	11:126691446_C_T
11:126727683_T_C	11:126691523_T_C
11:126727683_T_C	11:126691831_A_C
11:126727683_T_C	11:126692076_C_A
11:126727683_T_C	11:126692197_C_T
11:126727683_T_C	11:126692384_T_TTA
11:126727683_T_C	11:126692574_T_C
11:126727683_T_C	11:126692630_A_G
11:126727683_T_C	11:126692810_C_T
11:126727683_T_C	11:126692910_A_G
11:126727683_T_C	11:126692966_C_G
11:126727683_T_C	11:126693551_A_G
11:126727683_T_C	11:126693775_T_C
11:126727683_T_C	11:126693786_C_T
11:126727683_T_C	11:126693798_G_A
11:126727683_T_C	11:126693989_A_C
11:126727683_T_C	11:126694404_G_A
11:126727683_T_C	11:126694407_T_C
11:126727683_T_C	11:126694633_G_A
11:126727683_T_C	11:126694910_A_G
11:126727683_T_C	11:126694932_T_G
11:126727683_T_C	11:126695065_G_C
11:126727683_T_C	11:126695090_C_T
11:126727683_T_C	11:126695147_C_A
11:126727683_T_C	11:126695340_G_A
11:126727683_T_C	11:126695460_T_G
11:126727683_T_C	11:126695666_G_A
11:126727683_T_C	11:126695770_G_A
11:126727683_T_C	11:126695781_T_C
11:126727683_T_C	11:126695833_A_G
11:126727683_T_C	11:126695954_C_T
11:126727683_T_C	11:126695955_T_C
11:126727683_T_C	11:126695977_A_G
11:126727683_T_C	11:126696129_T_G
11:126727683_T_C	11:126696405_A_G
11:126727683_T_C	11:126696432_G_A
11:126727683_T_C	11:126696443_G_A
11:126727683_T_C	11:126696563_G_C
11:126727683_T_C	11:126696572_T_C
11:126727683_T_C	11:126696596_A_G
11:126727683_T_C	11:126696829_T_C
11:126727683_T_C	11:126696845_G_A
11:126727683_T_C	11:126696998_A_G
11:126727683_T_C	11:126697075_A_AT
11:126727683_T_C	11:126697111_T_C
11:126727683_T_C	11:126697404_T_A
11:126727683_T_C	11:126697505_G_T
11:126727683_T_C	11:126697646_A_C
11:126727683_T_C	11:126697659_G_A
11:126727683_T_C	11:126698007_T_C
11:126727683_T_C	11:126698736_C_T
11:126727683_T_C	11:126698865_C_G
11:126727683_T_C	11:126698888_A_G
11:126727683_T_C	11:126699094_C_T
11:126727683_T_C	11:126699171_A_G
11:126727683_T_C	11:126699261_C_G
11:126727683_T_C	11:126699328_T_C
11:126727683_T_C	11:126699404_C_CA
11:126727683_T_C	11:126699508_C_T
11:126727683_T_C	11:126699770_T_G
11:126727683_T_C	11:126700566_C_T
11:126727683_T_C	11:126701016_A_G
11:126727683_T_C	11:126701266_C_T
11:126727683_T_C	11:126701537_G_A
11:126727683_T_C	11:126701655_G_A
11:126727683_T_C	11:126703409_C_T
11:126727683_T_C	11:126705844_C_T
11:126727683_T_C	11:126706091_G_C
11:126727683_T_C	11:126706375_C_CTTAAG
11:126727683_T_C	11:126706516_C_T
11:126727683_T_C	11:126709017_C_T
11:126727683_T_C	11:126709429_T_C
11:126727683_T_C	11:126710653_G_A
11:126727683_T_C	11:126711088_G_A
11:126727683_T_C	11:126711506_C_T
11:126727683_T_C	11:126711573_A_T
11:126727683_T_C	11:126711991_A_C
11:126727683_T_C	11:126712178_G_A
11:126727683_T_C	11:126712503_T_C
11:126727683_T_C	11:126712509_C_T
11:126727683_T_C	11:126713428_A_C
11:126727683_T_C	11:126713901_G_A
11:126727683_T_C	11:126713968_T_C
11:126727683_T_C	11:126714494_G_A
11:126727683_T_C	11:126715012_A_C
11:126727683_T_C	11:126715151_C_A
11:126727683_T_C	11:126715550_C_T
11:126727683_T_C	11:126716551_A_AAAAAC
11:126727683_T_C	11:126716639_T_C
11:126727683_T_C	11:126716703_G_A
11:126727683_T_C	11:126716761_G_A
11:126727683_T_C	11:126716836_A_C
11:126727683_T_C	11:126716868_T_C
11:126727683_T_C	11:126716873_TGAAAA_T
11:126727683_T_C	11:126717693_C_T
11:126727683_T_C	11:126717770_A_G
11:126727683_T_C	11:126717839_T_C
11:126727683_T_C	11:126718003_G_A
11:126727683_T_C	11:126718033_C_T
11:126727683_T_C	11:126718206_C_A
11:126727683_T_C	11:126718885_A_C
11:126727683_T_C	11:126718892_C_A
11:126727683_T_C	11:126719066_T_C
11:126727683_T_C	11:126719101_G_A
11:126727683_T_C	11:126719175_AC_A
11:126727683_T_C	11:126719221_C_T
11:126727683_T_C	11:126719253_C_G
11:126727683_T_C	11:126719268_G_T
11:126727683_T_C	11:126719284_A_C
11:126727683_T_C	11:126719482_T_C
11:126727683_T_C	11:126719510_G_A
11:126727683_T_C	11:126719569_G_A
11:126727683_T_C	11:126719589_C_G
11:126727683_T_C	11:126720082_T_C
11:126727683_T_C	11:126720091_C_T
11:126727683_T_C	11:126720663_A_G
11:126727683_T_C	11:126721152_T_C
11:126727683_T_C	11:126721324_G_C
11:126727683_T_C	11:126721345_T_C
11:126727683_T_C	11:126721476_G_A
11:126727683_T_C	11:126721505_C_T
11:126727683_T_C	11:126721712_G_A
11:126727683_T_C	11:126721767_C_T
11:126727683_T_C	11:126721814_C_T
11:126727683_T_C	11:126721824_A_G
11:126727683_T_C	11:126721930_G_A
11:126727683_T_C	11:126721944_CTTTT_C
11:126727683_T_C	11:126722037_C_T
11:126727683_T_C	11:126722183_A_G
11:126727683_T_C	11:126722247_C_T
11:126727683_T_C	11:126722296_G_A
11:126727683_T_C	11:126722430_C_A
11:126727683_T_C	11:126723548_T_G
11:126727683_T_C	11:126723678_C_G
11:126727683_T_C	11:126723893_G_C
11:126727683_T_C	11:126724364_C_T
11:126727683_T_C	11:126724477_C_A
11:126727683_T_C	11:126724899_C_A
11:126727683_T_C	11:126725412_T_C
11:126727683_T_C	11:126726182_T_G
11:126727683_T_C	11:126726213_C_T
11:126727683_T_C	11:126726514_A_AT
11:126727683_T_C	11:126727687_GT_G
11:126727683_T_C	11:126727947_T_C
11:126727683_T_C	11:126728188_A_G
11:126727683_T_C	11:126728477_C_T
11:126727683_T_C	11:126730298_T_C
11:126727683_T_C	11:126732480_A_C
11:126727683_T_C	11:126732833_A_G
11:126727683_T_C	11:126733291_TGA_T
11:126727683_T_C	11:126733297_C_T
11:126727683_T_C	11:126733309_T_C
11:126727683_T_C	11:126733315_C_T
11:126727683_T_C	11:126733317_CAT_C
11:126727683_T_C	11:126733318_A_G
11:126727683_T_C	11:126733389_TGTGA_T
11:126727683_T_C	11:126733513_T_TGTGA
11:126727683_T_C	11:126735193_A_T
11:126727683_T_C	11:126735583_G_A
11:126727683_T_C	11:126735758_T_C
11:126727683_T_C	11:126735963_G_A
11:126727683_T_C	11:126736430_G_A
11:126727683_T_C	11:126736485_G_GT
11:126727683_T_C	11:126736552_A_C
11:126727683_T_C	11:126738370_A_C
11:126727683_T_C	11:126738911_A_C
11:126727683_T_C	11:126739694_C_G
11:126727683_T_C	11:126740076_G_T
11:126727683_T_C	11:126741020_C_T
11:126727683_T_C	11:126741054_C_T
11:126727683_T_C	11:126741484_G_A
11:126727683_T_C	11:126743586_G_T
11:126727683_T_C	11:126745325_A_G
11:126727683_T_C	11:126745671_T_C
11:126727683_T_C	11:126745828_T_C
11:126727683_T_C	11:126745844_G_A
11:126727683_T_C	11:126746238_G_A
11:126727683_T_C	11:126746411_T_C
11:126727683_T_C	11:126746469_T_C
11:126727683_T_C	11:126748427_T_A
11:126727683_T_C	11:126757762_T_A
11:126727683_T_C	11:126759285_C_T
11:126727683_T_C	11:126760157_C_T
11:126727683_T_C	11:126772347_C_T
11:126727683_T_C	11:126781620_C_T
11:126727683_T_C	11:126785477_C_T
11:126727683_T_C	11:126787441_A_C
11:126727683_T_C	11:126789002_G_A
11:126727683_T_C	11:126790301_A_G
11:126727683_T_C	11:130708278_C_T
11:126727683_T_C	11:130712832_G_T
11:126727683_T_C	11:130715671_T_A
11:126727683_T_C	11:130741075_G_A
11:126727683_T_C	11:132828900_G_C
11:126727683_T_C	11:132828991_T_C
11:126727683_T_C	11:132829128_G_A
11:126727683_T_C	11:132829509_C_CA
11:126727683_T_C	11:132829680_C_T
11:126727683_T_C	11:134697903_G_GTA
7:70738028_C_T	7:67195396_CAAA_C
7:70738028_C_T	7:67222430_C_T
7:70738028_C_T	7:67222924_T_G
7:70738028_C_T	7:67223257_G_T
7:70738028_C_T	7:67224293_A_G
7:70738028_C_T	7:67224837_G_A
7:70738028_C_T	7:67225206_G_A
7:70738028_C_T	7:67225255_T_TA
7:70738028_C_T	7:67225649_T_C
7:70738028_C_T	7:67226108_G_T
7:70738028_C_T	7:67226274_A_G
7:70738028_C_T	7:67226488_G_A
7:70738028_C_T	7:67228724_T_C
7:70738028_C_T	7:67230664_G_A
7:70738028_C_T	7:67231419_C_T
7:70738028_C_T	7:67233297_C_A
7:70738028_C_T	7:67643851_T_C
7:70738028_C_T	7:67643983_T_C
7:70738028_C_T	7:68498032_G_A
7:70738028_C_T	7:68509110_C_T
7:70738028_C_T	7:69247844_C_T
7:70738028_C_T	7:69457079_C_T
7:70738028_C_T	7:69932619_A_C
7:70738028_C_T	7:70116058_A_G
7:70738028_C_T	7:70718507_T_G
7:70738028_C_T	7:70718834_T_A
7:70738028_C_T	7:70719222_A_G
7:70738028_C_T	7:70720209_A_G
7:70738028_C_T	7:70720781_T_C
7:70738028_C_T	7:70721012_A_G
7:70738028_C_T	7:70721565_TAAAAACC_T
7:70738028_C_T	7:70721939_A_G
7:70738028_C_T	7:70723883_TG_T
7:70738028_C_T	7:70724632_G_T
7:70738028_C_T	7:70724906_C_T
7:70738028_C_T	7:70725695_G_C
7:70738028_C_T	7:70726179_C_T
7:70738028_C_T	7:70726379_G_A
7:70738028_C_T	7:70726412_C_CTG
7:70738028_C_T	7:70727300_T_C
7:70738028_C_T	7:70727516_A_G
7:70738028_C_T	7:70728217_T_C
7:70738028_C_T	7:70728324_C_T
7:70738028_C_T	7:70728492_G_C
7:70738028_C_T	7:70729421_A_G
7:70738028_C_T	7:70729451_A_G
7:70738028_C_T	7:70729787_A_G
7:70738028_C_T	7:70729829_T_C
7:70738028_C_T	7:70729834_T_G
7:70738028_C_T	7:70730073_A_C
7:70738028_C_T	7:70730922_C_T
7:70738028_C_T	7:70731011_C_T
7:70738028_C_T	7:70731190_TC_T
7:70738028_C_T	7:70731335_T_C
7:70738028_C_T	7:70731435_A_G
7:70738028_C_T	7:70731498_C_T
7:70738028_C_T	7:70733878_T_C
7:70738028_C_T	7:70734461_T_A
7:70738028_C_T	7:70734503_C_A
7:70738028_C_T	7:70735103_T_C
7:70738028_C_T	7:70735383_C_T
7:70738028_C_T	7:70735926_G_GA
7:70738028_C_T	7:70736168_A_G
7:70738028_C_T	7:70736732_C_CT
7:70738028_C_T	7:70737087_T_C
7:70738028_C_T	7:70737207_C_T
7:70738028_C_T	7:70737289_T_C
7:70738028_C_T	7:70737351_G_A
7:70738028_C_T	7:70737384_G_A
7:70738028_C_T	7:70737469_G_C
7:70738028_C_T	7:70737628_G_A
7:70738028_C_T	7:70737764_A_G
7:70738028_C_T	7:70737858_A_C
7:70738028_C_T	7:70737875_T_A
7:70738028_C_T	7:70737884_T_C
7:70738028_C_T	7:70738729_G_A
7:70738028_C_T	7:70740678_G_A
7:70738028_C_T	7:70837878_C_T
7:70738028_C_T	7:71661478_CA_C
7:70738028_C_T	7:73408830_G_C
7:70738028_C_T	7:73409861_G_T
7:70738028_C_T	7:73410290_G_A
7:70738028_C_T	7:73411944_G_A
7:70738028_C_T	7:73411970_C_T
7:70738028_C_T	7:73413936_G_A
7:70738028_C_T	7:73414604_A_G
7:70738028_C_T	7:73420768_C_T
7:70738028_C_T	7:73420801_T_C
7:70738028_C_T	7:73420940_T_G
7:70738028_C_T	7:73421148_G_C
7:70738028_C_T	7:73421175_C_T
7:70738028_C_T	7:73424204_G_A
7:70738028_C_T	7:73425745_C_G
7:70738028_C_T	7:73427303_G_A
7:70738028_C_T	7:73428022_G_A
7:70738028_C_T	7:73429210_G_A
7:70738028_C_T	7:73431189_G_T
7:70738028_C_T	7:75099785_T_C
7:70738028_C_T	7:75650398_A_AT
7:70738028_C_T	7:75667740_A_ATTCT
7:70738028_C_T	7:75869398_C_T
7:70738028_C_T	7:75879334_A_G
7:70738028_C_T	7:75879360_TTTA_T
7:70738028_C_T	7:75879451_T_C
7:70738028_C_T	7:75879792_C_T
7:70738028_C_T	7:75882026_A_C
7:70738028_C_T	7:75883092_T_C
7:70738028_C_T	7:75883434_A_G
7:70738028_C_T	7:75883794_A_G
7:70738028_C_T	7:75884867_T_C
7:70738028_C_T	7:75886706_G_A
7:70738028_C_T	7:75887815_A_G
7:70738028_C_T	7:75888143_A_G
7:70738028_C_T	7:75889151_G_GC
7:70738028_C_T	7:75889184_T_C
7:70738028_C_T	7:75893052_G_A
7:70738028_C_T	7:75893194_A_C
X:117674859_A_G	X:113410620_C_T
X:117674859_A_G	X:113417766_G_A
X:117674859_A_G	X:117627792_A_G
X:117674859_A_G	X:117632196_C_G
X:117674859_A_G	X:117633541_A_G
X:117674859_A_G	X:117633834_C_G
X:117674859_A_G	X:117636479_T_C
X:117674859_A_G	X:117637212_T_C
X:117674859_A_G	X:117637693_A_AAGG
X:117674859_A_G	X:117638803_T_C
X:117674859_A_G	X:117646212_G_T
X:117674859_A_G	X:117647581_T_A
X:117674859_A_G	X:117647701_A_C
X:117674859_A_G	X:117647745_C_G
X:117674859_A_G	X:117650371_TCCTCC_T
X:117674859_A_G	X:117655110_T_C
X:117674859_A_G	X:117656871_G_A
X:117674859_A_G	X:117659786_GA_G
X:117674859_A_G	X:117664141_T_C
X:117674859_A_G	X:117665246_A_G
X:117674859_A_G	X:117665793_A_ATT
X:117674859_A_G	X:117668083_G_T
X:117674859_A_G	X:117668960_G_A
X:117674859_A_G	X:117670547_C_T
X:117674859_A_G	X:117675169_C_T
X:117674859_A_G	X:117712180_A_T
X:117674859_A_G	X:117713384_G_GA
X:117674859_A_G	X:117714625_A_AT
X:117674859_A_G	X:117715203_T_C
X:117674859_A_G	X:117716713_G_A
X:117674859_A_G	X:117717744_A_C
X:117674859_A_G	X:117717861_G_A
X:117674859_A_G	X:117718402_T_TTCATAAATA
X:117674859_A_G	X:117718670_T_A
X:117674859_A_G	X:117720864_T_TA
X:117674859_A_G	X:117721216_T_C
X:117674859_A_G	X:117725734_G_A
X:117674859_A_G	X:117725770_A_G
X:117674859_A_G	X:117725772_A_T
X:117674859_A_G	X:117725819_G_C
X:117674859_A_G	X:117725823_C_T
X:117674859_A_G	X:117725865_A_G
X:117674859_A_G	X:117726286_C_T
X:117674859_A_G	X:117726302_T_A
X:117674859_A_G	X:117726338_G_A
X:117674859_A_G	X:117726339_A_T
X:117674859_A_G	X:117742356_C_T
X:117674859_A_G	X:117743869_T_C
X:117674859_A_G	X:117760244_A_G
X:117674859_A_G	X:117778645_A_C
X:117674859_A_G	X:117795439_T_C
X:117674859_A_G	X:117797282_A_G
X:117674859_A_G	X:117800049_G_A
X:117674859_A_G	X:117801385_G_GT
X:117674859_A_G	X:117806319_G_C
X:117674859_A_G	X:117810831_C_T
X:117674859_A_G	X:117827105_A_T
X:117674859_A_G	X:117832261_ATTCCCCTCATTTGGAT_A
X:117674859_A_G	X:117844411_AT_A
X:117674859_A_G	X:117861321_G_T
X:117674859_A_G	X:117888307_A_G
X:117674859_A_G	X:117904121_G_A
X:117674859_A_G	X:117915163_T_TA
X:117674859_A_G	X:117933894_A_T
X:117674859_A_G	X:117937313_G_T
X:117674859_A_G	X:117944403_CA_C
X:117674859_A_G	X:118559963_G_A
X:117674859_A_G	X:118582352_C_G
X:117674859_A_G	X:121494617_G_T
X:117674859_A_G	X:121495376_G_A
X:117674859_A_G	X:121911050_A_T
X:117674859_A_G	X:124328772_TTGAGTTTCCAG_T
X:117674859_A_G	X:124345141_G_A
7:17285867_C_G	7:8005762_A_G
7:17285867_C_G	7:9342201_G_A
7:17285867_C_G	7:9342352_C_T
7:17285867_C_G	7:9343607_G_A
7:17285867_C_G	7:9347799_G_A
7:17285867_C_G	7:9350490_T_C
7:17285867_C_G	7:9353342_G_A
7:17285867_C_G	7:9356570_A_G
7:17285867_C_G	7:9371892_A_G
7:17285867_C_G	7:9491593_ACC_A
7:17285867_C_G	7:9660464_G_C
7:17285867_C_G	7:9663296_G_C
7:17285867_C_G	7:9664640_G_A
7:17285867_C_G	7:9668722_A_T
7:17285867_C_G	7:9673611_T_A
7:17285867_C_G	7:9679455_A_G
7:17285867_C_G	7:9679663_G_A
7:17285867_C_G	7:16496147_T_C
7:17285867_C_G	7:16811013_A_G
7:17285867_C_G	7:16919172_A_C
7:17285867_C_G	7:16919558_G_A
7:17285867_C_G	7:16924885_G_A
7:17285867_C_G	7:16926083_A_G
7:17285867_C_G	7:16926356_TTTA_T
7:17285867_C_G	7:16926362_TA_T
7:17285867_C_G	7:16926363_A_T
7:17285867_C_G	7:16988536_T_C
7:17285867_C_G	7:16988726_A_G
7:17285867_C_G	7:16988799_G_GT
7:17285867_C_G	7:16989678_A_G
7:17285867_C_G	7:16990425_G_A
7:17285867_C_G	7:16990447_G_C
7:17285867_C_G	7:16991550_G_A
7:17285867_C_G	7:16991838_G_A
7:17285867_C_G	7:16992446_T_A
7:17285867_C_G	7:16993384_G_A
7:17285867_C_G	7:16994199_G_A
7:17285867_C_G	7:16994248_G_T
7:17285867_C_G	7:16994441_G_C
7:17285867_C_G	7:16996176_AGTTAT_A
7:17285867_C_G	7:17177312_T_C
7:17285867_C_G	7:17181096_A_ATAAT
7:17285867_C_G	7:17280513_A_C
7:17285867_C_G	7:17281007_A_ACG
7:17285867_C_G	7:17281036_T_C
7:17285867_C_G	7:17281820_C_T
7:17285867_C_G	7:17284989_C_T
7:17285867_C_G	7:17287106_A_G
7:17285867_C_G	7:17287998_A_G
7:17285867_C_G	7:17288308_CAAGTA_C
7:17285867_C_G	7:17296072_C_T
7:17285867_C_G	7:17303778_C_T
7:17285867_C_G	7:17307374_G_A
7:17285867_C_G	7:17307847_T_C
7:17285867_C_G	7:17308367_T_C
7:17285867_C_G	7:17309180_G_A
7:17285867_C_G	7:17312025_C_A
7:17285867_C_G	7:17313726_T_G
7:17285867_C_G	7:17325168_A_T
7:17285867_C_G	7:17338147_C_T
7:17285867_C_G	7:17341796_A_G
7:17285867_C_G	7:17343405_A_G
7:17285867_C_G	7:17344998_T_C
7:17285867_C_G	7:17345614_A_G
7:17285867_C_G	7:17347898_T_C
7:17285867_C_G	7:17348119_T_C
7:17285867_C_G	7:17348907_T_C
7:17285867_C_G	7:17350069_A_G
7:17285867_C_G	7:17356347_T_C
7:17285867_C_G	7:17357873_T_G
7:17285867_C_G	7:17364425_GA_G
7:17285867_C_G	7:17381740_T_C
7:17285867_C_G	7:17385506_A_AT
7:17285867_C_G	7:17392620_C_A
7:17285867_C_G	7:17396746_G_GTTAACA
7:17285867_C_G	7:17422542_T_A
7:17285867_C_G	7:17675292_A_T
7:17285867_C_G	7:17685412_A_C
7:17285867_C_G	7:17691690_A_G
7:17285867_C_G	7:17729429_C_T
7:17285867_C_G	7:17914600_C_T
7:17285867_C_G	7:17953828_G_GA
7:17285867_C_G	7:17970710_C_G
7:17285867_C_G	7:17970976_TCC_TC
7:17285867_C_G	7:17970976_TC_T
7:17285867_C_G	7:17970978_C_G
7:17285867_C_G	7:18116078_T_C
7:17285867_C_G	7:18244523_T_C
7:17285867_C_G	7:18245443_G_A
7:17285867_C_G	7:26411778_AAATT_A
7:17285867_C_G	7:26419872_T_TA
7:17285867_C_G	7:27283990_GC_G
5:103949430_ACATAT_A	5:94273452_C_G
5:103949430_ACATAT_A	5:94274954_A_T
5:103949430_ACATAT_A	5:94275477_T_C
5:103949430_ACATAT_A	5:94407274_ATTC_A
5:103949430_ACATAT_A	5:94498830_C_G
5:103949430_ACATAT_A	5:97557011_C_A
5:103949430_ACATAT_A	5:97731631_G_A
5:103949430_ACATAT_A	5:97738804_C_T
5:103949430_ACATAT_A	5:97739044_T_C
5:103949430_ACATAT_A	5:97740803_A_C
5:103949430_ACATAT_A	5:97747886_G_T
5:103949430_ACATAT_A	5:97749073_G_A
5:103949430_ACATAT_A	5:97749086_C_G
5:103949430_ACATAT_A	5:97750910_T_A
5:103949430_ACATAT_A	5:97751644_A_T
5:103949430_ACATAT_A	5:97816013_TTG_T
5:103949430_ACATAT_A	5:97817143_A_T
5:103949430_ACATAT_A	5:97825774_C_T
5:103949430_ACATAT_A	5:97830711_G_C
5:103949430_ACATAT_A	5:97837507_A_G
5:103949430_ACATAT_A	5:97841726_C_CAG
5:103949430_ACATAT_A	5:98220631_T_A
5:103949430_ACATAT_A	5:99313440_A_T
5:103949430_ACATAT_A	5:99314749_C_T
5:103949430_ACATAT_A	5:99317850_T_A
5:103949430_ACATAT_A	5:99322564_C_G
5:103949430_ACATAT_A	5:99322642_T_C
5:103949430_ACATAT_A	5:99388170_A_G
5:103949430_ACATAT_A	5:99388523_A_G
5:103949430_ACATAT_A	5:99388803_C_T
5:103949430_ACATAT_A	5:99388920_A_G
5:103949430_ACATAT_A	5:99389071_A_G
5:103949430_ACATAT_A	5:99390021_T_C
5:103949430_ACATAT_A	5:99390142_G_A
5:103949430_ACATAT_A	5:99391833_C_T
5:103949430_ACATAT_A	5:99396641_C_G
5:103949430_ACATAT_A	5:99399681_A_G
5:103949430_ACATAT_A	5:99400393_C_T
5:103949430_ACATAT_A	5:99406101_G_T
5:103949430_ACATAT_A	5:99407107_C_CT
5:103949430_ACATAT_A	5:99407229_T_A
5:103949430_ACATAT_A	5:99408424_A_G
5:103949430_ACATAT_A	5:99412951_C_T
5:103949430_ACATAT_A	5:99413623_G_A
5:103949430_ACATAT_A	5:99416507_C_G
5:103949430_ACATAT_A	5:99416649_G_A
5:103949430_ACATAT_A	5:99418123_T_A
5:103949430_ACATAT_A	5:99419476_T_A
5:103949430_ACATAT_A	5:99420297_A_T
5:103949430_ACATAT_A	5:99421835_T_C
5:103949430_ACATAT_A	5:99422325_A_T
5:103949430_ACATAT_A	5:99422664_A_G
5:103949430_ACATAT_A	5:99423481_G_T
5:103949430_ACATAT_A	5:99423743_G_C
5:103949430_ACATAT_A	5:99423881_T_C
5:103949430_ACATAT_A	5:99424418_G_A
5:103949430_ACATAT_A	5:99424530_T_A
5:103949430_ACATAT_A	5:99425213_C_T
5:103949430_ACATAT_A	5:99428065_C_T
5:103949430_ACATAT_A	5:99428644_C_G
5:103949430_ACATAT_A	5:99429153_T_C
5:103949430_ACATAT_A	5:99429505_G_T
5:103949430_ACATAT_A	5:99430602_A_C
5:103949430_ACATAT_A	5:99431912_T_C
5:103949430_ACATAT_A	5:99432589_T_G
5:103949430_ACATAT_A	5:99434513_C_T
5:103949430_ACATAT_A	5:99434628_T_C
5:103949430_ACATAT_A	5:99435301_G_A
5:103949430_ACATAT_A	5:99437487_A_C
5:103949430_ACATAT_A	5:99437736_C_G
5:103949430_ACATAT_A	5:99438989_C_T
5:103949430_ACATAT_A	5:99442524_G_A
5:103949430_ACATAT_A	5:99442566_A_G
5:103949430_ACATAT_A	5:99444715_C_T
5:103949430_ACATAT_A	5:99445042_C_T
5:103949430_ACATAT_A	5:99446039_C_T
5:103949430_ACATAT_A	5:99446082_A_T
5:103949430_ACATAT_A	5:99446525_T_C
5:103949430_ACATAT_A	5:99447775_T_A
5:103949430_ACATAT_A	5:99448611_T_C
5:103949430_ACATAT_A	5:99449579_A_G
5:103949430_ACATAT_A	5:99451455_G_A
5:103949430_ACATAT_A	5:99455355_A_G
5:103949430_ACATAT_A	5:99455511_A_G
5:103949430_ACATAT_A	5:99455946_T_TGTATTAAAA
5:103949430_ACATAT_A	5:99456186_T_G
5:103949430_ACATAT_A	5:99456877_T_C
5:103949430_ACATAT_A	5:99456885_G_T
5:103949430_ACATAT_A	5:99458070_ATGTGTG_A
5:103949430_ACATAT_A	5:99458270_T_C
5:103949430_ACATAT_A	5:99458928_T_A
5:103949430_ACATAT_A	5:99459598_G_C
5:103949430_ACATAT_A	5:99461380_CTTCT_C
5:103949430_ACATAT_A	5:99462324_G_C
5:103949430_ACATAT_A	5:99463168_C_CAG
5:103949430_ACATAT_A	5:99463391_G_T
5:103949430_ACATAT_A	5:99465158_G_A
5:103949430_ACATAT_A	5:99465564_A_G
5:103949430_ACATAT_A	5:99472901_T_C
5:103949430_ACATAT_A	5:99479651_C_T
5:103949430_ACATAT_A	5:99479714_C_T
5:103949430_ACATAT_A	5:99479977_T_C
5:103949430_ACATAT_A	5:99525504_TAC_T
5:103949430_ACATAT_A	5:99534940_C_T
5:103949430_ACATAT_A	5:99535889_T_TA
5:103949430_ACATAT_A	5:99598182_C_T
5:103949430_ACATAT_A	5:99599036_G_A
5:103949430_ACATAT_A	5:99599163_C_T
5:103949430_ACATAT_A	5:99600177_A_C
5:103949430_ACATAT_A	5:99600237_G_A
5:103949430_ACATAT_A	5:99600529_G_A
5:103949430_ACATAT_A	5:99600838_C_T
5:103949430_ACATAT_A	5:99600858_T_TA
5:103949430_ACATAT_A	5:99600892_A_C
5:103949430_ACATAT_A	5:99601041_G_A
5:103949430_ACATAT_A	5:99601405_T_C
5:103949430_ACATAT_A	5:99601767_G_A
5:103949430_ACATAT_A	5:99602758_G_A
5:103949430_ACATAT_A	5:99602788_A_G
5:103949430_ACATAT_A	5:99603021_T_C
5:103949430_ACATAT_A	5:99604438_A_T
5:103949430_ACATAT_A	5:99604633_C_CTGAT
5:103949430_ACATAT_A	5:99604675_C_A
5:103949430_ACATAT_A	5:99604762_A_C
5:103949430_ACATAT_A	5:99605709_A_G
5:103949430_ACATAT_A	5:99605808_T_C
5:103949430_ACATAT_A	5:99605819_A_C
5:103949430_ACATAT_A	5:99607372_A_G
5:103949430_ACATAT_A	5:99607912_T_G
5:103949430_ACATAT_A	5:99608165_G_A
5:103949430_ACATAT_A	5:99608653_G_A
5:103949430_ACATAT_A	5:99608662_C_T
5:103949430_ACATAT_A	5:99609247_C_G
5:103949430_ACATAT_A	5:99609842_AT_A
5:103949430_ACATAT_A	5:99610216_TG_T
5:103949430_ACATAT_A	5:99611083_C_A
5:103949430_ACATAT_A	5:99611139_A_G
5:103949430_ACATAT_A	5:99611807_G_T
5:103949430_ACATAT_A	5:99612695_C_A
5:103949430_ACATAT_A	5:99613069_C_T
5:103949430_ACATAT_A	5:99613108_C_G
5:103949430_ACATAT_A	5:99613241_C_A
5:103949430_ACATAT_A	5:99613731_T_C
5:103949430_ACATAT_A	5:99613735_T_C
5:103949430_ACATAT_A	5:99614155_A_C
5:103949430_ACATAT_A	5:99614184_C_T
5:103949430_ACATAT_A	5:99614589_T_C
5:103949430_ACATAT_A	5:99614601_G_T
5:103949430_ACATAT_A	5:99616119_CT_C
5:103949430_ACATAT_A	5:99616151_T_C
5:103949430_ACATAT_A	5:99616765_C_T
5:103949430_ACATAT_A	5:99616797_A_G
5:103949430_ACATAT_A	5:99617681_C_T
5:103949430_ACATAT_A	5:99618115_C_A
5:103949430_ACATAT_A	5:99618265_G_T
5:103949430_ACATAT_A	5:99619008_G_A
5:103949430_ACATAT_A	5:99619372_C_T
5:103949430_ACATAT_A	5:99619417_T_G
5:103949430_ACATAT_A	5:99619424_C_T
5:103949430_ACATAT_A	5:99619947_T_TTTTA
5:103949430_ACATAT_A	5:99620958_A_G
5:103949430_ACATAT_A	5:99621488_CTTTCT_C
5:103949430_ACATAT_A	5:99622120_T_G
5:103949430_ACATAT_A	5:99622359_G_GAC
5:103949430_ACATAT_A	5:99622427_G_A
5:103949430_ACATAT_A	5:99622714_A_G
5:103949430_ACATAT_A	5:99623078_G_A
5:103949430_ACATAT_A	5:99623093_G_A
5:103949430_ACATAT_A	5:99623367_A_C
5:103949430_ACATAT_A	5:99623555_T_C
5:103949430_ACATAT_A	5:99624264_G_A
5:103949430_ACATAT_A	5:99624304_T_C
5:103949430_ACATAT_A	5:99624863_C_T
5:103949430_ACATAT_A	5:99625356_T_C
5:103949430_ACATAT_A	5:99625581_G_T
5:103949430_ACATAT_A	5:99625742_A_G
5:103949430_ACATAT_A	5:99625752_C_G
5:103949430_ACATAT_A	5:99625857_A_G
5:103949430_ACATAT_A	5:99626294_T_C
5:103949430_ACATAT_A	5:99626305_CTTT_C
5:103949430_ACATAT_A	5:99626549_T_C
5:103949430_ACATAT_A	5:99627479_G_C
5:103949430_ACATAT_A	5:99627779_TC_T
5:103949430_ACATAT_A	5:99627836_C_T
5:103949430_ACATAT_A	5:99628322_T_C
5:103949430_ACATAT_A	5:99628579_C_G
5:103949430_ACATAT_A	5:99628736_C_T
5:103949430_ACATAT_A	5:99628839_G_A
5:103949430_ACATAT_A	5:99628924_T_C
5:103949430_ACATAT_A	5:99629192_T_C
5:103949430_ACATAT_A	5:99629878_C_T
5:103949430_ACATAT_A	5:99630250_A_G
5:103949430_ACATAT_A	5:99630569_A_C
5:103949430_ACATAT_A	5:99630999_A_C
5:103949430_ACATAT_A	5:99631737_A_C
5:103949430_ACATAT_A	5:99632064_A_T
5:103949430_ACATAT_A	5:99632546_G_T
5:103949430_ACATAT_A	5:99633002_T_TA
5:103949430_ACATAT_A	5:99633445_T_G
5:103949430_ACATAT_A	5:99634439_TG_T
5:103949430_ACATAT_A	5:99636182_G_A
5:103949430_ACATAT_A	5:99636249_T_C
5:103949430_ACATAT_A	5:99636830_C_A
5:103949430_ACATAT_A	5:99636910_A_C
5:103949430_ACATAT_A	5:99637107_G_C
5:103949430_ACATAT_A	5:99637403_TG_T
5:103949430_ACATAT_A	5:99637690_G_A
5:103949430_ACATAT_A	5:99637888_A_C
5:103949430_ACATAT_A	5:99638041_C_A
5:103949430_ACATAT_A	5:99638560_T_C
5:103949430_ACATAT_A	5:99638749_C_A
5:103949430_ACATAT_A	5:99639943_T_C
5:103949430_ACATAT_A	5:99642209_A_C
5:103949430_ACATAT_A	5:99642453_CA_C
5:103949430_ACATAT_A	5:99644079_A_C
5:103949430_ACATAT_A	5:99644566_T_C
5:103949430_ACATAT_A	5:99644711_A_G
5:103949430_ACATAT_A	5:99728442_G_A
5:103949430_ACATAT_A	5:99735174_G_A
5:103949430_ACATAT_A	5:99743711_CAT_C
5:103949430_ACATAT_A	5:99745264_T_G
5:103949430_ACATAT_A	5:99748727_T_G
5:103949430_ACATAT_A	5:99763195_C_G
5:103949430_ACATAT_A	5:99769476_C_G
5:103949430_ACATAT_A	5:99779332_G_C
5:103949430_ACATAT_A	5:99780520_G_T
5:103949430_ACATAT_A	5:99787127_T_C
5:103949430_ACATAT_A	5:99790145_G_GT
5:103949430_ACATAT_A	5:99793079_G_A
5:103949430_ACATAT_A	5:99794000_T_C
5:103949430_ACATAT_A	5:99796213_G_A
5:103949430_ACATAT_A	5:99797318_C_T
5:103949430_ACATAT_A	5:99797319_C_T
5:103949430_ACATAT_A	5:99798919_G_A
5:103949430_ACATAT_A	5:99800222_C_G
5:103949430_ACATAT_A	5:99800505_G_T
5:103949430_ACATAT_A	5:99806806_T_C
5:103949430_ACATAT_A	5:99809108_TATC_T
5:103949430_ACATAT_A	5:99814311_AT_A
5:103949430_ACATAT_A	5:99815102_A_C
5:103949430_ACATAT_A	5:99819088_T_C
5:103949430_ACATAT_A	5:99819180_A_G
5:103949430_ACATAT_A	5:99819208_A_G
5:103949430_ACATAT_A	5:99826984_T_G
5:103949430_ACATAT_A	5:99828301_C_A
5:103949430_ACATAT_A	5:99834309_T_G
5:103949430_ACATAT_A	5:99846843_G_A
5:103949430_ACATAT_A	5:99847183_G_C
5:103949430_ACATAT_A	5:99847834_TAAGA_T
5:103949430_ACATAT_A	5:99849318_TATATTA_T
5:103949430_ACATAT_A	5:99849702_T_C
5:103949430_ACATAT_A	5:99850014_A_G
5:103949430_ACATAT_A	5:99851506_T_C
5:103949430_ACATAT_A	5:99855290_T_C
5:103949430_ACATAT_A	5:99858127_CAG_C
5:103949430_ACATAT_A	5:99858407_C_T
5:103949430_ACATAT_A	5:99859904_T_C
5:103949430_ACATAT_A	5:99865153_T_C
5:103949430_ACATAT_A	5:99866472_C_T
5:103949430_ACATAT_A	5:99883371_G_A
5:103949430_ACATAT_A	5:99891230_C_G
5:103949430_ACATAT_A	5:99922879_G_A
5:103949430_ACATAT_A	5:99934371_T_C
5:103949430_ACATAT_A	5:99936090_T_C
5:103949430_ACATAT_A	5:101624336_T_C
5:103949430_ACATAT_A	5:101625059_G_A
5:103949430_ACATAT_A	5:101625353_A_G
5:103949430_ACATAT_A	5:101626218_A_C
5:103949430_ACATAT_A	5:101627027_T_C
5:103949430_ACATAT_A	5:101627435_C_G
5:103949430_ACATAT_A	5:101627512_T_C
5:103949430_ACATAT_A	5:101628344_GA_G
5:103949430_ACATAT_A	5:101628614_G_A
5:103949430_ACATAT_A	5:101631526_C_G
5:103949430_ACATAT_A	5:101632502_G_GT
5:103949430_ACATAT_A	5:101633266_T_C
5:103949430_ACATAT_A	5:101633399_A_C
5:103949430_ACATAT_A	5:101633557_C_A
5:103949430_ACATAT_A	5:101633610_G_A
5:103949430_ACATAT_A	5:101634271_T_C
5:103949430_ACATAT_A	5:101634770_A_G
5:103949430_ACATAT_A	5:101634925_TC_T
5:103949430_ACATAT_A	5:101634954_C_A
5:103949430_ACATAT_A	5:101634987_G_A
5:103949430_ACATAT_A	5:101634997_T_C
5:103949430_ACATAT_A	5:101635554_G_A
5:103949430_ACATAT_A	5:101635625_C_T
5:103949430_ACATAT_A	5:101635657_G_A
5:103949430_ACATAT_A	5:101636046_G_A
5:103949430_ACATAT_A	5:101636538_T_C
5:103949430_ACATAT_A	5:101636688_A_G
5:103949430_ACATAT_A	5:101636908_G_T
5:103949430_ACATAT_A	5:101637315_A_G
5:103949430_ACATAT_A	5:101637424_A_G
5:103949430_ACATAT_A	5:103541037_T_C
5:103949430_ACATAT_A	5:103550436_C_CT
5:103949430_ACATAT_A	5:103561304_C_T
5:103949430_ACATAT_A	5:103572998_G_A
5:103949430_ACATAT_A	5:103573471_C_T
5:103949430_ACATAT_A	5:103578142_A_G
5:103949430_ACATAT_A	5:103638031_G_T
5:103949430_ACATAT_A	5:103638248_G_C
5:103949430_ACATAT_A	5:103638498_G_A
5:103949430_ACATAT_A	5:103639184_A_G
5:103949430_ACATAT_A	5:103639304_C_T
5:103949430_ACATAT_A	5:103639579_G_A
5:103949430_ACATAT_A	5:103640345_G_T
5:103949430_ACATAT_A	5:103641137_T_TA
5:103949430_ACATAT_A	5:103641791_C_T
5:103949430_ACATAT_A	5:103642407_A_G
5:103949430_ACATAT_A	5:103642548_T_C
5:103949430_ACATAT_A	5:103642798_T_G
5:103949430_ACATAT_A	5:103643096_C_T
5:103949430_ACATAT_A	5:103644078_G_A
5:103949430_ACATAT_A	5:103652171_C_T
5:103949430_ACATAT_A	5:103669375_A_G
5:103949430_ACATAT_A	5:103684787_A_G
5:103949430_ACATAT_A	5:103701071_A_T
5:103949430_ACATAT_A	5:103723455_C_T
5:103949430_ACATAT_A	5:103729262_C_T
5:103949430_ACATAT_A	5:103733250_T_C
5:103949430_ACATAT_A	5:103736622_C_T
5:103949430_ACATAT_A	5:103736802_T_C
5:103949430_ACATAT_A	5:103737890_G_A
5:103949430_ACATAT_A	5:103741966_C_T
5:103949430_ACATAT_A	5:103742501_CT_C
5:103949430_ACATAT_A	5:103743043_G_GGT
5:103949430_ACATAT_A	5:103743732_C_T
5:103949430_ACATAT_A	5:103745044_A_G
5:103949430_ACATAT_A	5:103749428_G_A
5:103949430_ACATAT_A	5:103750804_C_T
5:103949430_ACATAT_A	5:103751465_G_A
5:103949430_ACATAT_A	5:103757005_A_G
5:103949430_ACATAT_A	5:103758742_T_C
5:103949430_ACATAT_A	5:103766154_T_C
5:103949430_ACATAT_A	5:103769651_A_T
5:103949430_ACATAT_A	5:103769681_C_T
5:103949430_ACATAT_A	5:103771206_G_T
5:103949430_ACATAT_A	5:103771766_G_A
5:103949430_ACATAT_A	5:103772979_C_CA
5:103949430_ACATAT_A	5:103791044_A_G
5:103949430_ACATAT_A	5:103792304_AAAAT_A
5:103949430_ACATAT_A	5:103795263_G_T
5:103949430_ACATAT_A	5:103795401_G_A
5:103949430_ACATAT_A	5:103795685_C_A
5:103949430_ACATAT_A	5:103795692_C_A
5:103949430_ACATAT_A	5:103795885_T_C
5:103949430_ACATAT_A	5:103796840_T_C
5:103949430_ACATAT_A	5:103796950_A_C
5:103949430_ACATAT_A	5:103797579_G_A
5:103949430_ACATAT_A	5:103797820_C_T
5:103949430_ACATAT_A	5:103798242_A_C
5:103949430_ACATAT_A	5:103798875_T_C
5:103949430_ACATAT_A	5:103799858_C_T
5:103949430_ACATAT_A	5:103800360_G_A
5:103949430_ACATAT_A	5:103800531_C_T
5:103949430_ACATAT_A	5:103802354_C_A
5:103949430_ACATAT_A	5:103802832_G_T
5:103949430_ACATAT_A	5:103803016_T_C
5:103949430_ACATAT_A	5:103803407_C_T
5:103949430_ACATAT_A	5:103803538_C_T
5:103949430_ACATAT_A	5:103804125_T_C
5:103949430_ACATAT_A	5:103804176_G_A
5:103949430_ACATAT_A	5:103804429_G_T
5:103949430_ACATAT_A	5:103804754_A_G
5:103949430_ACATAT_A	5:103804811_C_T
5:103949430_ACATAT_A	5:103805013_T_C
5:103949430_ACATAT_A	5:103805259_T_A
5:103949430_ACATAT_A	5:103805346_T_C
5:103949430_ACATAT_A	5:103805531_C_A
5:103949430_ACATAT_A	5:103805662_G_A
5:103949430_ACATAT_A	5:103805918_A_G
5:103949430_ACATAT_A	5:103806932_T_C
5:103949430_ACATAT_A	5:103808971_G_C
5:103949430_ACATAT_A	5:103809868_C_A
5:103949430_ACATAT_A	5:103810184_A_G
5:103949430_ACATAT_A	5:103810243_CT_C
5:103949430_ACATAT_A	5:103810310_G_A
5:103949430_ACATAT_A	5:103810554_G_C
5:103949430_ACATAT_A	5:103811340_C_T
5:103949430_ACATAT_A	5:103811622_A_T
5:103949430_ACATAT_A	5:103812660_G_A
5:103949430_ACATAT_A	5:103813021_C_A
5:103949430_ACATAT_A	5:103813748_C_A
5:103949430_ACATAT_A	5:103813788_G_T
5:103949430_ACATAT_A	5:103814101_A_G
5:103949430_ACATAT_A	5:103814771_C_A
5:103949430_ACATAT_A	5:103815022_G_A
5:103949430_ACATAT_A	5:103817023_T_C
5:103949430_ACATAT_A	5:103817315_G_A
5:103949430_ACATAT_A	5:103817335_A_T
5:103949430_ACATAT_A	5:103817483_G_A
5:103949430_ACATAT_A	5:103817707_T_TGTTAA
5:103949430_ACATAT_A	5:103818084_T_G
5:103949430_ACATAT_A	5:103818288_T_C
5:103949430_ACATAT_A	5:103818290_T_C
5:103949430_ACATAT_A	5:103818417_T_C
5:103949430_ACATAT_A	5:103818626_G_A
5:103949430_ACATAT_A	5:103819000_G_T
5:103949430_ACATAT_A	5:103819066_TTTAA_T
5:103949430_ACATAT_A	5:103819187_T_TAAAG
5:103949430_ACATAT_A	5:103819255_T_TAAAC
5:103949430_ACATAT_A	5:103819397_A_G
5:103949430_ACATAT_A	5:103819406_T_TTTTA
5:103949430_ACATAT_A	5:103820340_C_T
5:103949430_ACATAT_A	5:103820538_T_C
5:103949430_ACATAT_A	5:103820732_C_A
5:103949430_ACATAT_A	5:103820749_T_C
5:103949430_ACATAT_A	5:103821814_G_T
5:103949430_ACATAT_A	5:103822036_G_A
5:103949430_ACATAT_A	5:103822535_GAAGA_G
5:103949430_ACATAT_A	5:103822851_T_C
5:103949430_ACATAT_A	5:103822938_A_G
5:103949430_ACATAT_A	5:103823378_AAGTG_A
5:103949430_ACATAT_A	5:103823429_A_T
5:103949430_ACATAT_A	5:103823864_C_T
5:103949430_ACATAT_A	5:103824177_G_A
5:103949430_ACATAT_A	5:103824247_C_A
5:103949430_ACATAT_A	5:103824347_G_A
5:103949430_ACATAT_A	5:103824644_T_G
5:103949430_ACATAT_A	5:103824803_AT_A
5:103949430_ACATAT_A	5:103825039_C_CT
5:103949430_ACATAT_A	5:103825400_G_A
5:103949430_ACATAT_A	5:103825572_T_A
5:103949430_ACATAT_A	5:103825685_T_A
5:103949430_ACATAT_A	5:103826274_T_C
5:103949430_ACATAT_A	5:103827248_T_TAATAA
5:103949430_ACATAT_A	5:103827658_A_G
5:103949430_ACATAT_A	5:103827713_G_A
5:103949430_ACATAT_A	5:103828166_A_G
5:103949430_ACATAT_A	5:103828597_T_TA
5:103949430_ACATAT_A	5:103831500_T_A
5:103949430_ACATAT_A	5:103832094_G_A
5:103949430_ACATAT_A	5:103833332_A_C
5:103949430_ACATAT_A	5:103836995_T_C
5:103949430_ACATAT_A	5:103838556_T_G
5:103949430_ACATAT_A	5:103839910_A_G
5:103949430_ACATAT_A	5:103841272_T_G
5:103949430_ACATAT_A	5:103842728_T_C
5:103949430_ACATAT_A	5:103843401_T_G
5:103949430_ACATAT_A	5:103843517_C_T
5:103949430_ACATAT_A	5:103844334_G_T
5:103949430_ACATAT_A	5:103845561_C_CATTT
5:103949430_ACATAT_A	5:103846498_C_T
5:103949430_ACATAT_A	5:103847569_C_T
5:103949430_ACATAT_A	5:103848762_C_A
5:103949430_ACATAT_A	5:103853924_G_T
5:103949430_ACATAT_A	5:103854240_T_A
5:103949430_ACATAT_A	5:103861597_A_C
5:103949430_ACATAT_A	5:103863877_G_A
5:103949430_ACATAT_A	5:103864338_G_C
5:103949430_ACATAT_A	5:103865167_T_G
5:103949430_ACATAT_A	5:103867339_G_A
5:103949430_ACATAT_A	5:103867460_T_A
5:103949430_ACATAT_A	5:103868240_C_G
5:103949430_ACATAT_A	5:103868958_A_G
5:103949430_ACATAT_A	5:103870101_T_C
5:103949430_ACATAT_A	5:103871523_G_A
5:103949430_ACATAT_A	5:103874262_T_G
5:103949430_ACATAT_A	5:103874580_A_C
5:103949430_ACATAT_A	5:103875811_T_C
5:103949430_ACATAT_A	5:103875902_C_T
5:103949430_ACATAT_A	5:103876193_G_A
5:103949430_ACATAT_A	5:103877397_T_A
5:103949430_ACATAT_A	5:103877918_G_C
5:103949430_ACATAT_A	5:103878652_A_C
5:103949430_ACATAT_A	5:103879813_G_T
5:103949430_ACATAT_A	5:103882873_T_C
5:103949430_ACATAT_A	5:103883101_T_C
5:103949430_ACATAT_A	5:103885770_G_A
5:103949430_ACATAT_A	5:103885973_C_G
5:103949430_ACATAT_A	5:103886213_T_G
5:103949430_ACATAT_A	5:103889998_G_C
5:103949430_ACATAT_A	5:103890096_C_T
5:103949430_ACATAT_A	5:103890981_G_A
5:103949430_ACATAT_A	5:103892460_C_G
5:103949430_ACATAT_A	5:103892988_A_T
5:103949430_ACATAT_A	5:103893015_G_C
5:103949430_ACATAT_A	5:103893548_T_A
5:103949430_ACATAT_A	5:103895016_C_T
5:103949430_ACATAT_A	5:103895102_T_G
5:103949430_ACATAT_A	5:103895115_T_C
5:103949430_ACATAT_A	5:103896130_T_C
5:103949430_ACATAT_A	5:103897758_T_C
5:103949430_ACATAT_A	5:103898310_T_C
5:103949430_ACATAT_A	5:103899178_A_G
5:103949430_ACATAT_A	5:103899431_GT_G
5:103949430_ACATAT_A	5:103899596_T_C
5:103949430_ACATAT_A	5:103899598_G_A
5:103949430_ACATAT_A	5:103899690_T_C
5:103949430_ACATAT_A	5:103900475_A_G
5:103949430_ACATAT_A	5:103901424_C_T
5:103949430_ACATAT_A	5:103902161_G_C
5:103949430_ACATAT_A	5:103902180_C_T
5:103949430_ACATAT_A	5:103902808_C_A
5:103949430_ACATAT_A	5:103902958_C_T
5:103949430_ACATAT_A	5:103903148_A_G
5:103949430_ACATAT_A	5:103903766_G_A
5:103949430_ACATAT_A	5:103903810_AT_A
5:103949430_ACATAT_A	5:103903837_A_G
5:103949430_ACATAT_A	5:103904034_A_G
5:103949430_ACATAT_A	5:103904037_T_C
5:103949430_ACATAT_A	5:103904108_A_G
5:103949430_ACATAT_A	5:103904226_A_G
5:103949430_ACATAT_A	5:103904399_G_A
5:103949430_ACATAT_A	5:103904914_T_C
5:103949430_ACATAT_A	5:103905025_T_A
5:103949430_ACATAT_A	5:103905275_C_T
5:103949430_ACATAT_A	5:103906073_C_T
5:103949430_ACATAT_A	5:103907272_T_A
5:103949430_ACATAT_A	5:103907337_G_A
5:103949430_ACATAT_A	5:103907606_G_A
5:103949430_ACATAT_A	5:103908246_C_T
5:103949430_ACATAT_A	5:103908410_A_G
5:103949430_ACATAT_A	5:103908868_C_T
5:103949430_ACATAT_A	5:103909548_C_T
5:103949430_ACATAT_A	5:103909664_T_C
5:103949430_ACATAT_A	5:103910073_GA_G
5:103949430_ACATAT_A	5:103910429_G_GA
5:103949430_ACATAT_A	5:103911556_AC_A
5:103949430_ACATAT_A	5:103911729_A_AG
5:103949430_ACATAT_A	5:103911784_C_T
5:103949430_ACATAT_A	5:103912114_A_C
5:103949430_ACATAT_A	5:103912208_C_A
5:103949430_ACATAT_A	5:103912246_TA_T
5:103949430_ACATAT_A	5:103912255_AT_A
5:103949430_ACATAT_A	5:103912319_A_G
5:103949430_ACATAT_A	5:103913202_A_G
5:103949430_ACATAT_A	5:103913264_A_C
5:103949430_ACATAT_A	5:103913268_C_T
5:103949430_ACATAT_A	5:103913321_T_A
5:103949430_ACATAT_A	5:103913702_C_CA
5:103949430_ACATAT_A	5:103913710_C_T
5:103949430_ACATAT_A	5:103913756_A_T
5:103949430_ACATAT_A	5:103913905_CT_C
5:103949430_ACATAT_A	5:103914014_C_T
5:103949430_ACATAT_A	5:103914139_T_TCAAACATGA
5:103949430_ACATAT_A	5:103914543_G_A
5:103949430_ACATAT_A	5:103914758_A_G
5:103949430_ACATAT_A	5:103914786_A_T
5:103949430_ACATAT_A	5:103914836_T_G
5:103949430_ACATAT_A	5:103915208_A_G
5:103949430_ACATAT_A	5:103915282_A_G
5:103949430_ACATAT_A	5:103915443_G_A
5:103949430_ACATAT_A	5:103915728_A_G
5:103949430_ACATAT_A	5:103916349_T_C
5:103949430_ACATAT_A	5:103916363_G_C
5:103949430_ACATAT_A	5:103916831_A_G
5:103949430_ACATAT_A	5:103917214_ATATG_A
5:103949430_ACATAT_A	5:103917285_C_CAT
5:103949430_ACATAT_A	5:103917300_A_G
5:103949430_ACATAT_A	5:103917304_A_G
5:103949430_ACATAT_A	5:103917328_G_GTA
5:103949430_ACATAT_A	5:103917352_A_C
5:103949430_ACATAT_A	5:103917773_CTT_C
5:103949430_ACATAT_A	5:103917790_C_T
5:103949430_ACATAT_A	5:103917797_C_G
5:103949430_ACATAT_A	5:103917867_G_T
5:103949430_ACATAT_A	5:103918228_C_T
5:103949430_ACATAT_A	5:103918622_C_T
5:103949430_ACATAT_A	5:103918699_G_A
5:103949430_ACATAT_A	5:103918749_G_T
5:103949430_ACATAT_A	5:103919142_GT_G
5:103949430_ACATAT_A	5:103919822_A_C
5:103949430_ACATAT_A	5:103919840_G_A
5:103949430_ACATAT_A	5:103920770_C_A
5:103949430_ACATAT_A	5:103924430_TG_T
5:103949430_ACATAT_A	5:103926044_C_T
5:103949430_ACATAT_A	5:103926442_T_A
5:103949430_ACATAT_A	5:103927579_C_T
5:103949430_ACATAT_A	5:103931707_G_A
5:103949430_ACATAT_A	5:103932079_G_A
5:103949430_ACATAT_A	5:103933473_C_T
5:103949430_ACATAT_A	5:103934079_T_C
5:103949430_ACATAT_A	5:103934131_ATGCCAGCCCTGAGATAACCTCCCTTCCATTTGGAAACT_A
5:103949430_ACATAT_A	5:103934155_T_C
5:103949430_ACATAT_A	5:103934166_A_T
5:103949430_ACATAT_A	5:103934169_T_A
5:103949430_ACATAT_A	5:103936343_T_A
5:103949430_ACATAT_A	5:103938115_C_T
5:103949430_ACATAT_A	5:103939674_C_T
5:103949430_ACATAT_A	5:103939770_C_T
5:103949430_ACATAT_A	5:103940225_C_T
5:103949430_ACATAT_A	5:103940415_T_A
5:103949430_ACATAT_A	5:103941070_T_G
5:103949430_ACATAT_A	5:103941401_T_C
5:103949430_ACATAT_A	5:103941415_T_G
5:103949430_ACATAT_A	5:103941793_C_A
5:103949430_ACATAT_A	5:103942055_AATTTAT_A
5:103949430_ACATAT_A	5:103942060_AT_A
5:103949430_ACATAT_A	5:103943938_C_G
5:103949430_ACATAT_A	5:103944020_G_T
5:103949430_ACATAT_A	5:103945126_A_G
5:103949430_ACATAT_A	5:103945178_C_T
5:103949430_ACATAT_A	5:103946206_A_T
5:103949430_ACATAT_A	5:103946482_C_T
5:103949430_ACATAT_A	5:103946549_T_TGAA
5:103949430_ACATAT_A	5:103947968_T_C
5:103949430_ACATAT_A	5:103948045_C_T
5:103949430_ACATAT_A	5:103948097_GA_G
5:103949430_ACATAT_A	5:103948790_T_C
5:103949430_ACATAT_A	5:103950251_C_T
5:103949430_ACATAT_A	5:103951339_CT_C
5:103949430_ACATAT_A	5:103954801_T_A
5:103949430_ACATAT_A	5:103955361_T_C
5:103949430_ACATAT_A	5:103956054_CAA_C
5:103949430_ACATAT_A	5:103956516_C_G
5:103949430_ACATAT_A	5:103957090_C_T
5:103949430_ACATAT_A	5:103957408_C_T
5:103949430_ACATAT_A	5:103959345_A_G
5:103949430_ACATAT_A	5:103959569_G_C
5:103949430_ACATAT_A	5:103959839_T_C
5:103949430_ACATAT_A	5:103960787_GA_G
5:103949430_ACATAT_A	5:103961296_A_G
5:103949430_ACATAT_A	5:103961596_G_C
5:103949430_ACATAT_A	5:103962245_T_G
5:103949430_ACATAT_A	5:103963967_A_T
5:103949430_ACATAT_A	5:103964079_A_T
5:103949430_ACATAT_A	5:103964192_G_A
5:103949430_ACATAT_A	5:103964585_G_A
5:103949430_ACATAT_A	5:103965223_A_C
5:103949430_ACATAT_A	5:103965358_T_G
5:103949430_ACATAT_A	5:103965516_C_A
5:103949430_ACATAT_A	5:103971536_A_G
5:103949430_ACATAT_A	5:103972357_G_A
5:103949430_ACATAT_A	5:103977047_CA_C
5:103949430_ACATAT_A	5:103978326_G_A
5:103949430_ACATAT_A	5:103978833_A_G
5:103949430_ACATAT_A	5:103981726_T_G
5:103949430_ACATAT_A	5:103989467_GAAAAAAAA_G
5:103949430_ACATAT_A	5:103991476_C_A
5:103949430_ACATAT_A	5:103995368_A_G
5:103949430_ACATAT_A	5:104000752_G_A
5:103949430_ACATAT_A	5:104002346_T_C
5:103949430_ACATAT_A	5:104002370_C_T
5:103949430_ACATAT_A	5:104002392_C_T
5:103949430_ACATAT_A	5:104003311_G_C
5:103949430_ACATAT_A	5:104006667_A_G
5:103949430_ACATAT_A	5:104007433_G_C
5:103949430_ACATAT_A	5:104008133_G_A
5:103949430_ACATAT_A	5:104012303_C_G
5:103949430_ACATAT_A	5:104013782_G_A
5:103949430_ACATAT_A	5:104022239_C_G
5:103949430_ACATAT_A	5:104034140_C_T
5:103949430_ACATAT_A	5:104037760_G_A
5:103949430_ACATAT_A	5:104043156_C_T
5:103949430_ACATAT_A	5:104045386_C_A
5:103949430_ACATAT_A	5:104048590_C_G
5:103949430_ACATAT_A	5:104055261_A_C
5:103949430_ACATAT_A	5:104069917_A_G
5:103949430_ACATAT_A	5:104075130_T_C
5:103949430_ACATAT_A	5:104082179_A_C
5:103949430_ACATAT_A	5:106576411_C_T
5:103949430_ACATAT_A	5:106598794_C_T
5:103949430_ACATAT_A	5:109598365_CT_C
5:103949430_ACATAT_A	5:110215781_G_A
5:103949430_ACATAT_A	5:110924243_G_C
5:103949430_ACATAT_A	5:110924679_T_G
5:103949430_ACATAT_A	5:110925100_T_A
5:103949430_ACATAT_A	5:110925343_T_C
5:103949430_ACATAT_A	5:110982398_A_T
5:103949430_ACATAT_A	5:110984498_C_G
5:103949430_ACATAT_A	5:110984956_C_T
5:103949430_ACATAT_A	5:111101349_A_G
5:103949430_ACATAT_A	5:112455099_C_T
5:103949430_ACATAT_A	5:112463377_G_A
5:103949430_ACATAT_A	5:112464912_C_T
5:103949430_ACATAT_A	5:112464953_T_C
5:103949430_ACATAT_A	5:112464987_C_T
5:103949430_ACATAT_A	5:112465154_C_T
5:103949430_ACATAT_A	5:112470309_C_T
5:103949430_ACATAT_A	5:112480104_G_A
5:103949430_ACATAT_A	5:112481284_C_A
5:103949430_ACATAT_A	5:112484261_A_C
3:27369425_TA_T	3:18033536_A_T
3:27369425_TA_T	3:18103841_T_A
3:27369425_TA_T	3:20679355_C_G
3:27369425_TA_T	3:21023900_T_C
3:27369425_TA_T	3:22833479_C_G
3:27369425_TA_T	3:24411856_T_C
3:27369425_TA_T	3:24412690_G_A
3:27369425_TA_T	3:24415827_C_A
3:27369425_TA_T	3:24416660_G_A
3:27369425_TA_T	3:24418935_A_AG
3:27369425_TA_T	3:24418957_G_A
3:27369425_TA_T	3:24419747_A_T
3:27369425_TA_T	3:24420274_T_G
3:27369425_TA_T	3:24421387_G_T
3:27369425_TA_T	3:24421945_T_C
3:27369425_TA_T	3:24422013_T_C
3:27369425_TA_T	3:24422152_C_A
3:27369425_TA_T	3:24422751_C_T
3:27369425_TA_T	3:24422989_C_T
3:27369425_TA_T	3:24423631_A_G
3:27369425_TA_T	3:24425376_C_T
3:27369425_TA_T	3:24425496_T_C
3:27369425_TA_T	3:24425548_T_A
3:27369425_TA_T	3:24425893_T_C
3:27369425_TA_T	3:24426001_G_A
3:27369425_TA_T	3:24438253_C_T
3:27369425_TA_T	3:24440433_G_A
3:27369425_TA_T	3:24441549_A_C
3:27369425_TA_T	3:24443954_T_A
3:27369425_TA_T	3:24444751_T_C
3:27369425_TA_T	3:24447266_G_A
3:27369425_TA_T	3:24447793_C_A
3:27369425_TA_T	3:24460348_G_T
3:27369425_TA_T	3:25186001_T_C
3:27369425_TA_T	3:25578892_C_T
3:27369425_TA_T	3:27040451_C_A
3:27369425_TA_T	3:27043172_G_GA
3:27369425_TA_T	3:27052686_A_C
3:27369425_TA_T	3:27053325_T_A
3:27369425_TA_T	3:27053802_A_G
3:27369425_TA_T	3:27054417_T_C
3:27369425_TA_T	3:27054896_A_C
3:27369425_TA_T	3:27055517_C_T
3:27369425_TA_T	3:27056851_C_T
3:27369425_TA_T	3:27057010_T_TAA
3:27369425_TA_T	3:27057245_A_G
3:27369425_TA_T	3:27059664_A_G
3:27369425_TA_T	3:27062913_T_A
3:27369425_TA_T	3:27063048_A_C
3:27369425_TA_T	3:27063570_G_A
3:27369425_TA_T	3:27065868_G_A
3:27369425_TA_T	3:27067523_A_G
3:27369425_TA_T	3:27068677_G_A
3:27369425_TA_T	3:27076514_G_A
3:27369425_TA_T	3:27081180_A_C
3:27369425_TA_T	3:27082029_T_A
3:27369425_TA_T	3:27082582_G_A
3:27369425_TA_T	3:27082917_G_T
3:27369425_TA_T	3:27083112_T_C
3:27369425_TA_T	3:27086678_G_T
3:27369425_TA_T	3:27089710_C_T
3:27369425_TA_T	3:27090659_CTT_C
3:27369425_TA_T	3:27091537_C_G
3:27369425_TA_T	3:27092316_A_T
3:27369425_TA_T	3:27094390_AG_A
3:27369425_TA_T	3:27096513_A_T
3:27369425_TA_T	3:27096518_C_G
3:27369425_TA_T	3:27096656_T_C
3:27369425_TA_T	3:27096806_G_A
3:27369425_TA_T	3:27096833_T_G
3:27369425_TA_T	3:27096948_AT_A
3:27369425_TA_T	3:27097059_T_C
3:27369425_TA_T	3:27097159_A_G
3:27369425_TA_T	3:27097222_C_T
3:27369425_TA_T	3:27097225_C_T
3:27369425_TA_T	3:27097505_T_G
3:27369425_TA_T	3:27097523_G_GT
3:27369425_TA_T	3:27097722_C_G
3:27369425_TA_T	3:27097731_C_T
3:27369425_TA_T	3:27097776_C_T
3:27369425_TA_T	3:27097787_T_C
3:27369425_TA_T	3:27097794_T_C
3:27369425_TA_T	3:27100290_C_T
3:27369425_TA_T	3:27100459_A_G
3:27369425_TA_T	3:27114597_A_C
3:27369425_TA_T	3:27116801_C_T
3:27369425_TA_T	3:27118539_G_A
3:27369425_TA_T	3:27119537_C_A
3:27369425_TA_T	3:27120434_A_T
3:27369425_TA_T	3:27121942_G_A
3:27369425_TA_T	3:27123670_G_A
3:27369425_TA_T	3:27124001_G_A
3:27369425_TA_T	3:27124194_G_A
3:27369425_TA_T	3:27124261_G_A
3:27369425_TA_T	3:27125652_G_A
3:27369425_TA_T	3:27129905_G_GA
3:27369425_TA_T	3:27130017_C_A
3:27369425_TA_T	3:27131168_A_G
3:27369425_TA_T	3:27131612_TAA_T
3:27369425_TA_T	3:27135957_G_A
3:27369425_TA_T	3:27137500_C_A
3:27369425_TA_T	3:27138586_C_A
3:27369425_TA_T	3:27141118_G_C
3:27369425_TA_T	3:27141480_GGGTTA_G
3:27369425_TA_T	3:27141480_GGGTT_G
3:27369425_TA_T	3:27141485_AT_A
3:27369425_TA_T	3:27141808_T_A
3:27369425_TA_T	3:27142845_A_AG
3:27369425_TA_T	3:27143287_C_G
3:27369425_TA_T	3:27143527_A_G
3:27369425_TA_T	3:27143738_G_A
3:27369425_TA_T	3:27144161_A_G
3:27369425_TA_T	3:27145162_G_A
3:27369425_TA_T	3:27145591_C_G
3:27369425_TA_T	3:27146294_A_G
3:27369425_TA_T	3:27147320_C_T
3:27369425_TA_T	3:27150110_C_T
3:27369425_TA_T	3:27150864_T_C
3:27369425_TA_T	3:27152266_A_G
3:27369425_TA_T	3:27155691_G_A
3:27369425_TA_T	3:27161880_T_C
3:27369425_TA_T	3:27161988_A_AT
3:27369425_TA_T	3:27162870_G_T
3:27369425_TA_T	3:27166202_C_T
3:27369425_TA_T	3:27172973_T_C
3:27369425_TA_T	3:27174261_G_T
3:27369425_TA_T	3:27174816_G_A
3:27369425_TA_T	3:27177593_G_A
3:27369425_TA_T	3:27186602_C_T
3:27369425_TA_T	3:27194165_A_T
3:27369425_TA_T	3:27194844_T_C
3:27369425_TA_T	3:27196999_T_TAAATA
3:27369425_TA_T	3:27197350_C_T
3:27369425_TA_T	3:27197522_G_A
3:27369425_TA_T	3:27197869_G_A
3:27369425_TA_T	3:27203626_G_A
3:27369425_TA_T	3:27204567_T_C
3:27369425_TA_T	3:27204606_C_CA
3:27369425_TA_T	3:27205135_G_A
3:27369425_TA_T	3:27206003_A_C
3:27369425_TA_T	3:27207700_C_T
3:27369425_TA_T	3:27208003_G_A
3:27369425_TA_T	3:27208592_G_C
3:27369425_TA_T	3:27208975_C_T
3:27369425_TA_T	3:27209747_GA_G
3:27369425_TA_T	3:27209963_T_A
3:27369425_TA_T	3:27217080_G_A
3:27369425_TA_T	3:27219046_A_T
3:27369425_TA_T	3:27219047_AT_A
3:27369425_TA_T	3:27221769_T_C
3:27369425_TA_T	3:27222542_T_G
3:27369425_TA_T	3:27222742_TAAAC_T
3:27369425_TA_T	3:27223319_C_A
3:27369425_TA_T	3:27224050_G_A
3:27369425_TA_T	3:27228834_A_C
3:27369425_TA_T	3:27229122_G_C
3:27369425_TA_T	3:27229286_C_T
3:27369425_TA_T	3:27230230_C_A
3:27369425_TA_T	3:27230587_A_G
3:27369425_TA_T	3:27231558_G_A
3:27369425_TA_T	3:27234087_GA_G
3:27369425_TA_T	3:27236385_C_T
3:27369425_TA_T	3:27238349_C_G
3:27369425_TA_T	3:27238725_G_A
3:27369425_TA_T	3:27241219_G_A
3:27369425_TA_T	3:27241776_G_T
3:27369425_TA_T	3:27243567_A_G
3:27369425_TA_T	3:27248190_C_T
3:27369425_TA_T	3:27249655_C_G
3:27369425_TA_T	3:27252196_C_G
3:27369425_TA_T	3:27252491_T_A
3:27369425_TA_T	3:27253971_C_T
3:27369425_TA_T	3:27256048_TG_T
3:27369425_TA_T	3:27256049_G_T
3:27369425_TA_T	3:27257026_G_A
3:27369425_TA_T	3:27257943_A_G
3:27369425_TA_T	3:27258758_C_T
3:27369425_TA_T	3:27260283_G_A
3:27369425_TA_T	3:27263248_G_C
3:27369425_TA_T	3:27264259_TA_T
3:27369425_TA_T	3:27266705_C_T
3:27369425_TA_T	3:27267046_C_G
3:27369425_TA_T	3:27267343_A_AG
3:27369425_TA_T	3:27268398_G_T
3:27369425_TA_T	3:27270459_G_C
3:27369425_TA_T	3:27271224_C_T
3:27369425_TA_T	3:27273415_G_A
3:27369425_TA_T	3:27281198_G_T
3:27369425_TA_T	3:27285151_C_T
3:27369425_TA_T	3:27286810_G_C
3:27369425_TA_T	3:27287751_T_C
3:27369425_TA_T	3:27292557_T_C
3:27369425_TA_T	3:27292683_C_A
3:27369425_TA_T	3:27296994_TA_T
3:27369425_TA_T	3:27297816_G_C
3:27369425_TA_T	3:27299001_A_G
3:27369425_TA_T	3:27300176_T_G
3:27369425_TA_T	3:27301087_G_A
3:27369425_TA_T	3:27302024_C_T
3:27369425_TA_T	3:27303309_T_G
3:27369425_TA_T	3:27303320_C_A
3:27369425_TA_T	3:27304258_G_A
3:27369425_TA_T	3:27304689_A_C
3:27369425_TA_T	3:27305035_C_T
3:27369425_TA_T	3:27307155_C_T
3:27369425_TA_T	3:27307196_A_G
3:27369425_TA_T	3:27307298_CT_C
3:27369425_TA_T	3:27307464_A_G
3:27369425_TA_T	3:27309145_C_T
3:27369425_TA_T	3:27309704_G_T
3:27369425_TA_T	3:27310595_C_T
3:27369425_TA_T	3:27317846_C_A
3:27369425_TA_T	3:27317858_C_G
3:27369425_TA_T	3:27319538_A_T
3:27369425_TA_T	3:27320210_G_A
3:27369425_TA_T	3:27324029_T_TTA
3:27369425_TA_T	3:27326999_T_C
3:27369425_TA_T	3:27327020_A_C
3:27369425_TA_T	3:27327214_C_T
3:27369425_TA_T	3:27327702_A_G
3:27369425_TA_T	3:27327965_A_C
3:27369425_TA_T	3:27329540_C_T
3:27369425_TA_T	3:27330153_T_C
3:27369425_TA_T	3:27330335_C_A
3:27369425_TA_T	3:27330615_G_A
3:27369425_TA_T	3:27331258_T_C
3:27369425_TA_T	3:27332409_CTCAAAACA_C
3:27369425_TA_T	3:27333196_C_T
3:27369425_TA_T	3:27333379_C_T
3:27369425_TA_T	3:27334231_A_C
3:27369425_TA_T	3:27335350_A_T
3:27369425_TA_T	3:27337379_T_C
3:27369425_TA_T	3:27339326_T_C
3:27369425_TA_T	3:27339586_C_T
3:27369425_TA_T	3:27341676_T_G
3:27369425_TA_T	3:27341789_A_G
3:27369425_TA_T	3:27341833_C_T
3:27369425_TA_T	3:27343644_C_T
3:27369425_TA_T	3:27344193_A_G
3:27369425_TA_T	3:27345103_G_A
3:27369425_TA_T	3:27345170_G_A
3:27369425_TA_T	3:27345489_C_A
3:27369425_TA_T	3:27347117_A_AT
3:27369425_TA_T	3:27347119_A_AT
3:27369425_TA_T	3:27348920_A_G
3:27369425_TA_T	3:27349849_T_G
3:27369425_TA_T	3:27351000_T_C
3:27369425_TA_T	3:27352143_T_A
3:27369425_TA_T	3:27352225_A_G
3:27369425_TA_T	3:27353716_C_A
3:27369425_TA_T	3:27354520_A_G
3:27369425_TA_T	3:27354755_CA_C
3:27369425_TA_T	3:27355115_T_C
3:27369425_TA_T	3:27356779_C_G
3:27369425_TA_T	3:27358405_A_T
3:27369425_TA_T	3:27358620_T_C
3:27369425_TA_T	3:27361432_G_A
3:27369425_TA_T	3:27361880_T_C
3:27369425_TA_T	3:27361901_G_T
3:27369425_TA_T	3:27361988_C_G
3:27369425_TA_T	3:27362069_C_T
3:27369425_TA_T	3:27362773_G_C
3:27369425_TA_T	3:27363033_A_G
3:27369425_TA_T	3:27363064_T_C
3:27369425_TA_T	3:27363637_T_TA
3:27369425_TA_T	3:27363937_T_A
3:27369425_TA_T	3:27363954_G_GC
3:27369425_TA_T	3:27364092_C_A
3:27369425_TA_T	3:27364789_T_A
3:27369425_TA_T	3:27367221_T_C
3:27369425_TA_T	3:27368010_A_G
3:27369425_TA_T	3:27368425_C_T
3:27369425_TA_T	3:27368875_C_G
3:27369425_TA_T	3:27369765_A_T
3:27369425_TA_T	3:27370203_C_T
3:27369425_TA_T	3:27370789_T_C
3:27369425_TA_T	3:27371260_G_A
3:27369425_TA_T	3:27371526_A_C
3:27369425_TA_T	3:27371534_AC_A
3:27369425_TA_T	3:27371633_CTG_C
3:27369425_TA_T	3:27371843_T_C
3:27369425_TA_T	3:27372222_G_A
3:27369425_TA_T	3:27372628_C_T
3:27369425_TA_T	3:27372826_A_G
3:27369425_TA_T	3:27374101_C_A
3:27369425_TA_T	3:27374789_C_A
3:27369425_TA_T	3:27374854_T_C
3:27369425_TA_T	3:27375190_T_C
3:27369425_TA_T	3:27375345_A_G
3:27369425_TA_T	3:27377648_A_G
3:27369425_TA_T	3:27379815_C_T
3:27369425_TA_T	3:27380357_T_C
3:27369425_TA_T	3:27380397_T_G
3:27369425_TA_T	3:27381360_C_T
3:27369425_TA_T	3:27384489_C_T
3:27369425_TA_T	3:27385616_A_C
3:27369425_TA_T	3:27387008_C_T
3:27369425_TA_T	3:27387987_G_A
3:27369425_TA_T	3:27388161_G_C
3:27369425_TA_T	3:27388820_C_A
3:27369425_TA_T	3:27389599_T_G
3:27369425_TA_T	3:27389740_T_C
3:27369425_TA_T	3:27390637_G_A
3:27369425_TA_T	3:27391598_A_C
3:27369425_TA_T	3:27392051_A_G
3:27369425_TA_T	3:27392093_C_G
3:27369425_TA_T	3:27392326_C_T
3:27369425_TA_T	3:27392625_T_A
3:27369425_TA_T	3:27397148_G_A
3:27369425_TA_T	3:27397530_G_A
3:27369425_TA_T	3:27398150_C_T
3:27369425_TA_T	3:27398358_T_G
3:27369425_TA_T	3:27399466_T_C
3:27369425_TA_T	3:27401247_G_A
3:27369425_TA_T	3:27401505_C_G
3:27369425_TA_T	3:27403304_T_C
3:27369425_TA_T	3:27403453_T_C
3:27369425_TA_T	3:27404390_C_G
3:27369425_TA_T	3:27405705_A_G
3:27369425_TA_T	3:27407126_T_C
3:27369425_TA_T	3:27407310_G_T
3:27369425_TA_T	3:27408054_C_T
3:27369425_TA_T	3:27408298_AT_A
3:27369425_TA_T	3:27408811_T_C
3:27369425_TA_T	3:27409853_G_C
3:27369425_TA_T	3:27411836_CGT_C
3:27369425_TA_T	3:27412180_C_T
3:27369425_TA_T	3:27412591_A_G
3:27369425_TA_T	3:27412598_C_T
3:27369425_TA_T	3:27413566_C_T
3:27369425_TA_T	3:27416999_T_C
3:27369425_TA_T	3:27427225_A_G
3:27369425_TA_T	3:27427692_TAA_T
3:27369425_TA_T	3:27432206_T_C
3:27369425_TA_T	3:27456579_T_A
3:27369425_TA_T	3:27479959_C_G
3:27369425_TA_T	3:27480163_T_TAAC
3:27369425_TA_T	3:27482503_A_T
3:27369425_TA_T	3:27487705_C_T
3:27369425_TA_T	3:27488385_G_T
3:27369425_TA_T	3:27489131_CTTTTTTTTTTT_C
3:27369425_TA_T	3:27497310_C_T
3:27369425_TA_T	3:27507940_CA_C
3:27369425_TA_T	3:27509714_G_C
3:27369425_TA_T	3:27518167_C_A
3:27369425_TA_T	3:27519195_G_A
3:27369425_TA_T	3:27532282_TA_T
3:27369425_TA_T	3:27532310_G_A
3:27369425_TA_T	3:27824372_G_T
3:27369425_TA_T	3:28609433_T_C
3:27369425_TA_T	3:29112505_G_A
3:27369425_TA_T	3:32500756_C_T
3:27369425_TA_T	3:32512523_A_G
3:27369425_TA_T	3:32650698_C_G
3:27369425_TA_T	3:32665798_CTTTTCTTT_C
3:27369425_TA_T	3:32668774_T_C
3:27369425_TA_T	3:32682027_C_G
3:27369425_TA_T	3:32683405_T_C
3:27369425_TA_T	3:36915814_T_G
3:27369425_TA_T	3:36932703_G_T
3:27369425_TA_T	3:36938180_C_T
3:27369425_TA_T	3:36988799_A_G
3:27369425_TA_T	3:37255251_G_A
3:27369425_TA_T	3:37256232_C_T
3:27369425_TA_T	3:37289822_C_T
3:27369425_TA_T	3:37299389_T_C
3:27369425_TA_T	3:37300477_C_G
3:27369425_TA_T	3:37304523_A_G
3:27369425_TA_T	3:37341701_G_C
16:50914706_A_G	16:46837567_T_C
16:50914706_A_G	16:47084694_A_G
16:50914706_A_G	16:48006183_T_C
16:50914706_A_G	16:48471330_A_G
16:50914706_A_G	16:49778147_A_G
16:50914706_A_G	16:49781007_A_G
16:50914706_A_G	16:50913162_G_A
16:50914706_A_G	16:50913464_G_A
16:50914706_A_G	16:50913535_T_A
16:50914706_A_G	16:50913994_G_A
16:50914706_A_G	16:50914036_T_C
16:50914706_A_G	16:50914266_A_C
16:50914706_A_G	16:50914412_T_C
16:50914706_A_G	16:50914421_C_A
16:50914706_A_G	16:50914785_A_C
16:50914706_A_G	16:50915133_A_G
16:50914706_A_G	16:50917530_G_A
16:50914706_A_G	16:50918801_G_A
16:50914706_A_G	16:50918943_G_T
16:50914706_A_G	16:50922153_C_A
16:50914706_A_G	16:50922594_T_G
16:50914706_A_G	16:50925116_C_T
16:50914706_A_G	16:50925932_G_GA
16:50914706_A_G	16:50925979_C_G
16:50914706_A_G	16:50925980_T_A
16:50914706_A_G	16:50928577_T_G
16:50914706_A_G	16:50928585_C_T
16:50914706_A_G	16:50929954_C_T
16:50914706_A_G	16:50931564_T_C
16:50914706_A_G	16:50931922_T_C
16:50914706_A_G	16:50932366_G_T
16:50914706_A_G	16:50932779_C_T
16:50914706_A_G	16:50932797_A_G
16:50914706_A_G	16:50935200_T_C
16:50914706_A_G	16:50935531_T_C
16:50914706_A_G	16:50935556_A_G
16:50914706_A_G	16:50935672_G_T
16:50914706_A_G	16:50936779_A_G
16:50914706_A_G	16:50937529_T_C
16:50914706_A_G	16:50938458_A_G
16:50914706_A_G	16:50939192_C_G
16:50914706_A_G	16:50939476_C_T
16:50914706_A_G	16:50939789_G_A
16:50914706_A_G	16:50940719_C_T
16:50914706_A_G	16:50941021_G_C
16:50914706_A_G	16:50941040_T_C
16:50914706_A_G	16:50941200_C_T
16:50914706_A_G	16:50941749_T_C
16:50914706_A_G	16:50941889_C_G
16:50914706_A_G	16:50942035_G_A
16:50914706_A_G	16:50942130_A_G
16:50914706_A_G	16:50942234_T_C
16:50914706_A_G	16:50942324_C_A
16:50914706_A_G	16:50942372_TG_T
16:50914706_A_G	16:50942373_G_T
16:50914706_A_G	16:50942378_G_T
16:50914706_A_G	16:50942951_C_T
16:50914706_A_G	16:50943195_T_A
16:50914706_A_G	16:50943792_C_A
16:50914706_A_G	16:50943987_T_A
16:50914706_A_G	16:50945156_A_G
16:50914706_A_G	16:50945380_G_A
16:50914706_A_G	16:50947043_CAGGGT_C
16:50914706_A_G	16:50947044_AGGGTC_A
16:50914706_A_G	16:50950526_A_G
16:50914706_A_G	16:50950805_C_T
16:50914706_A_G	16:50951373_C_T
16:50914706_A_G	16:50954247_A_G
16:50914706_A_G	16:50957025_CT_C
16:50914706_A_G	16:50958125_C_A
16:50914706_A_G	16:50959419_G_T
16:50914706_A_G	16:50961416_G_A
16:50914706_A_G	16:50965904_G_C
16:50914706_A_G	16:50967938_T_G
16:50914706_A_G	16:50968437_C_T
16:50914706_A_G	16:50970000_C_CT
16:50914706_A_G	16:50971006_A_G
16:50914706_A_G	16:50973123_G_A
16:50914706_A_G	16:50976307_A_T
16:50914706_A_G	16:50979548_A_G
16:50914706_A_G	16:50979778_C_T
16:50914706_A_G	16:50984731_C_G
16:50914706_A_G	16:50984949_G_T
16:50914706_A_G	16:50984957_C_T
16:50914706_A_G	16:50985422_C_G
16:50914706_A_G	16:50985832_G_A
16:50914706_A_G	16:50985991_A_T
16:50914706_A_G	16:50986889_G_T
16:50914706_A_G	16:50988210_G_A
16:50914706_A_G	16:50990540_C_T
16:50914706_A_G	16:50997947_C_CT
16:50914706_A_G	16:51007008_G_A
16:50914706_A_G	16:51007359_G_A
16:50914706_A_G	16:51007618_G_A
16:50914706_A_G	16:51009198_T_C
16:50914706_A_G	16:51561555_C_T
16:50914706_A_G	16:52063466_C_G
16:50914706_A_G	16:52881176_G_A
16:50914706_A_G	16:55383245_A_T
16:50914706_A_G	16:55390765_C_A
16:50914706_A_G	16:55396355_A_T
16:50914706_A_G	16:57678900_A_G
16:50914706_A_G	16:57688843_G_T
16:50914706_A_G	16:59267452_G_A
16:50914706_A_G	16:59323025_A_G
16:50914706_A_G	16:59339403_T_A
16:50914706_A_G	16:59938623_G_A
16:50914706_A_G	16:59945025_C_T
16:50914706_A_G	16:60008895_C_T
16:50914706_A_G	16:60434374_T_G
16:50914706_A_G	16:60472980_A_T
16:50914706_A_G	16:60475097_T_A
16:50914706_A_G	16:60505097_G_A
16:50914706_A_G	16:60505198_G_T
16:50914706_A_G	16:60505213_A_C
16:50914706_A_G	16:60506984_TAA_T
16:50914706_A_G	16:60516834_T_G
16:50914706_A_G	16:60520590_C_T
16:50914706_A_G	16:60528394_G_A
16:50914706_A_G	16:60528399_T_C
16:50914706_A_G	16:60538143_TGAGA_T
19:18652844_A_G	19:8747766_C_T
19:18652844_A_G	19:8777577_A_G
19:18652844_A_G	19:9816937_C_T
19:18652844_A_G	19:9852711_C_T
19:18652844_A_G	19:9864356_G_A
19:18652844_A_G	19:9888383_G_C
19:18652844_A_G	19:9924907_G_A
19:18652844_A_G	19:13285508_C_T
19:18652844_A_G	19:13285834_G_A
19:18652844_A_G	19:13287413_ACTGT_A
19:18652844_A_G	19:13290786_G_T
19:18652844_A_G	19:13320002_C_G
19:18652844_A_G	19:15710287_AC_A
19:18652844_A_G	19:16255312_T_C
19:18652844_A_G	19:16256534_T_C
19:18652844_A_G	19:18466840_C_T
19:18652844_A_G	19:18470318_CT_C
19:18652844_A_G	19:18473150_A_G
19:18652844_A_G	19:18510767_G_A
19:18652844_A_G	19:18511224_T_C
19:18652844_A_G	19:18512157_A_G
19:18652844_A_G	19:18512575_G_A
19:18652844_A_G	19:18513417_C_T
19:18652844_A_G	19:18519226_A_G
19:18652844_A_G	19:18519306_A_ATT
19:18652844_A_G	19:18519997_CTT_C
19:18652844_A_G	19:18520231_A_G
19:18652844_A_G	19:18520865_A_G
19:18652844_A_G	19:18522061_G_T
19:18652844_A_G	19:18522805_A_C
19:18652844_A_G	19:18523096_C_T
19:18652844_A_G	19:18524488_A_G
19:18652844_A_G	19:18524830_A_AAAAC
19:18652844_A_G	19:18525104_T_G
19:18652844_A_G	19:18525701_A_T
19:18652844_A_G	19:18525879_C_T
19:18652844_A_G	19:18527257_G_A
19:18652844_A_G	19:18530161_T_G
19:18652844_A_G	19:18535607_C_T
19:18652844_A_G	19:18536416_C_G
19:18652844_A_G	19:18538742_A_C
19:18652844_A_G	19:18539744_C_T
19:18652844_A_G	19:18540280_CGG_C
19:18652844_A_G	19:18540616_C_G
19:18652844_A_G	19:18540644_C_T
19:18652844_A_G	19:18540988_T_C
19:18652844_A_G	19:18541785_C_T
19:18652844_A_G	19:18541965_G_T
19:18652844_A_G	19:18541966_C_T
19:18652844_A_G	19:18542000_GGTCCTGGTGACCACTGGTGCCTGA_G
19:18652844_A_G	19:18542701_C_T
19:18652844_A_G	19:18543054_C_T
19:18652844_A_G	19:18543270_G_T
19:18652844_A_G	19:18544284_GGGCGGGGGCGCGTC_G
19:18652844_A_G	19:18545341_A_C
19:18652844_A_G	19:18545540_A_G
19:18652844_A_G	19:18546029_AG_A
19:18652844_A_G	19:18546678_T_C
19:18652844_A_G	19:18547305_T_A
19:18652844_A_G	19:18548249_A_C
19:18652844_A_G	19:18548884_T_C
19:18652844_A_G	19:18549549_C_G
19:18652844_A_G	19:18550276_C_A
19:18652844_A_G	19:18550950_C_CA
19:18652844_A_G	19:18552208_C_T
19:18652844_A_G	19:18553580_CAGAT_C
19:18652844_A_G	19:18553685_GA_G
19:18652844_A_G	19:18554204_G_GAC
19:18652844_A_G	19:18554972_A_G
19:18652844_A_G	19:18556749_T_C
19:18652844_A_G	19:18557035_A_AGCAGGCCACTAG
19:18652844_A_G	19:18557657_C_T
19:18652844_A_G	19:18558876_A_G
19:18652844_A_G	19:18559410_G_A
19:18652844_A_G	19:18559657_G_C
19:18652844_A_G	19:18560282_T_C
19:18652844_A_G	19:18562624_C_T
19:18652844_A_G	19:18563880_G_A
19:18652844_A_G	19:18564705_A_G
19:18652844_A_G	19:18565039_A_G
19:18652844_A_G	19:18565951_CA_C
19:18652844_A_G	19:18566395_T_C
19:18652844_A_G	19:18566804_T_G
19:18652844_A_G	19:18567555_C_A
19:18652844_A_G	19:18567771_GA_G
19:18652844_A_G	19:18567901_C_T
19:18652844_A_G	19:18569492_C_T
19:18652844_A_G	19:18569833_G_A
19:18652844_A_G	19:18570035_G_A
19:18652844_A_G	19:18570526_T_TG
19:18652844_A_G	19:18570632_G_A
19:18652844_A_G	19:18571141_A_G
19:18652844_A_G	19:18572834_C_T
19:18652844_A_G	19:18573026_GTGTGTA_G
19:18652844_A_G	19:18573028_GTGTA_G
19:18652844_A_G	19:18573675_A_G
19:18652844_A_G	19:18574027_G_C
19:18652844_A_G	19:18574541_C_G
19:18652844_A_G	19:18574795_C_CA
19:18652844_A_G	19:18575300_TACA_T
19:18652844_A_G	19:18575450_C_T
19:18652844_A_G	19:18576484_T_C
19:18652844_A_G	19:18577873_G_C
19:18652844_A_G	19:18578654_T_C
19:18652844_A_G	19:18578689_A_C
19:18652844_A_G	19:18578897_A_G
19:18652844_A_G	19:18580798_C_G
19:18652844_A_G	19:18584478_C_T
19:18652844_A_G	19:18584781_G_A
19:18652844_A_G	19:18585325_A_G
19:18652844_A_G	19:18585410_C_T
19:18652844_A_G	19:18586299_C_CT
19:18652844_A_G	19:18586519_T_A
19:18652844_A_G	19:18586759_G_T
19:18652844_A_G	19:18586791_C_T
19:18652844_A_G	19:18587157_C_G
19:18652844_A_G	19:18588800_A_T
19:18652844_A_G	19:18589045_C_T
19:18652844_A_G	19:18589088_T_C
19:18652844_A_G	19:18589361_G_C
19:18652844_A_G	19:18590223_C_G
19:18652844_A_G	19:18590251_C_G
19:18652844_A_G	19:18591745_G_A
19:18652844_A_G	19:18593153_G_A
19:18652844_A_G	19:18593553_T_C
19:18652844_A_G	19:18593604_T_TTGTTGTTGCTGC
19:18652844_A_G	19:18593726_C_T
19:18652844_A_G	19:18594714_C_G
19:18652844_A_G	19:18594836_G_A
19:18652844_A_G	19:18595635_C_A
19:18652844_A_G	19:18597196_G_A
19:18652844_A_G	19:18599757_A_T
19:18652844_A_G	19:18600182_G_A
19:18652844_A_G	19:18600455_G_A
19:18652844_A_G	19:18601016_C_G
19:18652844_A_G	19:18601171_G_C
19:18652844_A_G	19:18602213_C_G
19:18652844_A_G	19:18604085_C_G
19:18652844_A_G	19:18604942_T_C
19:18652844_A_G	19:18606266_A_G
19:18652844_A_G	19:18606472_G_A
19:18652844_A_G	19:18607337_CT_C
19:18652844_A_G	19:18607780_C_T
19:18652844_A_G	19:18608147_A_G
19:18652844_A_G	19:18608283_C_T
19:18652844_A_G	19:18608518_C_A
19:18652844_A_G	19:18608579_G_A
19:18652844_A_G	19:18609090_T_C
19:18652844_A_G	19:18609764_AAAC_A
19:18652844_A_G	19:18611147_A_G
19:18652844_A_G	19:18611545_C_T
19:18652844_A_G	19:18611821_C_A
19:18652844_A_G	19:18611895_C_T
19:18652844_A_G	19:18612257_G_A
19:18652844_A_G	19:18612351_G_C
19:18652844_A_G	19:18612748_G_A
19:18652844_A_G	19:18612758_G_A
19:18652844_A_G	19:18614935_T_C
19:18652844_A_G	19:18615270_C_G
19:18652844_A_G	19:18615662_G_T
19:18652844_A_G	19:18616399_T_C
19:18652844_A_G	19:18616524_G_A
19:18652844_A_G	19:18617151_G_T
19:18652844_A_G	19:18618225_C_T
19:18652844_A_G	19:18618580_C_T
19:18652844_A_G	19:18619737_C_T
19:18652844_A_G	19:18620408_T_C
19:18652844_A_G	19:18621670_A_G
19:18652844_A_G	19:18622215_C_G
19:18652844_A_G	19:18622443_C_T
19:18652844_A_G	19:18622683_A_T
19:18652844_A_G	19:18622699_A_G
19:18652844_A_G	19:18622839_C_T
19:18652844_A_G	19:18622964_C_CA
19:18652844_A_G	19:18623132_G_A
19:18652844_A_G	19:18623198_G_A
19:18652844_A_G	19:18624333_A_G
19:18652844_A_G	19:18624479_C_T
19:18652844_A_G	19:18624964_G_A
19:18652844_A_G	19:18625151_A_G
19:18652844_A_G	19:18625310_T_C
19:18652844_A_G	19:18626732_C_G
19:18652844_A_G	19:18627067_T_C
19:18652844_A_G	19:18627133_C_G
19:18652844_A_G	19:18627371_G_GC
19:18652844_A_G	19:18627953_A_G
19:18652844_A_G	19:18628205_T_C
19:18652844_A_G	19:18628947_A_G
19:18652844_A_G	19:18629112_T_C
19:18652844_A_G	19:18629277_A_G
19:18652844_A_G	19:18629597_T_C
19:18652844_A_G	19:18629830_T_C
19:18652844_A_G	19:18630580_T_G
19:18652844_A_G	19:18630631_AAAAG_A
19:18652844_A_G	19:18631332_C_A
19:18652844_A_G	19:18631631_G_A
19:18652844_A_G	19:18632225_T_C
19:18652844_A_G	19:18633436_G_A
19:18652844_A_G	19:18633755_T_C
19:18652844_A_G	19:18635389_G_A
19:18652844_A_G	19:18635457_G_C
19:18652844_A_G	19:18635678_CT_C
19:18652844_A_G	19:18635920_G_A
19:18652844_A_G	19:18636645_A_G
19:18652844_A_G	19:18636814_C_G
19:18652844_A_G	19:18636920_C_CA
19:18652844_A_G	19:18637194_G_C
19:18652844_A_G	19:18638405_C_A
19:18652844_A_G	19:18638708_G_A
19:18652844_A_G	19:18640360_A_G
19:18652844_A_G	19:18640573_G_A
19:18652844_A_G	19:18641582_C_T
19:18652844_A_G	19:18650692_C_T
19:18652844_A_G	19:18677214_C_T
19:18652844_A_G	19:18685255_C_A
19:18652844_A_G	19:18687225_A_T
19:18652844_A_G	19:18693901_C_G
19:18652844_A_G	19:18694043_T_C
19:18652844_A_G	19:18694634_C_T
19:18652844_A_G	19:18697778_A_T
19:18652844_A_G	19:18698165_C_T
19:18652844_A_G	19:18699157_C_T
19:18652844_A_G	19:18700866_TC_T
19:18652844_A_G	19:18701499_C_T
19:18652844_A_G	19:18702501_G_A
19:18652844_A_G	19:18702515_T_C
19:18652844_A_G	19:18702674_G_A
19:18652844_A_G	19:18703674_A_G
19:18652844_A_G	19:18710535_G_A
19:18652844_A_G	19:18713484_G_A
19:18652844_A_G	19:18713593_C_T
19:18652844_A_G	19:18717637_G_A
19:18652844_A_G	19:18721492_G_A
19:18652844_A_G	19:18721790_C_G
19:18652844_A_G	19:18727289_A_G
19:18652844_A_G	19:18783342_C_T
19:18652844_A_G	19:18819060_T_A
19:18652844_A_G	19:23944250_G_A
19:18652844_A_G	19:28053964_A_C
19:18652844_A_G	19:28569555_C_G
12:64747352_T_A	12:55992210_C_A
12:64747352_T_A	12:57808269_TAAAAAAAA_T
12:64747352_T_A	12:57848639_G_A
12:64747352_T_A	12:58277006_A_G
12:64747352_T_A	12:58288030_G_C
12:64747352_T_A	12:58297746_C_T
12:64747352_T_A	12:58298444_C_T
12:64747352_T_A	12:58490832_G_C
12:64747352_T_A	12:58494297_A_G
12:64747352_T_A	12:58508378_T_C
12:64747352_T_A	12:58508872_G_A
12:64747352_T_A	12:58515885_T_C
12:64747352_T_A	12:59151544_A_G
12:64747352_T_A	12:59159601_T_C
12:64747352_T_A	12:59199314_C_G
12:64747352_T_A	12:59199577_A_G
12:64747352_T_A	12:59199648_A_G
12:64747352_T_A	12:63325988_T_C
12:64747352_T_A	12:63447119_C_A
12:64747352_T_A	12:64589638_G_A
12:64747352_T_A	12:64618498_G_GA
12:64747352_T_A	12:64629115_T_C
12:64747352_T_A	12:64674112_CTTTATTG_C
12:64747352_T_A	12:64711443_G_A
12:64747352_T_A	12:64734536_A_G
12:64747352_T_A	12:64735218_A_T
12:64747352_T_A	12:64743866_A_G
12:64747352_T_A	12:64748703_CA_C
12:64747352_T_A	12:64750850_C_T
12:64747352_T_A	12:64752060_T_A
12:64747352_T_A	12:64753788_T_C
12:64747352_T_A	12:64758935_G_A
12:64747352_T_A	12:64761014_G_A
12:64747352_T_A	12:64769558_T_TC
12:64747352_T_A	12:64769849_C_CA
12:64747352_T_A	12:64775983_A_G
12:64747352_T_A	12:64779016_A_G
12:64747352_T_A	12:64779536_T_C
12:64747352_T_A	12:67042250_T_G
12:64747352_T_A	12:67043626_T_C
12:64747352_T_A	12:67044822_C_T
12:64747352_T_A	12:67050308_C_A
12:64747352_T_A	12:69951428_A_G
4:94024991_G_GT	4:84902964_C_T
4:94024991_G_GT	4:84952443_C_A
4:94024991_G_GT	4:86704797_A_G
4:94024991_G_GT	4:86715266_C_T
4:94024991_G_GT	4:86715312_G_T
4:94024991_G_GT	4:86715362_G_A
4:94024991_G_GT	4:86715670_T_C
4:94024991_G_GT	4:86716496_T_G
4:94024991_G_GT	4:86723103_T_A
4:94024991_G_GT	4:86731385_C_G
4:94024991_G_GT	4:86751718_C_T
4:94024991_G_GT	4:86756555_A_C
4:94024991_G_GT	4:91997482_GT_G
4:94024991_G_GT	4:93344512_T_C
4:94024991_G_GT	4:93346743_T_C
4:94024991_G_GT	4:93376231_G_A
4:94024991_G_GT	4:93391086_A_T
4:94024991_G_GT	4:93603236_CT_C
4:94024991_G_GT	4:93615725_AT_A
4:94024991_G_GT	4:93665778_C_T
4:94024991_G_GT	4:93671641_CA_C
4:94024991_G_GT	4:93685405_T_C
4:94024991_G_GT	4:93697153_C_A
4:94024991_G_GT	4:93704379_G_A
4:94024991_G_GT	4:93704900_C_T
4:94024991_G_GT	4:93705829_T_G
4:94024991_G_GT	4:93728711_T_G
4:94024991_G_GT	4:93740409_G_T
4:94024991_G_GT	4:93743330_G_T
4:94024991_G_GT	4:93769123_C_T
4:94024991_G_GT	4:93789217_T_G
4:94024991_G_GT	4:93794943_G_A
4:94024991_G_GT	4:93799111_T_A
4:94024991_G_GT	4:93800605_C_T
4:94024991_G_GT	4:93802073_G_A
4:94024991_G_GT	4:93803563_A_G
4:94024991_G_GT	4:93808473_C_G
4:94024991_G_GT	4:93808853_G_T
4:94024991_G_GT	4:93809349_T_A
4:94024991_G_GT	4:93816414_C_T
4:94024991_G_GT	4:93816799_C_A
4:94024991_G_GT	4:93816852_G_A
4:94024991_G_GT	4:93818390_G_GT
4:94024991_G_GT	4:93821517_C_T
4:94024991_G_GT	4:93822976_G_T
4:94024991_G_GT	4:93830884_C_T
4:94024991_G_GT	4:93833561_T_C
4:94024991_G_GT	4:93833643_GA_G
4:94024991_G_GT	4:93834650_G_C
4:94024991_G_GT	4:93834946_G_A
4:94024991_G_GT	4:93836429_A_G
4:94024991_G_GT	4:93838975_G_A
4:94024991_G_GT	4:93843952_C_T
4:94024991_G_GT	4:93844623_G_A
4:94024991_G_GT	4:93847904_G_A
4:94024991_G_GT	4:93849137_A_C
4:94024991_G_GT	4:93849612_C_T
4:94024991_G_GT	4:93852260_T_TA
4:94024991_G_GT	4:93853934_T_A
4:94024991_G_GT	4:93854315_C_T
4:94024991_G_GT	4:93861549_AT_A
4:94024991_G_GT	4:93862403_A_T
4:94024991_G_GT	4:93863423_AT_A
4:94024991_G_GT	4:93863428_G_T
4:94024991_G_GT	4:93863875_C_T
4:94024991_G_GT	4:93869476_T_G
4:94024991_G_GT	4:93875046_T_TAC
4:94024991_G_GT	4:93878549_T_G
4:94024991_G_GT	4:93882207_A_C
4:94024991_G_GT	4:93883026_A_C
4:94024991_G_GT	4:93886124_C_T
4:94024991_G_GT	4:93888946_G_A
4:94024991_G_GT	4:93890730_T_A
4:94024991_G_GT	4:93892487_G_A
4:94024991_G_GT	4:93895624_A_G
4:94024991_G_GT	4:93896307_CAAAAAA_C
4:94024991_G_GT	4:93902196_A_G
4:94024991_G_GT	4:93902882_T_G
4:94024991_G_GT	4:93906645_T_C
4:94024991_G_GT	4:93908914_C_CA
4:94024991_G_GT	4:93911458_G_A
4:94024991_G_GT	4:93918343_C_T
4:94024991_G_GT	4:93922871_A_T
4:94024991_G_GT	4:93928402_T_C
4:94024991_G_GT	4:93930254_G_GT
4:94024991_G_GT	4:93933826_T_TA
4:94024991_G_GT	4:93934566_T_C
4:94024991_G_GT	4:93934681_C_A
4:94024991_G_GT	4:93938711_C_T
4:94024991_G_GT	4:93949309_G_A
4:94024991_G_GT	4:93949596_G_A
4:94024991_G_GT	4:93951586_A_G
4:94024991_G_GT	4:93951598_C_G
4:94024991_G_GT	4:93956435_C_T
4:94024991_G_GT	4:93959233_A_C
4:94024991_G_GT	4:93966480_G_A
4:94024991_G_GT	4:93967850_G_A
4:94024991_G_GT	4:93968164_A_G
4:94024991_G_GT	4:93968677_CT_C
4:94024991_G_GT	4:93969034_C_A
4:94024991_G_GT	4:93971287_A_G
4:94024991_G_GT	4:93971660_GGTGTGTGT_G
4:94024991_G_GT	4:93972302_C_T
4:94024991_G_GT	4:93972936_G_A
4:94024991_G_GT	4:93974134_A_G
4:94024991_G_GT	4:93974179_G_A
4:94024991_G_GT	4:93975486_TTTTTA_T
4:94024991_G_GT	4:93975493_A_G
4:94024991_G_GT	4:93975772_A_G
4:94024991_G_GT	4:93978293_G_A
4:94024991_G_GT	4:93978948_A_G
4:94024991_G_GT	4:93979262_C_CAGTGAAGTTTCAAGTAAACTTCTCA
4:94024991_G_GT	4:93981609_A_G
4:94024991_G_GT	4:93982350_T_TTTG
4:94024991_G_GT	4:93984155_G_A
4:94024991_G_GT	4:93984438_T_C
4:94024991_G_GT	4:93985201_A_AAT
4:94024991_G_GT	4:93985275_AAATAT_A
4:94024991_G_GT	4:93985925_G_A
4:94024991_G_GT	4:93987251_G_A
4:94024991_G_GT	4:93989844_C_CA
4:94024991_G_GT	4:93989892_A_C
4:94024991_G_GT	4:93991097_T_G
4:94024991_G_GT	4:93992434_C_T
4:94024991_G_GT	4:93993208_T_C
4:94024991_G_GT	4:93993635_T_G
4:94024991_G_GT	4:93994597_A_C
4:94024991_G_GT	4:93994938_C_A
4:94024991_G_GT	4:93995518_T_C
4:94024991_G_GT	4:93995924_C_T
4:94024991_G_GT	4:93996340_A_G
4:94024991_G_GT	4:93997722_C_T
4:94024991_G_GT	4:93998463_A_G
4:94024991_G_GT	4:93998874_A_G
4:94024991_G_GT	4:94002282_G_GA
4:94024991_G_GT	4:94002797_C_T
4:94024991_G_GT	4:94003724_A_G
4:94024991_G_GT	4:94004563_A_G
4:94024991_G_GT	4:94005276_C_T
4:94024991_G_GT	4:94005602_G_A
4:94024991_G_GT	4:94008168_G_GATTTATTT
4:94024991_G_GT	4:94011311_A_G
4:94024991_G_GT	4:94011877_T_C
4:94024991_G_GT	4:94012406_C_T
4:94024991_G_GT	4:94013482_T_C
4:94024991_G_GT	4:94014156_A_C
4:94024991_G_GT	4:94014306_G_A
4:94024991_G_GT	4:94014977_A_G
4:94024991_G_GT	4:94014983_A_G
4:94024991_G_GT	4:94017239_G_A
4:94024991_G_GT	4:94017556_T_C
4:94024991_G_GT	4:94017588_C_T
4:94024991_G_GT	4:94018593_A_C
4:94024991_G_GT	4:94018909_A_G
4:94024991_G_GT	4:94019351_T_C
4:94024991_G_GT	4:94019672_C_T
4:94024991_G_GT	4:94021411_C_T
4:94024991_G_GT	4:94022134_A_G
4:94024991_G_GT	4:94022690_C_G
4:94024991_G_GT	4:94023965_T_C
4:94024991_G_GT	4:94025769_C_G
4:94024991_G_GT	4:94028898_G_C
4:94024991_G_GT	4:94029489_T_C
4:94024991_G_GT	4:94029775_AT_A
4:94024991_G_GT	4:94030195_T_C
4:94024991_G_GT	4:94032125_G_C
4:94024991_G_GT	4:94032300_T_C
4:94024991_G_GT	4:94032475_A_G
4:94024991_G_GT	4:94032578_A_G
4:94024991_G_GT	4:94033638_G_C
4:94024991_G_GT	4:94034560_T_G
4:94024991_G_GT	4:94034683_C_T
4:94024991_G_GT	4:94035159_A_C
4:94024991_G_GT	4:94036531_T_A
4:94024991_G_GT	4:94037922_A_G
4:94024991_G_GT	4:94038181_A_T
4:94024991_G_GT	4:94038564_C_G
4:94024991_G_GT	4:94040811_T_C
4:94024991_G_GT	4:94041433_T_C
4:94024991_G_GT	4:94041445_A_C
4:94024991_G_GT	4:94043454_A_G
4:94024991_G_GT	4:94043908_C_T
4:94024991_G_GT	4:94044351_A_G
4:94024991_G_GT	4:94045257_T_TA
4:94024991_G_GT	4:94045268_G_GAA
4:94024991_G_GT	4:94046509_A_G
4:94024991_G_GT	4:94046761_T_G
4:94024991_G_GT	4:94046870_C_T
4:94024991_G_GT	4:94047317_C_T
4:94024991_G_GT	4:94047788_A_G
4:94024991_G_GT	4:94047901_A_G
4:94024991_G_GT	4:94048131_G_A
4:94024991_G_GT	4:94049211_C_A
4:94024991_G_GT	4:94049584_T_C
4:94024991_G_GT	4:94049689_T_C
4:94024991_G_GT	4:94049854_C_CCTGA
4:94024991_G_GT	4:94050562_C_T
4:94024991_G_GT	4:94050967_A_AG
4:94024991_G_GT	4:94052135_A_G
4:94024991_G_GT	4:94052296_ATTT_A
4:94024991_G_GT	4:94052456_T_C
4:94024991_G_GT	4:94052457_T_A
4:94024991_G_GT	4:94052674_A_G
4:94024991_G_GT	4:94052756_T_TA
4:94024991_G_GT	4:94052772_T_A
4:94024991_G_GT	4:94052854_C_G
4:94024991_G_GT	4:94053099_A_G
4:94024991_G_GT	4:94055105_G_A
4:94024991_G_GT	4:94055110_T_A
4:94024991_G_GT	4:94057383_TTGTGTG_T
4:94024991_G_GT	4:94059475_T_C
4:94024991_G_GT	4:94060886_A_AAC
4:94024991_G_GT	4:94061119_A_G
4:94024991_G_GT	4:94062766_A_G
4:94024991_G_GT	4:94063508_G_A
4:94024991_G_GT	4:94064059_G_A
4:94024991_G_GT	4:94065895_T_TTAGAG
4:94024991_G_GT	4:94066636_C_CAG
4:94024991_G_GT	4:94066853_G_A
4:94024991_G_GT	4:94067253_G_A
4:94024991_G_GT	4:94067858_A_C
4:94024991_G_GT	4:94070017_A_G
4:94024991_G_GT	4:94070268_C_T
4:94024991_G_GT	4:94071296_T_C
4:94024991_G_GT	4:94072846_G_A
4:94024991_G_GT	4:94073948_A_C
4:94024991_G_GT	4:94075263_G_A
4:94024991_G_GT	4:94075844_T_A
4:94024991_G_GT	4:94076174_A_G
4:94024991_G_GT	4:94076871_G_A
4:94024991_G_GT	4:94077149_G_A
4:94024991_G_GT	4:94078957_T_A
4:94024991_G_GT	4:94079014_G_A
4:94024991_G_GT	4:94079508_G_A
4:94024991_G_GT	4:94080358_A_G
4:94024991_G_GT	4:94081381_G_A
4:94024991_G_GT	4:94081594_G_A
4:94024991_G_GT	4:94082392_A_C
4:94024991_G_GT	4:94082585_C_T
4:94024991_G_GT	4:94084099_A_C
4:94024991_G_GT	4:94084528_TATATATATATATATATATATATAC_T
4:94024991_G_GT	4:94084638_C_G
4:94024991_G_GT	4:94088158_G_A
4:94024991_G_GT	4:94093156_T_C
4:94024991_G_GT	4:94093544_C_T
4:94024991_G_GT	4:94096710_A_G
4:94024991_G_GT	4:94099939_A_ATCT
4:94024991_G_GT	4:94100001_C_T
4:94024991_G_GT	4:94116539_A_G
4:94024991_G_GT	4:94249383_C_T
4:94024991_G_GT	4:94252722_A_C
4:94024991_G_GT	4:94252823_C_T
4:94024991_G_GT	4:94253402_AGT_A
4:94024991_G_GT	4:94254627_T_A
4:94024991_G_GT	4:94256845_CT_C
4:94024991_G_GT	4:94258713_A_G
4:94024991_G_GT	4:94261391_CT_C
4:94024991_G_GT	4:94263411_C_T
4:94024991_G_GT	4:94264831_A_AT
4:94024991_G_GT	4:94273505_C_T
4:94024991_G_GT	4:94273831_T_A
4:94024991_G_GT	4:94287595_A_G
4:94024991_G_GT	4:94289256_T_C
4:94024991_G_GT	4:94290979_G_A
4:94024991_G_GT	4:95744480_C_T
4:94024991_G_GT	4:95744961_T_C
4:94024991_G_GT	4:95744982_T_C
4:94024991_G_GT	4:95760834_C_T
4:94024991_G_GT	4:96393071_A_T
4:94024991_G_GT	4:96394332_A_G
4:94024991_G_GT	4:98467703_C_G
4:94024991_G_GT	4:98545626_G_A
4:94024991_G_GT	4:98551993_C_T
4:94024991_G_GT	4:98556782_A_G
4:94024991_G_GT	4:98559176_C_T
4:94024991_G_GT	4:98560570_C_T
4:94024991_G_GT	4:98562157_T_C
4:94024991_G_GT	4:98565579_A_C
4:94024991_G_GT	4:98574269_G_A
4:94024991_G_GT	4:98608153_G_A
4:94024991_G_GT	4:98622322_T_C
4:94024991_G_GT	4:98651827_T_A
4:94024991_G_GT	4:98796982_T_G
4:94024991_G_GT	4:99046757_T_C
4:94024991_G_GT	4:102527168_G_A
4:94024991_G_GT	4:102714254_G_T
4:94024991_G_GT	4:102714886_A_G
4:94024991_G_GT	4:102715549_G_C
4:94024991_G_GT	4:102715698_C_T
4:94024991_G_GT	4:102715803_C_T
4:94024991_G_GT	4:102715804_A_G
4:94024991_G_GT	4:102715805_G_A
4:94024991_G_GT	4:102715888_G_A
4:94024991_G_GT	4:102716514_CTG_C
4:94024991_G_GT	4:102716709_G_A
4:94024991_G_GT	4:102720544_A_T
4:94024991_G_GT	4:102722142_T_C
4:94024991_G_GT	4:102723246_C_A
4:94024991_G_GT	4:102724405_A_G
4:94024991_G_GT	4:102725324_T_C
4:94024991_G_GT	4:102726095_G_A
4:94024991_G_GT	4:102726241_T_G
2:142319440_C_T	2:134187248_G_A
2:142319440_C_T	2:135033797_G_A
2:142319440_C_T	2:135857033_G_A
2:142319440_C_T	2:135907088_A_G
2:142319440_C_T	2:135954797_T_C
2:142319440_C_T	2:136092061_C_A
2:142319440_C_T	2:136138627_A_G
2:142319440_C_T	2:136176540_T_C
2:142319440_C_T	2:136328890_A_T
2:142319440_C_T	2:136352327_T_TTC
2:142319440_C_T	2:136381348_G_A
2:142319440_C_T	2:136600176_G_A
2:142319440_C_T	2:136658837_C_T
2:142319440_C_T	2:136806996_T_C
2:142319440_C_T	2:136815388_C_T
2:142319440_C_T	2:136819662_C_T
2:142319440_C_T	2:139510856_T_C
2:142319440_C_T	2:139603066_CCTT_C
2:142319440_C_T	2:139619228_A_G
2:142319440_C_T	2:139629634_A_T
2:142319440_C_T	2:139629751_T_C
2:142319440_C_T	2:139630114_T_C
2:142319440_C_T	2:139632503_T_G
2:142319440_C_T	2:139633173_G_A
2:142319440_C_T	2:139641542_A_G
2:142319440_C_T	2:139646468_T_C
2:142319440_C_T	2:139648059_G_A
2:142319440_C_T	2:139652622_GT_G
2:142319440_C_T	2:139658953_A_C
2:142319440_C_T	2:139668633_T_A
2:142319440_C_T	2:139669813_G_A
2:142319440_C_T	2:139670524_T_A
2:142319440_C_T	2:139670613_G_A
2:142319440_C_T	2:140751400_C_A
2:142319440_C_T	2:140798085_C_G
2:142319440_C_T	2:141969244_G_A
2:142319440_C_T	2:141988686_A_T
2:142319440_C_T	2:142222290_T_C
2:142319440_C_T	2:142222972_C_T
2:142319440_C_T	2:142224148_C_T
2:142319440_C_T	2:142224432_T_A
2:142319440_C_T	2:142224646_T_C
2:142319440_C_T	2:142229389_T_G
2:142319440_C_T	2:142231681_C_T
2:142319440_C_T	2:142231709_T_C
2:142319440_C_T	2:142231710_T_C
2:142319440_C_T	2:142233375_G_C
2:142319440_C_T	2:142236387_T_A
2:142319440_C_T	2:142240658_A_G
2:142319440_C_T	2:142248552_C_G
2:142319440_C_T	2:142249065_CT_C
2:142319440_C_T	2:142256667_G_A
2:142319440_C_T	2:142260186_T_G
2:142319440_C_T	2:142262799_T_C
2:142319440_C_T	2:142264972_T_TA
2:142319440_C_T	2:142268315_C_T
2:142319440_C_T	2:142272402_TC_T
2:142319440_C_T	2:142272556_C_T
2:142319440_C_T	2:142274670_T_C
2:142319440_C_T	2:142275691_TAA_T
2:142319440_C_T	2:142276062_T_C
2:142319440_C_T	2:142278298_A_C
2:142319440_C_T	2:142278304_A_T
2:142319440_C_T	2:142278875_T_G
2:142319440_C_T	2:142280249_A_T
2:142319440_C_T	2:142280697_A_G
2:142319440_C_T	2:142282026_C_T
2:142319440_C_T	2:142286346_G_A
2:142319440_C_T	2:142287521_T_G
2:142319440_C_T	2:142287961_C_T
2:142319440_C_T	2:142287975_A_C
2:142319440_C_T	2:142288097_A_G
2:142319440_C_T	2:142288723_G_A
2:142319440_C_T	2:142289886_GAACTTAAATAAATT_G
2:142319440_C_T	2:142290764_C_T
2:142319440_C_T	2:142291181_T_C
2:142319440_C_T	2:142291211_T_G
2:142319440_C_T	2:142291389_A_G
2:142319440_C_T	2:142291612_GAGAA_G
2:142319440_C_T	2:142292571_T_C
2:142319440_C_T	2:142293341_A_G
2:142319440_C_T	2:142295200_C_T
2:142319440_C_T	2:142296207_CT_C
2:142319440_C_T	2:142296237_GCT_G
2:142319440_C_T	2:142296777_TATC_T
2:142319440_C_T	2:142297550_G_A
2:142319440_C_T	2:142297908_G_A
2:142319440_C_T	2:142299735_G_A
2:142319440_C_T	2:142301306_G_GA
2:142319440_C_T	2:142302196_C_T
2:142319440_C_T	2:142303332_G_C
2:142319440_C_T	2:142303568_C_A
2:142319440_C_T	2:142306508_G_T
2:142319440_C_T	2:142306517_T_TA
2:142319440_C_T	2:142306883_G_A
2:142319440_C_T	2:142307179_C_T
2:142319440_C_T	2:142307362_G_A
2:142319440_C_T	2:142307531_T_G
2:142319440_C_T	2:142307637_G_A
2:142319440_C_T	2:142308714_A_T
2:142319440_C_T	2:142309059_T_C
2:142319440_C_T	2:142309486_G_A
2:142319440_C_T	2:142311679_T_C
2:142319440_C_T	2:142311808_T_C
2:142319440_C_T	2:142311838_A_G
2:142319440_C_T	2:142311843_T_C
2:142319440_C_T	2:142311878_T_C
2:142319440_C_T	2:142311918_G_A
2:142319440_C_T	2:142313336_G_C
2:142319440_C_T	2:142313761_T_C
2:142319440_C_T	2:142313813_G_T
2:142319440_C_T	2:142314952_G_T
2:142319440_C_T	2:142315485_C_T
2:142319440_C_T	2:142316115_G_A
2:142319440_C_T	2:142316123_A_G
2:142319440_C_T	2:142316255_A_G
2:142319440_C_T	2:142316455_T_C
2:142319440_C_T	2:142317292_G_A
2:142319440_C_T	2:142317850_C_A
2:142319440_C_T	2:142318136_ATGAAATTC_A
2:142319440_C_T	2:142319236_G_A
2:142319440_C_T	2:142319770_T_G
2:142319440_C_T	2:142319979_C_T
2:142319440_C_T	2:142320231_C_A
2:142319440_C_T	2:142320371_C_A
2:142319440_C_T	2:142321708_G_T
2:142319440_C_T	2:142324375_G_T
2:142319440_C_T	2:142326186_T_C
2:142319440_C_T	2:142326489_A_AT
2:142319440_C_T	2:142326995_T_A
2:142319440_C_T	2:142327660_C_A
2:142319440_C_T	2:142327691_G_A
2:142319440_C_T	2:142328153_AGTTTGACCTCGGAAGAGG_A
2:142319440_C_T	2:142328470_A_T
2:142319440_C_T	2:142328610_C_T
2:142319440_C_T	2:142328739_C_T
2:142319440_C_T	2:142328892_A_G
2:142319440_C_T	2:142329363_C_G
2:142319440_C_T	2:142330329_A_G
2:142319440_C_T	2:142330478_TCTATGCC_T
2:142319440_C_T	2:142330875_A_G
2:142319440_C_T	2:142332319_C_T
2:142319440_C_T	2:142333758_T_TATC
2:142319440_C_T	2:142334350_TGACCCTGAA_T
2:142319440_C_T	2:142334471_C_T
2:142319440_C_T	2:142337743_C_T
2:142319440_C_T	2:142338129_TC_T
2:142319440_C_T	2:142340685_G_A
2:142319440_C_T	2:142340695_A_G
2:142319440_C_T	2:142341295_T_A
2:142319440_C_T	2:142341359_A_G
2:142319440_C_T	2:142343454_C_CT
2:142319440_C_T	2:142343505_G_A
2:142319440_C_T	2:142345146_T_C
2:142319440_C_T	2:142346828_CTGTT_C
2:142319440_C_T	2:142347002_T_C
2:142319440_C_T	2:142347113_T_C
2:142319440_C_T	2:142347455_A_G
2:142319440_C_T	2:142348918_G_T
2:142319440_C_T	2:142349150_GGT_G
2:142319440_C_T	2:142354624_TAC_T
2:142319440_C_T	2:142357342_AACT_A
2:142319440_C_T	2:142357492_C_G
2:142319440_C_T	2:142358209_C_A
2:142319440_C_T	2:142358477_C_T
2:142319440_C_T	2:142358950_A_G
2:142319440_C_T	2:142359079_C_G
2:142319440_C_T	2:142359467_G_A
2:142319440_C_T	2:142359850_G_A
2:142319440_C_T	2:142360384_C_T
2:142319440_C_T	2:142361634_A_C
2:142319440_C_T	2:142362444_A_T
2:142319440_C_T	2:142362904_G_C
2:142319440_C_T	2:142363520_GA_G
2:142319440_C_T	2:142363800_ATGT_A
2:142319440_C_T	2:142364301_G_A
2:142319440_C_T	2:142364839_C_T
2:142319440_C_T	2:142365708_G_A
2:142319440_C_T	2:142367364_C_T
2:142319440_C_T	2:142370884_G_C
2:142319440_C_T	2:142371363_C_T
2:142319440_C_T	2:142371405_G_A
2:142319440_C_T	2:142373590_C_T
2:142319440_C_T	2:142375460_AT_A
2:142319440_C_T	2:142375798_A_G
2:142319440_C_T	2:142378769_C_T
2:142319440_C_T	2:142378795_T_C
2:142319440_C_T	2:142379219_A_G
2:142319440_C_T	2:142379398_A_G
2:142319440_C_T	2:142380100_G_C
2:142319440_C_T	2:142380526_T_A
2:142319440_C_T	2:142380678_A_T
2:142319440_C_T	2:142380792_T_G
2:142319440_C_T	2:142380980_G_A
2:142319440_C_T	2:142381172_C_T
2:142319440_C_T	2:142381277_C_T
2:142319440_C_T	2:142381305_GC_G
2:142319440_C_T	2:142381308_A_G
2:142319440_C_T	2:142381410_T_C
2:142319440_C_T	2:142381600_T_A
2:142319440_C_T	2:142381601_T_A
2:142319440_C_T	2:142382469_G_C
2:142319440_C_T	2:142383019_T_A
2:142319440_C_T	2:142383174_G_A
2:142319440_C_T	2:142384780_T_A
2:142319440_C_T	2:142385883_A_G
2:142319440_C_T	2:142412195_T_G
2:142319440_C_T	2:142488529_A_C
2:142319440_C_T	2:147009142_G_GT
2:142319440_C_T	2:149053674_A_T
2:142319440_C_T	2:151963896_A_G
2:142319440_C_T	2:152074005_A_G
7:132525147_C_T	7:130416726_G_C
7:132525147_C_T	7:130418689_A_G
7:132525147_C_T	7:130418721_T_G
7:132525147_C_T	7:130418744_T_A
7:132525147_C_T	7:130419958_C_T
7:132525147_C_T	7:131007435_T_C
7:132525147_C_T	7:132469010_T_A
7:132525147_C_T	7:132475678_T_C
7:132525147_C_T	7:132478633_T_C
7:132525147_C_T	7:132480895_T_G
7:132525147_C_T	7:132482892_T_C
7:132525147_C_T	7:132483408_G_C
7:132525147_C_T	7:132483938_C_T
7:132525147_C_T	7:132486996_T_C
7:132525147_C_T	7:132488532_A_C
7:132525147_C_T	7:132490352_T_A
7:132525147_C_T	7:132490446_A_G
7:132525147_C_T	7:132491704_G_A
7:132525147_C_T	7:132492133_T_G
7:132525147_C_T	7:132492613_G_A
7:132525147_C_T	7:132492853_T_C
7:132525147_C_T	7:132493497_CT_C
7:132525147_C_T	7:132495065_A_G
7:132525147_C_T	7:132495299_T_C
7:132525147_C_T	7:132500559_T_G
7:132525147_C_T	7:132503145_T_C
7:132525147_C_T	7:132504081_T_C
7:132525147_C_T	7:132506350_T_C
7:132525147_C_T	7:132508581_T_A
7:132525147_C_T	7:132509436_G_A
7:132525147_C_T	7:132510489_C_G
7:132525147_C_T	7:132512123_T_C
7:132525147_C_T	7:132514370_T_C
7:132525147_C_T	7:132516157_A_AT
7:132525147_C_T	7:132519864_G_A
7:132525147_C_T	7:132520192_G_A
7:132525147_C_T	7:132521549_A_G
7:132525147_C_T	7:132521731_G_C
7:132525147_C_T	7:132521753_A_C
7:132525147_C_T	7:132523397_G_A
7:132525147_C_T	7:132523462_A_G
7:132525147_C_T	7:132526161_CA_C
7:132525147_C_T	7:132526350_T_C
7:132525147_C_T	7:132526580_G_A
7:132525147_C_T	7:132527075_C_T
7:132525147_C_T	7:132528927_G_A
7:132525147_C_T	7:132530970_G_A
7:132525147_C_T	7:132532569_A_G
7:132525147_C_T	7:132532731_A_G
7:132525147_C_T	7:132532758_G_A
7:132525147_C_T	7:132533152_G_A
7:132525147_C_T	7:132533323_C_T
7:132525147_C_T	7:132533663_T_C
7:132525147_C_T	7:132533944_T_C
7:132525147_C_T	7:132534697_A_G
7:132525147_C_T	7:132535047_G_C
7:132525147_C_T	7:132535210_GTTT_G
7:132525147_C_T	7:132535284_C_T
7:132525147_C_T	7:132535642_C_A
7:132525147_C_T	7:132537777_A_C
7:132525147_C_T	7:132542983_T_C
7:132525147_C_T	7:132543401_C_T
7:132525147_C_T	7:132545062_T_G
7:132525147_C_T	7:132551174_G_A
7:132525147_C_T	7:132553318_G_T
7:132525147_C_T	7:132555093_C_G
7:132525147_C_T	7:132555111_CA_C
7:132525147_C_T	7:132556835_C_G
7:132525147_C_T	7:132556971_C_T
7:132525147_C_T	7:132557828_C_T
7:132525147_C_T	7:132559104_G_C
7:132525147_C_T	7:132559273_G_A
7:132525147_C_T	7:132559334_AGAATATTCTGGT_A
7:132525147_C_T	7:132563119_TCA_T
7:132525147_C_T	7:132566804_C_A
7:132525147_C_T	7:132567025_C_G
7:132525147_C_T	7:132567796_C_CAT
7:132525147_C_T	7:132568959_G_T
7:132525147_C_T	7:132569599_G_A
7:132525147_C_T	7:132570358_T_C
7:132525147_C_T	7:132572324_G_A
7:132525147_C_T	7:132575449_C_CT
7:132525147_C_T	7:132576949_C_T
7:132525147_C_T	7:132579694_A_G
7:132525147_C_T	7:132584990_C_CGGCCAGAA
7:132525147_C_T	7:132586161_C_T
7:132525147_C_T	7:132593831_G_A
7:132525147_C_T	7:132597683_G_C
7:132525147_C_T	7:132599986_G_A
7:132525147_C_T	7:132601250_TTGAG_T
7:132525147_C_T	7:132601287_T_C
7:132525147_C_T	7:132601889_C_T
7:132525147_C_T	7:132603303_C_T
7:132525147_C_T	7:132604899_G_A
7:132525147_C_T	7:132606453_T_C
7:132525147_C_T	7:132607171_T_C
7:132525147_C_T	7:132611378_G_T
7:132525147_C_T	7:132613177_C_A
7:132525147_C_T	7:132614949_A_G
7:132525147_C_T	7:132617122_T_G
7:132525147_C_T	7:132623340_A_ACCATCAAAACTCAGGAGT
7:132525147_C_T	7:132624847_A_G
7:132525147_C_T	7:132627289_C_T
7:132525147_C_T	7:132630046_A_G
7:132525147_C_T	7:132631281_A_C
7:132525147_C_T	7:132634679_C_T
7:132525147_C_T	7:132637579_T_C
7:132525147_C_T	7:132637868_GA_G
7:132525147_C_T	7:132639577_G_A
7:132525147_C_T	7:132641281_A_T
7:132525147_C_T	7:132647915_A_T
7:132525147_C_T	7:132651302_T_C
7:132525147_C_T	7:132652587_CA_C
7:132525147_C_T	7:132655723_A_T
7:132525147_C_T	7:132656873_A_C
7:132525147_C_T	7:132659059_A_G
7:132525147_C_T	7:132659374_A_G
7:132525147_C_T	7:132660489_A_G
7:132525147_C_T	7:132660685_T_TA
7:132525147_C_T	7:132660704_C_A
7:132525147_C_T	7:132660978_C_CCT
7:132525147_C_T	7:132661637_T_G
7:132525147_C_T	7:132662469_T_A
7:132525147_C_T	7:132663138_C_A
7:132525147_C_T	7:132663381_T_C
7:132525147_C_T	7:132663425_T_C
7:132525147_C_T	7:132664010_C_G
7:132525147_C_T	7:132664757_C_T
7:132525147_C_T	7:132666863_G_A
7:132525147_C_T	7:132666888_G_T
7:132525147_C_T	7:132667955_A_G
7:132525147_C_T	7:132668685_C_T
7:132525147_C_T	7:132668970_A_G
7:132525147_C_T	7:132670676_ATT_A
7:132525147_C_T	7:132671017_T_C
7:132525147_C_T	7:132671335_G_A
7:132525147_C_T	7:132671407_A_G
7:132525147_C_T	7:132671534_C_T
7:132525147_C_T	7:132672067_A_C
7:132525147_C_T	7:132672270_C_G
7:132525147_C_T	7:132672310_C_T
7:132525147_C_T	7:132672329_G_A
7:132525147_C_T	7:132672849_C_G
7:132525147_C_T	7:132673076_C_CA
7:132525147_C_T	7:132673077_C_CA
7:132525147_C_T	7:132673521_T_A
7:132525147_C_T	7:132674075_T_G
7:132525147_C_T	7:132675366_C_T
7:132525147_C_T	7:132675367_A_G
7:132525147_C_T	7:132675441_C_T
7:132525147_C_T	7:132678428_G_C
7:132525147_C_T	7:132678578_T_G
7:132525147_C_T	7:132679798_G_A
7:132525147_C_T	7:132680427_C_T
7:132525147_C_T	7:132681030_A_C
7:132525147_C_T	7:132681093_C_G
7:132525147_C_T	7:132681426_T_G
7:132525147_C_T	7:132683047_C_T
7:132525147_C_T	7:132683626_G_A
7:132525147_C_T	7:132684307_G_A
7:132525147_C_T	7:132684387_T_C
7:132525147_C_T	7:132684498_A_G
7:132525147_C_T	7:132684929_T_C
7:132525147_C_T	7:132685064_C_T
7:132525147_C_T	7:132685816_T_C
7:132525147_C_T	7:132685943_A_G
7:132525147_C_T	7:132687993_TC_T
7:132525147_C_T	7:132688841_G_A
7:132525147_C_T	7:132688852_T_C
7:132525147_C_T	7:132689271_C_G
7:132525147_C_T	7:132690370_T_G
7:132525147_C_T	7:132690684_G_C
7:132525147_C_T	7:132691534_G_A
7:132525147_C_T	7:132691625_T_C
7:132525147_C_T	7:132692468_T_C
7:132525147_C_T	7:132693536_C_T
7:132525147_C_T	7:132693730_CA_C
7:132525147_C_T	7:132693770_A_C
7:132525147_C_T	7:132694017_G_A
7:132525147_C_T	7:132694079_G_A
7:132525147_C_T	7:132694779_GA_G
7:132525147_C_T	7:132694923_C_G
7:132525147_C_T	7:132695441_C_T
7:132525147_C_T	7:132696711_G_A
7:132525147_C_T	7:132696952_C_A
7:132525147_C_T	7:132697829_T_C
7:132525147_C_T	7:132698067_C_G
7:132525147_C_T	7:132698149_G_A
7:132525147_C_T	7:132698885_C_T
7:132525147_C_T	7:132699295_A_G
7:132525147_C_T	7:132699317_C_CTT
7:132525147_C_T	7:132700606_C_T
7:132525147_C_T	7:132700721_TGTC_T
7:132525147_C_T	7:132700726_C_T
7:132525147_C_T	7:132700883_G_C
7:132525147_C_T	7:132703923_A_G
7:132525147_C_T	7:132704072_G_C
7:132525147_C_T	7:132704259_A_C
7:132525147_C_T	7:132706112_G_A
7:132525147_C_T	7:132706981_G_A
7:132525147_C_T	7:132707375_CA_C
7:132525147_C_T	7:132707616_G_GA
7:132525147_C_T	7:132709293_C_T
7:132525147_C_T	7:132711550_C_T
7:132525147_C_T	7:132712190_AAGGG_A
7:132525147_C_T	7:132712250_A_G
7:132525147_C_T	7:132712492_C_T
7:132525147_C_T	7:132713924_G_A
7:132525147_C_T	7:132714739_A_G
7:132525147_C_T	7:132715837_T_C
7:132525147_C_T	7:132716441_G_C
7:132525147_C_T	7:132717638_T_A
7:132525147_C_T	7:132726051_C_T
7:132525147_C_T	7:132727695_C_T
7:132525147_C_T	7:132727843_G_C
7:132525147_C_T	7:132729814_G_C
7:132525147_C_T	7:132729981_T_C
7:132525147_C_T	7:132730966_G_A
7:132525147_C_T	7:132731615_A_G
7:132525147_C_T	7:132732992_G_A
7:132525147_C_T	7:132735931_C_A
7:132525147_C_T	7:132740191_T_A
7:132525147_C_T	7:132741421_C_G
7:132525147_C_T	7:132741607_T_C
7:132525147_C_T	7:132741757_C_T
7:132525147_C_T	7:132741896_T_C
7:132525147_C_T	7:132743709_A_G
7:132525147_C_T	7:132744623_C_T
7:132525147_C_T	7:132745997_G_A
7:132525147_C_T	7:132746688_C_T
7:132525147_C_T	7:132748398_C_T
7:132525147_C_T	7:132756930_GA_G
7:132525147_C_T	7:132758632_T_C
7:132525147_C_T	7:132759693_C_CT
7:132525147_C_T	7:132760123_C_A
7:132525147_C_T	7:132760805_T_C
7:132525147_C_T	7:132761814_ATAGT_A
7:132525147_C_T	7:132765477_G_T
7:132525147_C_T	7:132766584_C_G
7:132525147_C_T	7:132767245_A_C
7:132525147_C_T	7:132769640_C_T
7:132525147_C_T	7:132773903_A_G
7:132525147_C_T	7:132774159_G_A
7:132525147_C_T	7:132776327_CA_C
7:132525147_C_T	7:132778554_C_CT
7:132525147_C_T	7:132778850_CT_C
7:132525147_C_T	7:132778866_C_T
7:132525147_C_T	7:132779383_C_T
7:132525147_C_T	7:132779465_T_C
7:132525147_C_T	7:132785826_G_A
7:132525147_C_T	7:132787810_T_C
7:132525147_C_T	7:132787857_C_T
7:132525147_C_T	7:132787893_C_T
7:132525147_C_T	7:132788101_A_G
7:132525147_C_T	7:132788107_T_G
7:132525147_C_T	7:132788602_T_C
7:132525147_C_T	7:132789166_C_T
7:132525147_C_T	7:132789774_T_C
7:132525147_C_T	7:132796245_C_A
7:132525147_C_T	7:132796605_C_T
7:132525147_C_T	7:132797012_C_A
7:132525147_C_T	7:132797144_T_C
7:132525147_C_T	7:132800527_G_A
7:132525147_C_T	7:132801215_C_T
7:132525147_C_T	7:132804434_A_C
7:132525147_C_T	7:132804599_G_A
7:132525147_C_T	7:132804620_C_T
7:132525147_C_T	7:134111535_G_C
7:132525147_C_T	7:134115551_G_C
7:132525147_C_T	7:134118483_A_T
7:132525147_C_T	7:137060130_C_CT
7:132525147_C_T	7:137063848_ATTTTG_A
7:132525147_C_T	7:137069055_A_G
7:132525147_C_T	7:137077595_C_CA
7:132525147_C_T	7:140914456_A_G
7:132525147_C_T	7:140914539_G_C
7:132525147_C_T	7:140914741_G_A
7:132525147_C_T	7:140915428_G_A
7:132525147_C_T	7:140915444_C_T
7:132525147_C_T	7:140916021_A_G
7:132525147_C_T	7:140916294_A_G
7:132525147_C_T	7:140916466_A_G
6:54568109_GAAAAAAA_G	6:46712009_TCTC_T
6:54568109_GAAAAAAA_G	6:47205868_G_A
6:54568109_GAAAAAAA_G	6:47205983_C_G
6:54568109_GAAAAAAA_G	6:47207546_T_C
6:54568109_GAAAAAAA_G	6:47223062_G_A
6:54568109_GAAAAAAA_G	6:51307364_G_A
6:54568109_GAAAAAAA_G	6:51311620_A_C
6:54568109_GAAAAAAA_G	6:51311673_TC_T
6:54568109_GAAAAAAA_G	6:51312183_G_A
6:54568109_GAAAAAAA_G	6:51329577_T_TA
6:54568109_GAAAAAAA_G	6:51334331_GA_G
6:54568109_GAAAAAAA_G	6:51334424_G_A
6:54568109_GAAAAAAA_G	6:51334976_C_T
6:54568109_GAAAAAAA_G	6:51335103_C_T
6:54568109_GAAAAAAA_G	6:51345532_T_C
6:54568109_GAAAAAAA_G	6:51348754_C_T
6:54568109_GAAAAAAA_G	6:51348949_G_T
6:54568109_GAAAAAAA_G	6:51349811_A_G
6:54568109_GAAAAAAA_G	6:51350430_G_A
6:54568109_GAAAAAAA_G	6:51351128_A_G
6:54568109_GAAAAAAA_G	6:51352502_T_G
6:54568109_GAAAAAAA_G	6:51353719_T_C
6:54568109_GAAAAAAA_G	6:51356617_A_G
6:54568109_GAAAAAAA_G	6:51356951_C_T
6:54568109_GAAAAAAA_G	6:51357077_T_G
6:54568109_GAAAAAAA_G	6:51359553_G_GA
6:54568109_GAAAAAAA_G	6:51359852_T_C
6:54568109_GAAAAAAA_G	6:51361809_T_TC
6:54568109_GAAAAAAA_G	6:51362685_A_G
6:54568109_GAAAAAAA_G	6:51366221_G_A
6:54568109_GAAAAAAA_G	6:51379105_C_T
6:54568109_GAAAAAAA_G	6:51381170_CT_C
6:54568109_GAAAAAAA_G	6:51381588_G_C
6:54568109_GAAAAAAA_G	6:52283825_C_T
6:54568109_GAAAAAAA_G	6:52362035_C_T
6:54568109_GAAAAAAA_G	6:52373456_A_T
6:54568109_GAAAAAAA_G	6:52816827_G_A
6:54568109_GAAAAAAA_G	6:52816869_TAA_T
6:54568109_GAAAAAAA_G	6:53564752_A_G
6:54568109_GAAAAAAA_G	6:53565153_A_G
6:54568109_GAAAAAAA_G	6:53569785_C_T
6:54568109_GAAAAAAA_G	6:53588393_T_TC
6:54568109_GAAAAAAA_G	6:53590928_T_C
6:54568109_GAAAAAAA_G	6:53591120_C_T
6:54568109_GAAAAAAA_G	6:53591205_C_G
6:54568109_GAAAAAAA_G	6:53592657_G_A
6:54568109_GAAAAAAA_G	6:53592989_ATAT_A
6:54568109_GAAAAAAA_G	6:53593569_C_T
6:54568109_GAAAAAAA_G	6:53593928_GGAA_G
6:54568109_GAAAAAAA_G	6:53594413_G_T
6:54568109_GAAAAAAA_G	6:53595879_A_G
6:54568109_GAAAAAAA_G	6:53596494_A_T
6:54568109_GAAAAAAA_G	6:53597774_G_C
6:54568109_GAAAAAAA_G	6:53597887_A_C
6:54568109_GAAAAAAA_G	6:53598112_CATGATGTTGCTGCTTATA_C
6:54568109_GAAAAAAA_G	6:53599128_C_T
6:54568109_GAAAAAAA_G	6:53599269_T_C
6:54568109_GAAAAAAA_G	6:53600045_G_A
6:54568109_GAAAAAAA_G	6:53600301_T_G
6:54568109_GAAAAAAA_G	6:53600308_A_G
6:54568109_GAAAAAAA_G	6:53601105_A_G
6:54568109_GAAAAAAA_G	6:53602864_T_C
6:54568109_GAAAAAAA_G	6:53605276_A_G
6:54568109_GAAAAAAA_G	6:53606112_G_T
6:54568109_GAAAAAAA_G	6:53608461_A_T
6:54568109_GAAAAAAA_G	6:53611831_A_T
6:54568109_GAAAAAAA_G	6:53612754_T_G
6:54568109_GAAAAAAA_G	6:53613398_T_C
6:54568109_GAAAAAAA_G	6:53614555_G_A
6:54568109_GAAAAAAA_G	6:53616938_C_G
6:54568109_GAAAAAAA_G	6:53619575_G_A
6:54568109_GAAAAAAA_G	6:53620789_C_T
6:54568109_GAAAAAAA_G	6:53621896_G_A
6:54568109_GAAAAAAA_G	6:53622371_T_TCAAAC
6:54568109_GAAAAAAA_G	6:53622909_A_C
6:54568109_GAAAAAAA_G	6:53961327_A_G
6:54568109_GAAAAAAA_G	6:53961784_A_G
6:54568109_GAAAAAAA_G	6:53968910_C_T
6:54568109_GAAAAAAA_G	6:53969932_G_C
6:54568109_GAAAAAAA_G	6:53970318_T_G
6:54568109_GAAAAAAA_G	6:53971401_G_A
6:54568109_GAAAAAAA_G	6:53974789_C_CT
6:54568109_GAAAAAAA_G	6:53974804_G_A
6:54568109_GAAAAAAA_G	6:53975187_T_C
6:54568109_GAAAAAAA_G	6:53975913_T_C
6:54568109_GAAAAAAA_G	6:53977292_A_G
6:54568109_GAAAAAAA_G	6:53977449_C_T
6:54568109_GAAAAAAA_G	6:53977464_T_TA
6:54568109_GAAAAAAA_G	6:53977495_A_G
6:54568109_GAAAAAAA_G	6:53977911_A_T
6:54568109_GAAAAAAA_G	6:53978817_T_G
6:54568109_GAAAAAAA_G	6:53982560_T_C
6:54568109_GAAAAAAA_G	6:53982630_G_A
6:54568109_GAAAAAAA_G	6:53990039_G_A
6:54568109_GAAAAAAA_G	6:53994626_T_G
6:54568109_GAAAAAAA_G	6:53994634_A_G
6:54568109_GAAAAAAA_G	6:53995504_C_T
6:54568109_GAAAAAAA_G	6:53996073_T_C
6:54568109_GAAAAAAA_G	6:53996086_T_C
6:54568109_GAAAAAAA_G	6:53997693_A_C
6:54568109_GAAAAAAA_G	6:54000755_T_C
6:54568109_GAAAAAAA_G	6:54002231_A_C
6:54568109_GAAAAAAA_G	6:54003344_A_G
6:54568109_GAAAAAAA_G	6:54003689_G_A
6:54568109_GAAAAAAA_G	6:54005663_A_G
6:54568109_GAAAAAAA_G	6:54005954_C_T
6:54568109_GAAAAAAA_G	6:54006259_A_C
6:54568109_GAAAAAAA_G	6:54007349_C_G
6:54568109_GAAAAAAA_G	6:54007585_T_A
6:54568109_GAAAAAAA_G	6:54007820_C_A
6:54568109_GAAAAAAA_G	6:54008414_G_A
6:54568109_GAAAAAAA_G	6:54010591_A_C
6:54568109_GAAAAAAA_G	6:54010594_A_C
6:54568109_GAAAAAAA_G	6:54010651_A_T
6:54568109_GAAAAAAA_G	6:54011675_A_C
6:54568109_GAAAAAAA_G	6:54013111_C_G
6:54568109_GAAAAAAA_G	6:54013635_C_T
6:54568109_GAAAAAAA_G	6:54015155_T_C
6:54568109_GAAAAAAA_G	6:54016363_T_A
6:54568109_GAAAAAAA_G	6:54016676_G_A
6:54568109_GAAAAAAA_G	6:54017126_T_G
6:54568109_GAAAAAAA_G	6:54019288_A_G
6:54568109_GAAAAAAA_G	6:54019943_C_T
6:54568109_GAAAAAAA_G	6:54020121_C_T
6:54568109_GAAAAAAA_G	6:54021056_T_C
6:54568109_GAAAAAAA_G	6:54021179_C_A
6:54568109_GAAAAAAA_G	6:54022931_T_A
6:54568109_GAAAAAAA_G	6:54023382_T_G
6:54568109_GAAAAAAA_G	6:54023681_AT_A
6:54568109_GAAAAAAA_G	6:54027277_G_A
6:54568109_GAAAAAAA_G	6:54034547_G_A
6:54568109_GAAAAAAA_G	6:54042903_A_G
6:54568109_GAAAAAAA_G	6:54048682_A_C
6:54568109_GAAAAAAA_G	6:54059217_T_C
6:54568109_GAAAAAAA_G	6:54070858_C_G
6:54568109_GAAAAAAA_G	6:54123118_A_T
6:54568109_GAAAAAAA_G	6:54129147_A_G
6:54568109_GAAAAAAA_G	6:54129982_G_A
6:54568109_GAAAAAAA_G	6:54132391_G_A
6:54568109_GAAAAAAA_G	6:54133218_G_A
6:54568109_GAAAAAAA_G	6:54180009_G_A
6:54568109_GAAAAAAA_G	6:54182039_GCTCT_G
6:54568109_GAAAAAAA_G	6:54261637_A_C
6:54568109_GAAAAAAA_G	6:54287862_A_G
6:54568109_GAAAAAAA_G	6:54303039_A_G
6:54568109_GAAAAAAA_G	6:54310853_C_T
6:54568109_GAAAAAAA_G	6:54310901_C_T
6:54568109_GAAAAAAA_G	6:54311368_G_A
6:54568109_GAAAAAAA_G	6:54313047_G_A
6:54568109_GAAAAAAA_G	6:54313076_T_C
6:54568109_GAAAAAAA_G	6:54313462_C_T
6:54568109_GAAAAAAA_G	6:54315857_C_A
6:54568109_GAAAAAAA_G	6:54316296_T_A
6:54568109_GAAAAAAA_G	6:54318395_G_C
6:54568109_GAAAAAAA_G	6:54318606_A_C
6:54568109_GAAAAAAA_G	6:54320606_C_T
6:54568109_GAAAAAAA_G	6:54325767_T_C
6:54568109_GAAAAAAA_G	6:54326209_G_A
6:54568109_GAAAAAAA_G	6:54326295_G_T
6:54568109_GAAAAAAA_G	6:54326779_G_A
6:54568109_GAAAAAAA_G	6:54329751_CGAT_C
6:54568109_GAAAAAAA_G	6:54331797_G_C
6:54568109_GAAAAAAA_G	6:54332903_T_A
6:54568109_GAAAAAAA_G	6:54335094_T_G
6:54568109_GAAAAAAA_G	6:54335874_A_G
6:54568109_GAAAAAAA_G	6:54337130_G_A
6:54568109_GAAAAAAA_G	6:54337496_T_C
6:54568109_GAAAAAAA_G	6:54339930_A_C
6:54568109_GAAAAAAA_G	6:54340635_T_C
6:54568109_GAAAAAAA_G	6:54341224_T_G
6:54568109_GAAAAAAA_G	6:54342487_G_T
6:54568109_GAAAAAAA_G	6:54342608_C_T
6:54568109_GAAAAAAA_G	6:54342990_G_A
6:54568109_GAAAAAAA_G	6:54343300_A_G
6:54568109_GAAAAAAA_G	6:54343408_T_G
6:54568109_GAAAAAAA_G	6:54343728_T_TA
6:54568109_GAAAAAAA_G	6:54343984_G_A
6:54568109_GAAAAAAA_G	6:54346135_G_A
6:54568109_GAAAAAAA_G	6:54346727_C_A
6:54568109_GAAAAAAA_G	6:54348287_G_A
6:54568109_GAAAAAAA_G	6:54348822_T_TAA
6:54568109_GAAAAAAA_G	6:54348823_G_A
6:54568109_GAAAAAAA_G	6:54349313_C_G
6:54568109_GAAAAAAA_G	6:54349833_G_A
6:54568109_GAAAAAAA_G	6:54349844_ATT_A
6:54568109_GAAAAAAA_G	6:54350048_G_A
6:54568109_GAAAAAAA_G	6:54350422_G_A
6:54568109_GAAAAAAA_G	6:54352749_GT_G
6:54568109_GAAAAAAA_G	6:54352856_G_GC
6:54568109_GAAAAAAA_G	6:54353182_G_A
6:54568109_GAAAAAAA_G	6:54353495_C_T
6:54568109_GAAAAAAA_G	6:54353643_G_A
6:54568109_GAAAAAAA_G	6:54353815_T_C
6:54568109_GAAAAAAA_G	6:54354379_A_G
6:54568109_GAAAAAAA_G	6:54354818_C_T
6:54568109_GAAAAAAA_G	6:54354998_ATTCTTTT_A
6:54568109_GAAAAAAA_G	6:54356222_G_T
6:54568109_GAAAAAAA_G	6:54356273_G_A
6:54568109_GAAAAAAA_G	6:54356832_T_A
6:54568109_GAAAAAAA_G	6:54358463_C_T
6:54568109_GAAAAAAA_G	6:54358544_G_T
6:54568109_GAAAAAAA_G	6:54359002_C_G
6:54568109_GAAAAAAA_G	6:54359213_T_C
6:54568109_GAAAAAAA_G	6:54360047_T_C
6:54568109_GAAAAAAA_G	6:54361696_G_GA
6:54568109_GAAAAAAA_G	6:54361735_T_C
6:54568109_GAAAAAAA_G	6:54361800_T_C
6:54568109_GAAAAAAA_G	6:54362027_C_A
6:54568109_GAAAAAAA_G	6:54362546_A_G
6:54568109_GAAAAAAA_G	6:54362942_G_C
6:54568109_GAAAAAAA_G	6:54362947_T_G
6:54568109_GAAAAAAA_G	6:54363847_C_T
6:54568109_GAAAAAAA_G	6:54363851_A_G
6:54568109_GAAAAAAA_G	6:54364387_C_A
6:54568109_GAAAAAAA_G	6:54364391_A_T
6:54568109_GAAAAAAA_G	6:54364447_G_C
6:54568109_GAAAAAAA_G	6:54364521_T_A
6:54568109_GAAAAAAA_G	6:54364625_A_C
6:54568109_GAAAAAAA_G	6:54364635_C_T
6:54568109_GAAAAAAA_G	6:54364638_G_A
6:54568109_GAAAAAAA_G	6:54364687_C_T
6:54568109_GAAAAAAA_G	6:54365153_G_T
6:54568109_GAAAAAAA_G	6:54365299_G_GTTGT
6:54568109_GAAAAAAA_G	6:54365364_G_A
6:54568109_GAAAAAAA_G	6:54365402_T_C
6:54568109_GAAAAAAA_G	6:54365413_C_T
6:54568109_GAAAAAAA_G	6:54365523_A_C
6:54568109_GAAAAAAA_G	6:54366352_T_C
6:54568109_GAAAAAAA_G	6:54366373_A_T
6:54568109_GAAAAAAA_G	6:54366375_T_A
6:54568109_GAAAAAAA_G	6:54366592_A_G
6:54568109_GAAAAAAA_G	6:54366712_T_A
6:54568109_GAAAAAAA_G	6:54368347_T_A
6:54568109_GAAAAAAA_G	6:54368646_C_T
6:54568109_GAAAAAAA_G	6:54369091_A_C
6:54568109_GAAAAAAA_G	6:54369420_A_G
6:54568109_GAAAAAAA_G	6:54369840_T_C
6:54568109_GAAAAAAA_G	6:54370028_T_C
6:54568109_GAAAAAAA_G	6:54370401_A_C
6:54568109_GAAAAAAA_G	6:54370961_A_G
6:54568109_GAAAAAAA_G	6:54371794_T_A
6:54568109_GAAAAAAA_G	6:54373073_A_T
6:54568109_GAAAAAAA_G	6:54373380_C_T
6:54568109_GAAAAAAA_G	6:54373542_G_A
6:54568109_GAAAAAAA_G	6:54373898_T_A
6:54568109_GAAAAAAA_G	6:54376287_C_T
6:54568109_GAAAAAAA_G	6:54376295_T_C
6:54568109_GAAAAAAA_G	6:54376465_A_T
6:54568109_GAAAAAAA_G	6:54376524_C_T
6:54568109_GAAAAAAA_G	6:54376642_T_C
6:54568109_GAAAAAAA_G	6:54377212_C_T
6:54568109_GAAAAAAA_G	6:54377339_C_T
6:54568109_GAAAAAAA_G	6:54378323_A_G
6:54568109_GAAAAAAA_G	6:54378538_C_G
6:54568109_GAAAAAAA_G	6:54378990_CTTCTT_C
6:54568109_GAAAAAAA_G	6:54379332_A_G
6:54568109_GAAAAAAA_G	6:54379946_G_T
6:54568109_GAAAAAAA_G	6:54382728_A_AT
6:54568109_GAAAAAAA_G	6:54383768_T_C
6:54568109_GAAAAAAA_G	6:54383835_A_T
6:54568109_GAAAAAAA_G	6:54384183_A_T
6:54568109_GAAAAAAA_G	6:54384449_A_G
6:54568109_GAAAAAAA_G	6:54386345_G_GA
6:54568109_GAAAAAAA_G	6:54386459_C_T
6:54568109_GAAAAAAA_G	6:54386862_T_C
6:54568109_GAAAAAAA_G	6:54387390_GA_G
6:54568109_GAAAAAAA_G	6:54388064_C_A
6:54568109_GAAAAAAA_G	6:54388187_C_A
6:54568109_GAAAAAAA_G	6:54389974_T_C
6:54568109_GAAAAAAA_G	6:54390068_C_A
6:54568109_GAAAAAAA_G	6:54392722_T_C
6:54568109_GAAAAAAA_G	6:54393338_T_C
6:54568109_GAAAAAAA_G	6:54393619_T_C
6:54568109_GAAAAAAA_G	6:54393816_G_A
6:54568109_GAAAAAAA_G	6:54395469_G_A
6:54568109_GAAAAAAA_G	6:54395672_G_A
6:54568109_GAAAAAAA_G	6:54396242_A_G
6:54568109_GAAAAAAA_G	6:54397857_G_A
6:54568109_GAAAAAAA_G	6:54397964_T_C
6:54568109_GAAAAAAA_G	6:54399681_T_C
6:54568109_GAAAAAAA_G	6:54399728_AT_A
6:54568109_GAAAAAAA_G	6:54400791_G_A
6:54568109_GAAAAAAA_G	6:54401267_T_G
6:54568109_GAAAAAAA_G	6:54401765_T_C
6:54568109_GAAAAAAA_G	6:54401813_A_C
6:54568109_GAAAAAAA_G	6:54403179_C_T
6:54568109_GAAAAAAA_G	6:54403348_C_G
6:54568109_GAAAAAAA_G	6:54403442_A_G
6:54568109_GAAAAAAA_G	6:54403797_C_T
6:54568109_GAAAAAAA_G	6:54404993_A_G
6:54568109_GAAAAAAA_G	6:54405504_T_C
6:54568109_GAAAAAAA_G	6:54405681_G_A
6:54568109_GAAAAAAA_G	6:54406210_T_TA
6:54568109_GAAAAAAA_G	6:54406246_T_C
6:54568109_GAAAAAAA_G	6:54406459_A_T
6:54568109_GAAAAAAA_G	6:54407436_G_A
6:54568109_GAAAAAAA_G	6:54407953_T_C
6:54568109_GAAAAAAA_G	6:54408143_G_A
6:54568109_GAAAAAAA_G	6:54408887_A_G
6:54568109_GAAAAAAA_G	6:54409565_CT_C
6:54568109_GAAAAAAA_G	6:54410248_C_T
6:54568109_GAAAAAAA_G	6:54411633_C_T
6:54568109_GAAAAAAA_G	6:54411913_T_C
6:54568109_GAAAAAAA_G	6:54412612_A_G
6:54568109_GAAAAAAA_G	6:54413047_C_T
6:54568109_GAAAAAAA_G	6:54414091_C_T
6:54568109_GAAAAAAA_G	6:54414319_TACC_T
6:54568109_GAAAAAAA_G	6:54414699_G_A
6:54568109_GAAAAAAA_G	6:54414972_A_G
6:54568109_GAAAAAAA_G	6:54415022_C_T
6:54568109_GAAAAAAA_G	6:54415053_T_C
6:54568109_GAAAAAAA_G	6:54416616_A_T
6:54568109_GAAAAAAA_G	6:54417333_C_G
6:54568109_GAAAAAAA_G	6:54419303_C_T
6:54568109_GAAAAAAA_G	6:54419318_C_G
6:54568109_GAAAAAAA_G	6:54421105_G_A
6:54568109_GAAAAAAA_G	6:54422097_A_C
6:54568109_GAAAAAAA_G	6:54422452_T_C
6:54568109_GAAAAAAA_G	6:54422648_G_A
6:54568109_GAAAAAAA_G	6:54422775_C_A
6:54568109_GAAAAAAA_G	6:54424937_T_G
6:54568109_GAAAAAAA_G	6:54425749_A_C
6:54568109_GAAAAAAA_G	6:54426124_T_C
6:54568109_GAAAAAAA_G	6:54427615_C_CT
6:54568109_GAAAAAAA_G	6:54428176_C_T
6:54568109_GAAAAAAA_G	6:54428460_T_C
6:54568109_GAAAAAAA_G	6:54428538_T_C
6:54568109_GAAAAAAA_G	6:54428628_C_T
6:54568109_GAAAAAAA_G	6:54429491_A_T
6:54568109_GAAAAAAA_G	6:54429889_T_C
6:54568109_GAAAAAAA_G	6:54429890_G_T
6:54568109_GAAAAAAA_G	6:54431270_A_G
6:54568109_GAAAAAAA_G	6:54431968_G_A
6:54568109_GAAAAAAA_G	6:54433703_A_G
6:54568109_GAAAAAAA_G	6:54437511_G_A
6:54568109_GAAAAAAA_G	6:54438922_T_C
6:54568109_GAAAAAAA_G	6:54439505_T_C
6:54568109_GAAAAAAA_G	6:54439748_CT_C
6:54568109_GAAAAAAA_G	6:54439873_G_A
6:54568109_GAAAAAAA_G	6:54439960_CTT_C
6:54568109_GAAAAAAA_G	6:54440317_C_T
6:54568109_GAAAAAAA_G	6:54440633_C_T
6:54568109_GAAAAAAA_G	6:54440669_T_G
6:54568109_GAAAAAAA_G	6:54441359_G_A
6:54568109_GAAAAAAA_G	6:54441659_G_A
6:54568109_GAAAAAAA_G	6:54441693_CT_C
6:54568109_GAAAAAAA_G	6:54441963_C_T
6:54568109_GAAAAAAA_G	6:54442076_A_G
6:54568109_GAAAAAAA_G	6:54442459_G_T
6:54568109_GAAAAAAA_G	6:54442796_G_A
6:54568109_GAAAAAAA_G	6:54442984_A_C
6:54568109_GAAAAAAA_G	6:54444621_T_C
6:54568109_GAAAAAAA_G	6:54445154_G_A
6:54568109_GAAAAAAA_G	6:54445475_CT_C
6:54568109_GAAAAAAA_G	6:54445537_A_G
6:54568109_GAAAAAAA_G	6:54445538_G_C
6:54568109_GAAAAAAA_G	6:54445569_A_G
6:54568109_GAAAAAAA_G	6:54445620_T_C
6:54568109_GAAAAAAA_G	6:54445642_ATT_A
6:54568109_GAAAAAAA_G	6:54445723_T_C
6:54568109_GAAAAAAA_G	6:54445729_G_A
6:54568109_GAAAAAAA_G	6:54445767_A_G
6:54568109_GAAAAAAA_G	6:54445788_A_C
6:54568109_GAAAAAAA_G	6:54445911_C_T
6:54568109_GAAAAAAA_G	6:54446378_T_C
6:54568109_GAAAAAAA_G	6:54447872_AT_A
6:54568109_GAAAAAAA_G	6:54448699_AG_A
6:54568109_GAAAAAAA_G	6:54450238_A_G
6:54568109_GAAAAAAA_G	6:54450564_G_A
6:54568109_GAAAAAAA_G	6:54451036_A_T
6:54568109_GAAAAAAA_G	6:54452797_G_A
6:54568109_GAAAAAAA_G	6:54453338_C_A
6:54568109_GAAAAAAA_G	6:54454194_G_A
6:54568109_GAAAAAAA_G	6:54455488_TA_T
6:54568109_GAAAAAAA_G	6:54455999_C_T
6:54568109_GAAAAAAA_G	6:54456479_A_G
6:54568109_GAAAAAAA_G	6:54456723_A_T
6:54568109_GAAAAAAA_G	6:54456869_A_G
6:54568109_GAAAAAAA_G	6:54457481_G_A
6:54568109_GAAAAAAA_G	6:54458137_G_A
6:54568109_GAAAAAAA_G	6:54458876_GC_G
6:54568109_GAAAAAAA_G	6:54458991_A_C
6:54568109_GAAAAAAA_G	6:54459405_T_G
6:54568109_GAAAAAAA_G	6:54459574_A_C
6:54568109_GAAAAAAA_G	6:54460203_T_C
6:54568109_GAAAAAAA_G	6:54460482_G_T
6:54568109_GAAAAAAA_G	6:54460502_G_A
6:54568109_GAAAAAAA_G	6:54461443_C_G
6:54568109_GAAAAAAA_G	6:54461902_GTAAAA_G
6:54568109_GAAAAAAA_G	6:54462728_A_G
6:54568109_GAAAAAAA_G	6:54463382_C_G
6:54568109_GAAAAAAA_G	6:54463446_G_A
6:54568109_GAAAAAAA_G	6:54464653_T_C
6:54568109_GAAAAAAA_G	6:54465015_A_T
6:54568109_GAAAAAAA_G	6:54465130_A_G
6:54568109_GAAAAAAA_G	6:54465515_G_C
6:54568109_GAAAAAAA_G	6:54465525_A_T
6:54568109_GAAAAAAA_G	6:54467562_AGTGAATGGACAT_A
6:54568109_GAAAAAAA_G	6:54467633_T_C
6:54568109_GAAAAAAA_G	6:54468074_T_C
6:54568109_GAAAAAAA_G	6:54468388_T_G
6:54568109_GAAAAAAA_G	6:54468405_C_A
6:54568109_GAAAAAAA_G	6:54468705_C_T
6:54568109_GAAAAAAA_G	6:54469716_C_G
6:54568109_GAAAAAAA_G	6:54469732_C_A
6:54568109_GAAAAAAA_G	6:54469761_T_A
6:54568109_GAAAAAAA_G	6:54469762_A_T
6:54568109_GAAAAAAA_G	6:54470032_A_T
6:54568109_GAAAAAAA_G	6:54470033_T_A
6:54568109_GAAAAAAA_G	6:54470239_C_G
6:54568109_GAAAAAAA_G	6:54470855_AT_A
6:54568109_GAAAAAAA_G	6:54471073_T_G
6:54568109_GAAAAAAA_G	6:54471886_C_T
6:54568109_GAAAAAAA_G	6:54472084_T_C
6:54568109_GAAAAAAA_G	6:54472340_G_C
6:54568109_GAAAAAAA_G	6:54472410_A_G
6:54568109_GAAAAAAA_G	6:54472452_G_A
6:54568109_GAAAAAAA_G	6:54472482_G_A
6:54568109_GAAAAAAA_G	6:54473125_C_G
6:54568109_GAAAAAAA_G	6:54473546_C_T
6:54568109_GAAAAAAA_G	6:54473785_A_G
6:54568109_GAAAAAAA_G	6:54473903_C_G
6:54568109_GAAAAAAA_G	6:54473905_C_T
6:54568109_GAAAAAAA_G	6:54474177_G_A
6:54568109_GAAAAAAA_G	6:54474630_T_A
6:54568109_GAAAAAAA_G	6:54474905_A_G
6:54568109_GAAAAAAA_G	6:54475109_A_G
6:54568109_GAAAAAAA_G	6:54475229_A_G
6:54568109_GAAAAAAA_G	6:54475705_G_A
6:54568109_GAAAAAAA_G	6:54476039_G_A
6:54568109_GAAAAAAA_G	6:54476139_T_G
6:54568109_GAAAAAAA_G	6:54476966_G_A
6:54568109_GAAAAAAA_G	6:54477192_G_A
6:54568109_GAAAAAAA_G	6:54477649_C_G
6:54568109_GAAAAAAA_G	6:54477874_T_TA
6:54568109_GAAAAAAA_G	6:54478149_G_A
6:54568109_GAAAAAAA_G	6:54478530_C_T
6:54568109_GAAAAAAA_G	6:54478554_T_G
6:54568109_GAAAAAAA_G	6:54478759_G_A
6:54568109_GAAAAAAA_G	6:54478986_G_A
6:54568109_GAAAAAAA_G	6:54479009_C_T
6:54568109_GAAAAAAA_G	6:54479174_G_A
6:54568109_GAAAAAAA_G	6:54479227_T_TA
6:54568109_GAAAAAAA_G	6:54479346_G_A
6:54568109_GAAAAAAA_G	6:54479426_C_T
6:54568109_GAAAAAAA_G	6:54479457_A_G
6:54568109_GAAAAAAA_G	6:54479655_A_G
6:54568109_GAAAAAAA_G	6:54479719_C_A
6:54568109_GAAAAAAA_G	6:54479836_T_G
6:54568109_GAAAAAAA_G	6:54480053_G_C
6:54568109_GAAAAAAA_G	6:54480061_A_G
6:54568109_GAAAAAAA_G	6:54480190_AAC_A
6:54568109_GAAAAAAA_G	6:54480220_G_C
6:54568109_GAAAAAAA_G	6:54480393_T_G
6:54568109_GAAAAAAA_G	6:54480396_T_G
6:54568109_GAAAAAAA_G	6:54480521_A_G
6:54568109_GAAAAAAA_G	6:54480573_G_T
6:54568109_GAAAAAAA_G	6:54480834_G_A
6:54568109_GAAAAAAA_G	6:54480891_G_A
6:54568109_GAAAAAAA_G	6:54480935_CAA_C
6:54568109_GAAAAAAA_G	6:54481249_A_G
6:54568109_GAAAAAAA_G	6:54481636_A_G
6:54568109_GAAAAAAA_G	6:54482106_G_A
6:54568109_GAAAAAAA_G	6:54482421_A_C
6:54568109_GAAAAAAA_G	6:54482631_G_C
6:54568109_GAAAAAAA_G	6:54483242_A_G
6:54568109_GAAAAAAA_G	6:54483300_G_T
6:54568109_GAAAAAAA_G	6:54483302_C_G
6:54568109_GAAAAAAA_G	6:54483722_T_C
6:54568109_GAAAAAAA_G	6:54484837_G_A
6:54568109_GAAAAAAA_G	6:54485245_G_T
6:54568109_GAAAAAAA_G	6:54485366_G_A
6:54568109_GAAAAAAA_G	6:54485844_T_C
6:54568109_GAAAAAAA_G	6:54486150_A_G
6:54568109_GAAAAAAA_G	6:54486278_G_T
6:54568109_GAAAAAAA_G	6:54489686_G_T
6:54568109_GAAAAAAA_G	6:54489815_T_G
6:54568109_GAAAAAAA_G	6:54489986_G_A
6:54568109_GAAAAAAA_G	6:54489990_A_G
6:54568109_GAAAAAAA_G	6:54490338_T_A
6:54568109_GAAAAAAA_G	6:54490848_T_G
6:54568109_GAAAAAAA_G	6:54491865_G_A
6:54568109_GAAAAAAA_G	6:54492921_AG_A
6:54568109_GAAAAAAA_G	6:54492971_G_C
6:54568109_GAAAAAAA_G	6:54493076_AGT_A
6:54568109_GAAAAAAA_G	6:54493586_C_A
6:54568109_GAAAAAAA_G	6:54493733_C_T
6:54568109_GAAAAAAA_G	6:54494135_G_A
6:54568109_GAAAAAAA_G	6:54494224_G_A
6:54568109_GAAAAAAA_G	6:54494511_A_G
6:54568109_GAAAAAAA_G	6:54495166_C_T
6:54568109_GAAAAAAA_G	6:54496486_G_A
6:54568109_GAAAAAAA_G	6:54497628_A_C
6:54568109_GAAAAAAA_G	6:54498417_A_G
6:54568109_GAAAAAAA_G	6:54499472_G_T
6:54568109_GAAAAAAA_G	6:54499556_T_C
6:54568109_GAAAAAAA_G	6:54499600_A_C
6:54568109_GAAAAAAA_G	6:54499836_T_TA
6:54568109_GAAAAAAA_G	6:54500485_T_C
6:54568109_GAAAAAAA_G	6:54501725_G_C
6:54568109_GAAAAAAA_G	6:54501786_G_A
6:54568109_GAAAAAAA_G	6:54503147_A_T
6:54568109_GAAAAAAA_G	6:54503884_A_T
6:54568109_GAAAAAAA_G	6:54503934_A_G
6:54568109_GAAAAAAA_G	6:54504149_T_A
6:54568109_GAAAAAAA_G	6:54504578_C_T
6:54568109_GAAAAAAA_G	6:54505006_T_C
6:54568109_GAAAAAAA_G	6:54505086_AATG_A
6:54568109_GAAAAAAA_G	6:54505127_T_C
6:54568109_GAAAAAAA_G	6:54505603_A_G
6:54568109_GAAAAAAA_G	6:54505740_G_A
6:54568109_GAAAAAAA_G	6:54506125_T_C
6:54568109_GAAAAAAA_G	6:54506693_C_T
6:54568109_GAAAAAAA_G	6:54506752_C_G
6:54568109_GAAAAAAA_G	6:54507683_T_C
6:54568109_GAAAAAAA_G	6:54507963_AT_A
6:54568109_GAAAAAAA_G	6:54509300_A_G
6:54568109_GAAAAAAA_G	6:54509812_T_A
6:54568109_GAAAAAAA_G	6:54509899_G_A
6:54568109_GAAAAAAA_G	6:54511674_G_T
6:54568109_GAAAAAAA_G	6:54511728_C_T
6:54568109_GAAAAAAA_G	6:54513067_G_A
6:54568109_GAAAAAAA_G	6:54514532_C_A
6:54568109_GAAAAAAA_G	6:54514580_G_A
6:54568109_GAAAAAAA_G	6:54514794_A_G
6:54568109_GAAAAAAA_G	6:54515341_A_G
6:54568109_GAAAAAAA_G	6:54515532_T_C
6:54568109_GAAAAAAA_G	6:54515747_G_A
6:54568109_GAAAAAAA_G	6:54516121_A_T
6:54568109_GAAAAAAA_G	6:54516675_C_G
6:54568109_GAAAAAAA_G	6:54518229_T_C
6:54568109_GAAAAAAA_G	6:54518912_GC_G
6:54568109_GAAAAAAA_G	6:54518914_C_G
6:54568109_GAAAAAAA_G	6:54519531_CTCTCTG_C
6:54568109_GAAAAAAA_G	6:54520749_TA_T
6:54568109_GAAAAAAA_G	6:54521101_T_G
6:54568109_GAAAAAAA_G	6:54521800_C_T
6:54568109_GAAAAAAA_G	6:54521891_G_C
6:54568109_GAAAAAAA_G	6:54522581_T_C
6:54568109_GAAAAAAA_G	6:54522596_C_T
6:54568109_GAAAAAAA_G	6:54523828_C_A
6:54568109_GAAAAAAA_G	6:54524010_T_C
6:54568109_GAAAAAAA_G	6:54525093_G_C
6:54568109_GAAAAAAA_G	6:54525592_G_A
6:54568109_GAAAAAAA_G	6:54525653_C_G
6:54568109_GAAAAAAA_G	6:54525664_TA_T
6:54568109_GAAAAAAA_G	6:54526149_T_C
6:54568109_GAAAAAAA_G	6:54526440_G_T
6:54568109_GAAAAAAA_G	6:54526662_C_A
6:54568109_GAAAAAAA_G	6:54527066_G_A
6:54568109_GAAAAAAA_G	6:54527533_C_T
6:54568109_GAAAAAAA_G	6:54527560_G_A
6:54568109_GAAAAAAA_G	6:54527769_A_G
6:54568109_GAAAAAAA_G	6:54528450_G_A
6:54568109_GAAAAAAA_G	6:54528507_C_T
6:54568109_GAAAAAAA_G	6:54528517_CTT_C
6:54568109_GAAAAAAA_G	6:54528848_T_G
6:54568109_GAAAAAAA_G	6:54529256_T_A
6:54568109_GAAAAAAA_G	6:54529841_A_AT
6:54568109_GAAAAAAA_G	6:54531402_T_C
6:54568109_GAAAAAAA_G	6:54531708_A_G
6:54568109_GAAAAAAA_G	6:54531949_C_A
6:54568109_GAAAAAAA_G	6:54531993_G_C
6:54568109_GAAAAAAA_G	6:54532001_A_G
6:54568109_GAAAAAAA_G	6:54532749_C_T
6:54568109_GAAAAAAA_G	6:54533327_T_G
6:54568109_GAAAAAAA_G	6:54534071_T_C
6:54568109_GAAAAAAA_G	6:54534377_C_A
6:54568109_GAAAAAAA_G	6:54534459_A_AAC
6:54568109_GAAAAAAA_G	6:54534551_G_A
6:54568109_GAAAAAAA_G	6:54535173_ATGTG_A
6:54568109_GAAAAAAA_G	6:54536024_A_G
6:54568109_GAAAAAAA_G	6:54536190_C_T
6:54568109_GAAAAAAA_G	6:54536348_C_T
6:54568109_GAAAAAAA_G	6:54536407_T_A
6:54568109_GAAAAAAA_G	6:54536877_G_C
6:54568109_GAAAAAAA_G	6:54537058_A_T
6:54568109_GAAAAAAA_G	6:54537124_C_T
6:54568109_GAAAAAAA_G	6:54537536_C_T
6:54568109_GAAAAAAA_G	6:54537732_G_A
6:54568109_GAAAAAAA_G	6:54537773_C_T
6:54568109_GAAAAAAA_G	6:54537857_C_T
6:54568109_GAAAAAAA_G	6:54537906_A_T
6:54568109_GAAAAAAA_G	6:54537941_T_A
6:54568109_GAAAAAAA_G	6:54540252_A_G
6:54568109_GAAAAAAA_G	6:54541935_T_C
6:54568109_GAAAAAAA_G	6:54542679_G_T
6:54568109_GAAAAAAA_G	6:54544029_C_A
6:54568109_GAAAAAAA_G	6:54545066_C_T
6:54568109_GAAAAAAA_G	6:54546301_T_G
6:54568109_GAAAAAAA_G	6:54546316_C_T
6:54568109_GAAAAAAA_G	6:54546376_G_T
6:54568109_GAAAAAAA_G	6:54546437_C_T
6:54568109_GAAAAAAA_G	6:54546780_T_C
6:54568109_GAAAAAAA_G	6:54546785_C_T
6:54568109_GAAAAAAA_G	6:54547089_G_A
6:54568109_GAAAAAAA_G	6:54549133_C_T
6:54568109_GAAAAAAA_G	6:54551124_G_GA
6:54568109_GAAAAAAA_G	6:54551781_T_G
6:54568109_GAAAAAAA_G	6:54551859_CA_C
6:54568109_GAAAAAAA_G	6:54552736_T_C
6:54568109_GAAAAAAA_G	6:54554082_T_C
6:54568109_GAAAAAAA_G	6:54554627_C_T
6:54568109_GAAAAAAA_G	6:54556203_T_C
6:54568109_GAAAAAAA_G	6:54556822_C_G
6:54568109_GAAAAAAA_G	6:54556865_C_T
6:54568109_GAAAAAAA_G	6:54557224_C_T
6:54568109_GAAAAAAA_G	6:54557514_G_A
6:54568109_GAAAAAAA_G	6:54557664_G_A
6:54568109_GAAAAAAA_G	6:54558641_C_T
6:54568109_GAAAAAAA_G	6:54559178_C_A
6:54568109_GAAAAAAA_G	6:54559194_C_A
6:54568109_GAAAAAAA_G	6:54559233_A_G
6:54568109_GAAAAAAA_G	6:54559403_A_G
6:54568109_GAAAAAAA_G	6:54559631_GC_G
6:54568109_GAAAAAAA_G	6:54560552_A_T
6:54568109_GAAAAAAA_G	6:54560580_G_C
6:54568109_GAAAAAAA_G	6:54561301_T_C
6:54568109_GAAAAAAA_G	6:54561417_C_T
6:54568109_GAAAAAAA_G	6:54562443_A_ATT
6:54568109_GAAAAAAA_G	6:54562690_G_A
6:54568109_GAAAAAAA_G	6:54562852_A_AGT
6:54568109_GAAAAAAA_G	6:54562853_G_GT
6:54568109_GAAAAAAA_G	6:54562935_T_C
6:54568109_GAAAAAAA_G	6:54563455_TTC_T
6:54568109_GAAAAAAA_G	6:54563562_AT_A
6:54568109_GAAAAAAA_G	6:54564650_C_T
6:54568109_GAAAAAAA_G	6:54565146_CAT_C
6:54568109_GAAAAAAA_G	6:54565844_T_C
6:54568109_GAAAAAAA_G	6:54566407_T_C
6:54568109_GAAAAAAA_G	6:54567007_A_G
6:54568109_GAAAAAAA_G	6:54567326_G_A
6:54568109_GAAAAAAA_G	6:54567771_T_C
6:54568109_GAAAAAAA_G	6:54567780_C_T
6:54568109_GAAAAAAA_G	6:54568286_A_G
6:54568109_GAAAAAAA_G	6:54569462_C_A
6:54568109_GAAAAAAA_G	6:54569511_G_A
6:54568109_GAAAAAAA_G	6:54570024_G_C
6:54568109_GAAAAAAA_G	6:54570194_A_T
6:54568109_GAAAAAAA_G	6:54571556_T_C
6:54568109_GAAAAAAA_G	6:54572760_T_TG
6:54568109_GAAAAAAA_G	6:54574391_GAGTT_G
6:54568109_GAAAAAAA_G	6:54574392_AGTTT_A
6:54568109_GAAAAAAA_G	6:54575349_G_A
6:54568109_GAAAAAAA_G	6:54576159_T_C
6:54568109_GAAAAAAA_G	6:54576160_C_T
6:54568109_GAAAAAAA_G	6:54576624_CA_C
6:54568109_GAAAAAAA_G	6:54577038_G_A
6:54568109_GAAAAAAA_G	6:54577109_T_G
6:54568109_GAAAAAAA_G	6:54577218_A_C
6:54568109_GAAAAAAA_G	6:54577687_A_G
6:54568109_GAAAAAAA_G	6:54580576_A_C
6:54568109_GAAAAAAA_G	6:54581696_G_C
6:54568109_GAAAAAAA_G	6:54593340_G_T
6:54568109_GAAAAAAA_G	6:54594147_AAAG_A
6:54568109_GAAAAAAA_G	6:54595589_A_G
6:54568109_GAAAAAAA_G	6:54596113_C_G
6:54568109_GAAAAAAA_G	6:54596129_A_G
6:54568109_GAAAAAAA_G	6:54596419_A_T
6:54568109_GAAAAAAA_G	6:54596524_C_CA
6:54568109_GAAAAAAA_G	6:54596584_G_A
6:54568109_GAAAAAAA_G	6:54596700_T_C
6:54568109_GAAAAAAA_G	6:54596754_G_C
6:54568109_GAAAAAAA_G	6:54596802_A_G
6:54568109_GAAAAAAA_G	6:54596917_A_G
6:54568109_GAAAAAAA_G	6:54598069_C_T
6:54568109_GAAAAAAA_G	6:54598658_TTTA_T
6:54568109_GAAAAAAA_G	6:54600547_T_G
6:54568109_GAAAAAAA_G	6:54602471_TTGTGGGACAG_T
6:54568109_GAAAAAAA_G	6:54602997_C_T
6:54568109_GAAAAAAA_G	6:54604829_C_T
6:54568109_GAAAAAAA_G	6:54605065_T_G
6:54568109_GAAAAAAA_G	6:54605617_T_C
6:54568109_GAAAAAAA_G	6:54607799_T_G
6:54568109_GAAAAAAA_G	6:54608239_G_C
6:54568109_GAAAAAAA_G	6:54611234_C_CT
6:54568109_GAAAAAAA_G	6:54614322_A_T
6:54568109_GAAAAAAA_G	6:54615464_T_A
6:54568109_GAAAAAAA_G	6:54616338_GTTGT_G
6:54568109_GAAAAAAA_G	6:54616517_A_G
6:54568109_GAAAAAAA_G	6:54616927_CTAATT_C
6:54568109_GAAAAAAA_G	6:54617731_C_T
6:54568109_GAAAAAAA_G	6:54617773_G_T
6:54568109_GAAAAAAA_G	6:54617797_G_A
6:54568109_GAAAAAAA_G	6:54622383_C_T
6:54568109_GAAAAAAA_G	6:54622435_T_C
6:54568109_GAAAAAAA_G	6:54623801_T_G
6:54568109_GAAAAAAA_G	6:54623836_G_A
6:54568109_GAAAAAAA_G	6:54624471_T_C
6:54568109_GAAAAAAA_G	6:54624577_G_A
6:54568109_GAAAAAAA_G	6:54625502_T_A
6:54568109_GAAAAAAA_G	6:54625514_C_G
6:54568109_GAAAAAAA_G	6:54628097_CTAAAAAGTATCAGTGTCTA_C
6:54568109_GAAAAAAA_G	6:54629445_G_A
6:54568109_GAAAAAAA_G	6:54629589_G_C
6:54568109_GAAAAAAA_G	6:54630866_A_G
6:54568109_GAAAAAAA_G	6:54632120_G_A
6:54568109_GAAAAAAA_G	6:54632173_A_G
6:54568109_GAAAAAAA_G	6:54632536_T_G
6:54568109_GAAAAAAA_G	6:54632573_T_C
6:54568109_GAAAAAAA_G	6:54639533_T_C
6:54568109_GAAAAAAA_G	6:54642652_A_T
6:54568109_GAAAAAAA_G	6:54642785_A_G
6:54568109_GAAAAAAA_G	6:54643527_A_G
6:54568109_GAAAAAAA_G	6:54645180_G_A
6:54568109_GAAAAAAA_G	6:54645835_AAG_A
6:54568109_GAAAAAAA_G	6:54645903_C_A
6:54568109_GAAAAAAA_G	6:54646049_G_A
6:54568109_GAAAAAAA_G	6:54646071_G_GA
6:54568109_GAAAAAAA_G	6:54649212_GA_G
6:54568109_GAAAAAAA_G	6:54649495_G_T
6:54568109_GAAAAAAA_G	6:54653336_T_A
6:54568109_GAAAAAAA_G	6:54669826_C_A
6:54568109_GAAAAAAA_G	6:54670709_T_C
6:54568109_GAAAAAAA_G	6:54671090_G_T
6:54568109_GAAAAAAA_G	6:54671383_A_G
6:54568109_GAAAAAAA_G	6:54672412_C_G
6:54568109_GAAAAAAA_G	6:54672705_T_A
6:54568109_GAAAAAAA_G	6:54674790_G_C
6:54568109_GAAAAAAA_G	6:54676663_C_T
6:54568109_GAAAAAAA_G	6:54678082_A_G
6:54568109_GAAAAAAA_G	6:54685448_C_T
6:54568109_GAAAAAAA_G	6:54686291_G_A
6:54568109_GAAAAAAA_G	6:54704277_G_T
6:54568109_GAAAAAAA_G	6:54717086_G_A
6:54568109_GAAAAAAA_G	6:54837088_G_C
6:54568109_GAAAAAAA_G	6:54840475_TTTA_T
6:54568109_GAAAAAAA_G	6:56929445_A_G
6:54568109_GAAAAAAA_G	6:64459057_G_A
6:54568109_GAAAAAAA_G	6:64503420_G_A
9:112104111_C_A	9:107104128_A_G
9:112104111_C_A	9:107830013_C_CA
9:112104111_C_A	9:111696621_CG_C
9:112104111_C_A	9:112094109_G_C
9:112104111_C_A	9:112096150_A_G
9:112104111_C_A	9:112100958_G_A
9:112104111_C_A	9:112101110_C_T
9:112104111_C_A	9:112102692_G_GTTT
9:112104111_C_A	9:112103798_T_C
9:112104111_C_A	9:112110728_G_C
9:112104111_C_A	9:112114808_C_T
9:112104111_C_A	9:112123487_G_A
9:112104111_C_A	9:112123978_T_A
9:112104111_C_A	9:112125765_G_A
9:112104111_C_A	9:112126360_A_C
9:112104111_C_A	9:112131222_T_C
9:112104111_C_A	9:112132689_G_GGGCCGT
9:112104111_C_A	9:112136445_C_A
9:112104111_C_A	9:112144911_T_C
9:112104111_C_A	9:112249236_T_G
9:112104111_C_A	9:112260759_G_C
9:112104111_C_A	9:112546777_T_C
9:112104111_C_A	9:112550497_C_G
9:112104111_C_A	9:112632327_T_C
9:112104111_C_A	9:112635334_G_A
9:112104111_C_A	9:112651937_G_C
9:112104111_C_A	9:112661908_G_A
9:112104111_C_A	9:112662251_C_G
9:112104111_C_A	9:112676035_CT_C
9:112104111_C_A	9:112681700_G_A
9:112104111_C_A	9:112685289_T_C
9:112104111_C_A	9:112700310_A_T
9:112104111_C_A	9:112716021_C_A
9:112104111_C_A	9:112757346_A_G
9:112104111_C_A	9:112768198_G_A
9:112104111_C_A	9:113086788_C_T
9:112104111_C_A	9:113543836_G_A
9:112104111_C_A	9:116364620_T_G
9:112104111_C_A	9:116457312_T_C
9:112104111_C_A	9:116457558_C_T
9:112104111_C_A	9:116462317_C_T
9:112104111_C_A	9:116471298_A_C
9:112104111_C_A	9:116478235_C_T
9:112104111_C_A	9:116552988_C_T
9:112104111_C_A	9:116553621_T_C
9:112104111_C_A	9:116553683_G_A
9:112104111_C_A	9:116553742_T_C
9:112104111_C_A	9:116553838_CA_C
3:84997218_TA_T	3:77677598_TG_T
3:84997218_TA_T	3:80444882_T_C
3:84997218_TA_T	3:80677225_G_A
3:84997218_TA_T	3:80817442_TA_T
3:84997218_TA_T	3:82507158_A_G
3:84997218_TA_T	3:82507996_A_T
3:84997218_TA_T	3:82508257_A_G
3:84997218_TA_T	3:82508352_C_T
3:84997218_TA_T	3:82510612_G_A
3:84997218_TA_T	3:82511159_T_C
3:84997218_TA_T	3:82511846_T_C
3:84997218_TA_T	3:82512579_A_G
3:84997218_TA_T	3:82513205_T_C
3:84997218_TA_T	3:82514912_T_A
3:84997218_TA_T	3:82515061_A_AATGT
3:84997218_TA_T	3:82516719_TC_T
3:84997218_TA_T	3:82517552_G_A
3:84997218_TA_T	3:82520017_C_CA
3:84997218_TA_T	3:82523677_G_T
3:84997218_TA_T	3:82523931_G_GA
3:84997218_TA_T	3:82524192_G_A
3:84997218_TA_T	3:82525667_C_T
3:84997218_TA_T	3:82528179_A_T
3:84997218_TA_T	3:82528943_C_T
3:84997218_TA_T	3:82529042_C_A
3:84997218_TA_T	3:82531496_A_T
3:84997218_TA_T	3:82531748_T_C
3:84997218_TA_T	3:82531789_CAAAACA_C
3:84997218_TA_T	3:82531962_GAA_G
3:84997218_TA_T	3:82532568_T_C
3:84997218_TA_T	3:82532697_C_G
3:84997218_TA_T	3:82532788_A_T
3:84997218_TA_T	3:82532937_T_C
3:84997218_TA_T	3:82533160_G_A
3:84997218_TA_T	3:82533168_T_C
3:84997218_TA_T	3:82533638_C_A
3:84997218_TA_T	3:82533639_G_A
3:84997218_TA_T	3:82533939_G_A
3:84997218_TA_T	3:82534102_T_C
3:84997218_TA_T	3:82534134_C_T
3:84997218_TA_T	3:82534618_G_T
3:84997218_TA_T	3:82534838_A_G
3:84997218_TA_T	3:82534886_G_T
3:84997218_TA_T	3:82535015_T_A
3:84997218_TA_T	3:82535318_G_T
3:84997218_TA_T	3:82535437_C_T
3:84997218_TA_T	3:82535469_G_A
3:84997218_TA_T	3:82537222_C_T
3:84997218_TA_T	3:82537244_G_A
3:84997218_TA_T	3:82538057_C_T
3:84997218_TA_T	3:82538068_A_C
3:84997218_TA_T	3:82538218_G_C
3:84997218_TA_T	3:82538471_C_T
3:84997218_TA_T	3:82538920_C_A
3:84997218_TA_T	3:82538938_C_T
3:84997218_TA_T	3:82539130_AT_A
3:84997218_TA_T	3:82539227_C_A
3:84997218_TA_T	3:82539878_C_T
3:84997218_TA_T	3:82540181_C_T
3:84997218_TA_T	3:82540534_T_C
3:84997218_TA_T	3:82540806_T_C
3:84997218_TA_T	3:82540890_A_G
3:84997218_TA_T	3:82540937_C_T
3:84997218_TA_T	3:82540974_G_C
3:84997218_TA_T	3:82541071_A_G
3:84997218_TA_T	3:82541380_G_A
3:84997218_TA_T	3:82541459_ATGAT_A
3:84997218_TA_T	3:82541672_G_A
3:84997218_TA_T	3:82541679_A_T
3:84997218_TA_T	3:82542000_G_T
3:84997218_TA_T	3:82542140_T_G
3:84997218_TA_T	3:82542244_T_C
3:84997218_TA_T	3:82542509_T_G
3:84997218_TA_T	3:82542526_T_G
3:84997218_TA_T	3:82542788_T_C
3:84997218_TA_T	3:82542852_A_G
3:84997218_TA_T	3:82542987_C_T
3:84997218_TA_T	3:82543062_A_G
3:84997218_TA_T	3:82543650_C_G
3:84997218_TA_T	3:82543767_T_G
3:84997218_TA_T	3:82543787_GATAAA_G
3:84997218_TA_T	3:82544744_G_A
3:84997218_TA_T	3:82545154_C_T
3:84997218_TA_T	3:82545319_A_G
3:84997218_TA_T	3:82545540_G_A
3:84997218_TA_T	3:82545558_G_A
3:84997218_TA_T	3:82545569_T_G
3:84997218_TA_T	3:82545758_A_G
3:84997218_TA_T	3:82546836_A_T
3:84997218_TA_T	3:82547448_T_C
3:84997218_TA_T	3:82547631_G_A
3:84997218_TA_T	3:82547953_C_T
3:84997218_TA_T	3:82547975_C_A
3:84997218_TA_T	3:82548235_C_T
3:84997218_TA_T	3:82548433_G_C
3:84997218_TA_T	3:82548655_G_A
3:84997218_TA_T	3:82548899_A_G
3:84997218_TA_T	3:82549828_G_A
3:84997218_TA_T	3:82551261_A_C
3:84997218_TA_T	3:82552691_T_C
3:84997218_TA_T	3:82552883_C_T
3:84997218_TA_T	3:82553277_A_T
3:84997218_TA_T	3:82554056_C_T
3:84997218_TA_T	3:82554537_T_C
3:84997218_TA_T	3:82554634_T_C
3:84997218_TA_T	3:82554764_G_A
3:84997218_TA_T	3:82555150_C_T
3:84997218_TA_T	3:82555239_C_T
3:84997218_TA_T	3:82555434_A_C
3:84997218_TA_T	3:82555540_A_G
3:84997218_TA_T	3:82556186_AT_A
3:84997218_TA_T	3:82556986_G_A
3:84997218_TA_T	3:82557229_A_T
3:84997218_TA_T	3:82557306_G_A
3:84997218_TA_T	3:82557545_T_C
3:84997218_TA_T	3:82558381_T_C
3:84997218_TA_T	3:82558661_C_T
3:84997218_TA_T	3:82559304_T_C
3:84997218_TA_T	3:82559601_A_G
3:84997218_TA_T	3:82560398_T_A
3:84997218_TA_T	3:82560615_A_G
3:84997218_TA_T	3:82560749_T_G
3:84997218_TA_T	3:82560880_G_C
3:84997218_TA_T	3:82561046_A_G
3:84997218_TA_T	3:82561085_T_G
3:84997218_TA_T	3:82561400_A_G
3:84997218_TA_T	3:82561403_G_T
3:84997218_TA_T	3:82561984_A_G
3:84997218_TA_T	3:82562855_G_A
3:84997218_TA_T	3:82563211_A_G
3:84997218_TA_T	3:82563310_G_A
3:84997218_TA_T	3:82563482_A_G
3:84997218_TA_T	3:82563862_T_C
3:84997218_TA_T	3:82564231_A_G
3:84997218_TA_T	3:82564825_GC_G
3:84997218_TA_T	3:82565073_G_A
3:84997218_TA_T	3:82566012_C_T
3:84997218_TA_T	3:82566305_A_G
3:84997218_TA_T	3:82566461_A_G
3:84997218_TA_T	3:82566885_A_T
3:84997218_TA_T	3:82570006_C_T
3:84997218_TA_T	3:82570259_C_T
3:84997218_TA_T	3:82572235_A_C
3:84997218_TA_T	3:82572511_A_G
3:84997218_TA_T	3:82573226_T_A
3:84997218_TA_T	3:82573247_A_C
3:84997218_TA_T	3:82576249_G_A
3:84997218_TA_T	3:82577275_T_A
3:84997218_TA_T	3:82577857_G_GT
3:84997218_TA_T	3:82579609_C_T
3:84997218_TA_T	3:82582446_C_A
3:84997218_TA_T	3:82582739_T_C
3:84997218_TA_T	3:82583260_C_T
3:84997218_TA_T	3:82586317_T_C
3:84997218_TA_T	3:82586393_C_T
3:84997218_TA_T	3:82587937_T_A
3:84997218_TA_T	3:82588812_G_C
3:84997218_TA_T	3:82589732_C_T
3:84997218_TA_T	3:82590267_T_C
3:84997218_TA_T	3:82593869_GA_G
3:84997218_TA_T	3:82597646_C_CA
3:84997218_TA_T	3:82598426_A_C
3:84997218_TA_T	3:82599178_GC_G
3:84997218_TA_T	3:82602965_A_G
3:84997218_TA_T	3:82607457_T_C
3:84997218_TA_T	3:82636736_C_T
3:84997218_TA_T	3:82639187_T_C
3:84997218_TA_T	3:82640368_G_T
3:84997218_TA_T	3:82668530_C_CT
3:84997218_TA_T	3:82670481_A_C
3:84997218_TA_T	3:82690645_G_C
3:84997218_TA_T	3:82714381_GTTTT_G
3:84997218_TA_T	3:82747970_A_G
3:84997218_TA_T	3:83234677_T_G
3:84997218_TA_T	3:83537423_T_G
3:84997218_TA_T	3:83615275_C_A
3:84997218_TA_T	3:83673868_C_T
3:84997218_TA_T	3:83691748_A_C
3:84997218_TA_T	3:83696068_T_G
3:84997218_TA_T	3:83712146_A_T
3:84997218_TA_T	3:83817215_G_T
3:84997218_TA_T	3:83953984_G_GA
3:84997218_TA_T	3:84539608_G_GT
3:84997218_TA_T	3:84852305_G_A
3:84997218_TA_T	3:84853567_TA_T
3:84997218_TA_T	3:84853779_G_T
3:84997218_TA_T	3:84855813_T_C
3:84997218_TA_T	3:84857121_A_G
3:84997218_TA_T	3:84859803_C_G
3:84997218_TA_T	3:84860855_T_C
3:84997218_TA_T	3:84861654_T_C
3:84997218_TA_T	3:84861910_T_C
3:84997218_TA_T	3:84862679_G_A
3:84997218_TA_T	3:84862969_G_T
3:84997218_TA_T	3:84863226_C_T
3:84997218_TA_T	3:84863282_G_A
3:84997218_TA_T	3:84863284_C_G
3:84997218_TA_T	3:84863581_T_C
3:84997218_TA_T	3:84866683_C_A
3:84997218_TA_T	3:84868448_A_C
3:84997218_TA_T	3:84869725_T_C
3:84997218_TA_T	3:84871681_T_A
3:84997218_TA_T	3:84873277_C_T
3:84997218_TA_T	3:84873388_G_T
3:84997218_TA_T	3:84876250_C_T
3:84997218_TA_T	3:84879022_A_C
3:84997218_TA_T	3:84879887_A_G
3:84997218_TA_T	3:84884459_T_G
3:84997218_TA_T	3:84887081_TTA_T
3:84997218_TA_T	3:84887107_T_G
3:84997218_TA_T	3:84890106_T_TCACA
3:84997218_TA_T	3:84897951_C_T
3:84997218_TA_T	3:84901668_C_T
3:84997218_TA_T	3:84903245_A_C
3:84997218_TA_T	3:84905499_T_C
3:84997218_TA_T	3:84907793_A_C
3:84997218_TA_T	3:84913213_T_A
3:84997218_TA_T	3:84915130_A_T
3:84997218_TA_T	3:84916678_C_A
3:84997218_TA_T	3:84920806_G_T
3:84997218_TA_T	3:84921039_T_G
3:84997218_TA_T	3:84921079_G_A
3:84997218_TA_T	3:84921169_G_C
3:84997218_TA_T	3:84923751_G_A
3:84997218_TA_T	3:84926769_C_T
3:84997218_TA_T	3:84926866_A_G
3:84997218_TA_T	3:84931323_T_C
3:84997218_TA_T	3:84934038_T_A
3:84997218_TA_T	3:84934198_T_A
3:84997218_TA_T	3:84934492_G_T
3:84997218_TA_T	3:84934719_G_C
3:84997218_TA_T	3:84934915_A_G
3:84997218_TA_T	3:84935077_T_A
3:84997218_TA_T	3:84937009_A_G
3:84997218_TA_T	3:84937655_C_G
3:84997218_TA_T	3:84941806_C_G
3:84997218_TA_T	3:84942251_TG_T
3:84997218_TA_T	3:84943829_A_G
3:84997218_TA_T	3:84944026_A_G
3:84997218_TA_T	3:84945593_T_C
3:84997218_TA_T	3:84946751_G_C
3:84997218_TA_T	3:84946851_T_A
3:84997218_TA_T	3:84947064_G_A
3:84997218_TA_T	3:84950070_C_T
3:84997218_TA_T	3:84950590_A_T
3:84997218_TA_T	3:84954203_T_G
3:84997218_TA_T	3:84964976_A_G
3:84997218_TA_T	3:84965355_C_T
3:84997218_TA_T	3:84965894_A_G
3:84997218_TA_T	3:84968045_A_G
3:84997218_TA_T	3:84968072_C_T
3:84997218_TA_T	3:84968617_G_A
3:84997218_TA_T	3:84968641_A_C
3:84997218_TA_T	3:84968666_TAAA_T
3:84997218_TA_T	3:84971273_C_T
3:84997218_TA_T	3:84972676_T_A
3:84997218_TA_T	3:84972827_T_C
3:84997218_TA_T	3:84973623_G_A
3:84997218_TA_T	3:84974785_T_C
3:84997218_TA_T	3:84979990_T_C
3:84997218_TA_T	3:84983918_A_T
3:84997218_TA_T	3:84986088_C_A
3:84997218_TA_T	3:84991704_G_A
3:84997218_TA_T	3:84992877_T_A
3:84997218_TA_T	3:84993411_A_C
3:84997218_TA_T	3:84993583_T_C
3:84997218_TA_T	3:84997898_C_T
3:84997218_TA_T	3:85000887_G_A
3:84997218_TA_T	3:85002871_C_T
3:84997218_TA_T	3:85005685_A_T
3:84997218_TA_T	3:85007573_G_GCAC
3:84997218_TA_T	3:85008048_A_T
3:84997218_TA_T	3:85009817_C_T
3:84997218_TA_T	3:85011039_A_G
3:84997218_TA_T	3:85011565_T_TCAAA
3:84997218_TA_T	3:85013262_G_T
3:84997218_TA_T	3:85013263_A_T
3:84997218_TA_T	3:85014750_G_C
3:84997218_TA_T	3:85017098_G_C
3:84997218_TA_T	3:85018214_A_T
3:84997218_TA_T	3:85018612_G_A
3:84997218_TA_T	3:85018658_C_CT
3:84997218_TA_T	3:85020746_CTAATT_C
3:84997218_TA_T	3:85022821_G_A
3:84997218_TA_T	3:85022881_CA_C
3:84997218_TA_T	3:85024021_T_A
3:84997218_TA_T	3:85025990_T_G
3:84997218_TA_T	3:85027085_G_A
3:84997218_TA_T	3:85027828_T_C
3:84997218_TA_T	3:85030227_A_G
3:84997218_TA_T	3:85035279_A_G
3:84997218_TA_T	3:85035915_T_TA
3:84997218_TA_T	3:85036390_C_T
3:84997218_TA_T	3:85036752_T_C
3:84997218_TA_T	3:85038545_C_A
3:84997218_TA_T	3:85040037_T_A
3:84997218_TA_T	3:85040249_A_G
3:84997218_TA_T	3:85040284_G_A
3:84997218_TA_T	3:85040324_A_G
3:84997218_TA_T	3:85040649_C_T
3:84997218_TA_T	3:85041555_GCGGATCACGAGGTCAAGAGAT_G
3:84997218_TA_T	3:85041848_G_A
3:84997218_TA_T	3:85044736_G_A
3:84997218_TA_T	3:85045821_T_C
3:84997218_TA_T	3:85046141_A_G
3:84997218_TA_T	3:85046504_T_C
3:84997218_TA_T	3:85047324_T_C
3:84997218_TA_T	3:85049088_G_A
3:84997218_TA_T	3:85052150_C_T
3:84997218_TA_T	3:85053354_T_C
3:84997218_TA_T	3:85053425_T_A
3:84997218_TA_T	3:85053801_CCAGA_C
3:84997218_TA_T	3:85056068_T_C
3:84997218_TA_T	3:85056521_A_G
3:84997218_TA_T	3:85056640_A_G
3:84997218_TA_T	3:85057281_C_T
3:84997218_TA_T	3:85057349_G_T
3:84997218_TA_T	3:85058885_C_T
3:84997218_TA_T	3:85058932_A_C
3:84997218_TA_T	3:85062293_TAA_T
3:84997218_TA_T	3:85063080_C_T
3:84997218_TA_T	3:85063111_C_T
3:84997218_TA_T	3:85063983_G_T
3:84997218_TA_T	3:85065229_A_G
3:84997218_TA_T	3:85066114_T_C
3:84997218_TA_T	3:85066988_T_A
3:84997218_TA_T	3:85067018_A_G
3:84997218_TA_T	3:85069896_GGT_G
3:84997218_TA_T	3:85070267_CA_C
3:84997218_TA_T	3:85071278_G_A
3:84997218_TA_T	3:85071640_G_T
3:84997218_TA_T	3:85073170_T_C
3:84997218_TA_T	3:85074694_G_A
3:84997218_TA_T	3:85076361_G_A
3:84997218_TA_T	3:85077270_C_A
3:84997218_TA_T	3:85078096_A_ATT
3:84997218_TA_T	3:85078099_GAA_G
3:84997218_TA_T	3:85080097_CAG_C
3:84997218_TA_T	3:85081211_C_G
3:84997218_TA_T	3:85081366_G_GT
3:84997218_TA_T	3:85084508_C_T
3:84997218_TA_T	3:85084563_A_G
3:84997218_TA_T	3:85086403_G_A
3:84997218_TA_T	3:85087623_G_C
3:84997218_TA_T	3:85087904_T_G
3:84997218_TA_T	3:85090935_G_A
3:84997218_TA_T	3:85093955_C_CTT
3:84997218_TA_T	3:85094052_A_T
3:84997218_TA_T	3:85094800_CT_C
3:84997218_TA_T	3:85095766_G_A
3:84997218_TA_T	3:85095897_T_C
3:84997218_TA_T	3:85096492_A_G
3:84997218_TA_T	3:85097345_T_C
3:84997218_TA_T	3:85098781_ATGAGCTAC_A
3:84997218_TA_T	3:85099619_G_A
3:84997218_TA_T	3:85099826_C_T
3:84997218_TA_T	3:85099943_T_C
3:84997218_TA_T	3:85100901_C_T
3:84997218_TA_T	3:85104482_G_A
3:84997218_TA_T	3:85106454_A_T
3:84997218_TA_T	3:85110987_A_T
3:84997218_TA_T	3:85111108_C_T
3:84997218_TA_T	3:85111812_G_A
3:84997218_TA_T	3:85112271_G_A
3:84997218_TA_T	3:85112790_C_G
3:84997218_TA_T	3:85116013_C_T
3:84997218_TA_T	3:85119734_T_TG
3:84997218_TA_T	3:85120139_C_CAATA
3:84997218_TA_T	3:85122120_A_C
3:84997218_TA_T	3:85122624_G_A
3:84997218_TA_T	3:85122909_C_T
3:84997218_TA_T	3:85123212_T_C
3:84997218_TA_T	3:85123524_C_T
3:84997218_TA_T	3:85124697_C_T
3:84997218_TA_T	3:85126070_A_C
3:84997218_TA_T	3:85126526_C_T
3:84997218_TA_T	3:85126955_G_A
3:84997218_TA_T	3:85127683_C_A
3:84997218_TA_T	3:85129329_G_A
3:84997218_TA_T	3:85129381_C_T
3:84997218_TA_T	3:85130187_T_A
3:84997218_TA_T	3:85130418_C_T
3:84997218_TA_T	3:85130981_A_G
3:84997218_TA_T	3:85134557_T_G
3:84997218_TA_T	3:85134914_G_A
3:84997218_TA_T	3:85135660_CT_C
3:84997218_TA_T	3:85137499_A_G
3:84997218_TA_T	3:85137683_A_G
3:84997218_TA_T	3:85138172_A_G
3:84997218_TA_T	3:85138818_T_C
3:84997218_TA_T	3:85140186_A_C
3:84997218_TA_T	3:85140723_A_G
3:84997218_TA_T	3:85141564_G_A
3:84997218_TA_T	3:85142871_A_G
3:84997218_TA_T	3:85143536_C_G
3:84997218_TA_T	3:85143683_G_A
3:84997218_TA_T	3:85144149_T_C
3:84997218_TA_T	3:85144350_G_A
3:84997218_TA_T	3:85147187_T_C
3:84997218_TA_T	3:85148901_A_G
3:84997218_TA_T	3:85152987_C_T
3:84997218_TA_T	3:85153235_G_A
3:84997218_TA_T	3:85154685_G_A
3:84997218_TA_T	3:85156425_T_C
3:84997218_TA_T	3:85156727_CTTTCTTTCT_C
3:84997218_TA_T	3:85157148_T_C
3:84997218_TA_T	3:85158566_C_A
3:84997218_TA_T	3:85158733_A_G
3:84997218_TA_T	3:85158931_C_T
3:84997218_TA_T	3:85166315_G_T
3:84997218_TA_T	3:85166401_AT_A
3:84997218_TA_T	3:85166674_A_T
3:84997218_TA_T	3:85167427_TATC_T
3:84997218_TA_T	3:85167764_G_C
3:84997218_TA_T	3:85168143_T_C
3:84997218_TA_T	3:85168434_C_T
3:84997218_TA_T	3:85169313_A_G
3:84997218_TA_T	3:85171018_T_C
3:84997218_TA_T	3:85171302_C_T
3:84997218_TA_T	3:85172364_G_C
3:84997218_TA_T	3:85176164_C_A
3:84997218_TA_T	3:85176314_G_C
3:84997218_TA_T	3:85177049_C_T
3:84997218_TA_T	3:85177173_G_A
3:84997218_TA_T	3:85180270_A_C
3:84997218_TA_T	3:85182282_T_C
3:84997218_TA_T	3:85183033_C_T
3:84997218_TA_T	3:85183050_G_A
3:84997218_TA_T	3:85184430_G_A
3:84997218_TA_T	3:85185850_G_T
3:84997218_TA_T	3:85190946_G_C
3:84997218_TA_T	3:85195315_C_A
3:84997218_TA_T	3:85195614_G_A
3:84997218_TA_T	3:85195660_C_T
3:84997218_TA_T	3:85195925_T_G
3:84997218_TA_T	3:85196366_G_A
3:84997218_TA_T	3:85196839_A_AC
3:84997218_TA_T	3:85197891_C_T
3:84997218_TA_T	3:85198437_G_T
3:84997218_TA_T	3:85200116_A_G
3:84997218_TA_T	3:85200700_C_T
3:84997218_TA_T	3:85202524_T_C
3:84997218_TA_T	3:85206418_A_G
3:84997218_TA_T	3:85206681_T_C
3:84997218_TA_T	3:85222123_C_T
3:84997218_TA_T	3:85234199_A_G
3:84997218_TA_T	3:85236425_G_A
3:84997218_TA_T	3:85236543_C_T
3:84997218_TA_T	3:85238212_A_AAAAT
3:84997218_TA_T	3:85242518_T_TA
3:84997218_TA_T	3:85243777_G_A
3:84997218_TA_T	3:85244483_C_A
3:84997218_TA_T	3:85244747_T_C
3:84997218_TA_T	3:85248346_A_T
3:84997218_TA_T	3:85248623_A_T
3:84997218_TA_T	3:85249045_T_C
3:84997218_TA_T	3:85251688_C_T
3:84997218_TA_T	3:85255436_A_G
3:84997218_TA_T	3:85258519_T_G
3:84997218_TA_T	3:85264266_G_A
3:84997218_TA_T	3:85264467_A_G
3:84997218_TA_T	3:85272264_C_A
3:84997218_TA_T	3:85274555_G_C
3:84997218_TA_T	3:85275400_A_AT
3:84997218_TA_T	3:85275495_T_A
3:84997218_TA_T	3:85277804_A_G
3:84997218_TA_T	3:85281284_ATAT_A
3:84997218_TA_T	3:85282998_A_C
3:84997218_TA_T	3:85284670_T_C
3:84997218_TA_T	3:85285706_A_C
3:84997218_TA_T	3:85288620_A_G
3:84997218_TA_T	3:85295860_C_A
3:84997218_TA_T	3:85296333_A_G
3:84997218_TA_T	3:85302050_A_G
3:84997218_TA_T	3:85304062_G_T
3:84997218_TA_T	3:85308565_A_AT
3:84997218_TA_T	3:85314774_C_T
3:84997218_TA_T	3:85315715_T_TTCATCCATATCAGTTGAAAAG
3:84997218_TA_T	3:85315723_T_A
3:84997218_TA_T	3:85315738_T_A
3:84997218_TA_T	3:85316290_C_CGT
3:84997218_TA_T	3:85316290_C_CGTAAA
3:84997218_TA_T	3:85316648_A_G
3:84997218_TA_T	3:85321340_A_C
3:84997218_TA_T	3:85335526_G_T
3:84997218_TA_T	3:85337036_A_G
3:84997218_TA_T	3:85337152_G_C
3:84997218_TA_T	3:85337518_T_C
3:84997218_TA_T	3:85339449_A_G
3:84997218_TA_T	3:85340811_A_G
3:84997218_TA_T	3:85341200_T_C
3:84997218_TA_T	3:85342567_C_A
3:84997218_TA_T	3:85343207_C_A
3:84997218_TA_T	3:85344869_T_C
3:84997218_TA_T	3:85352957_C_T
3:84997218_TA_T	3:85353328_A_G
3:84997218_TA_T	3:85360535_A_T
3:84997218_TA_T	3:85370873_C_T
3:84997218_TA_T	3:85371838_A_G
3:84997218_TA_T	3:85376492_A_G
3:84997218_TA_T	3:85376704_C_CCACACACA
3:84997218_TA_T	3:85379001_A_C
3:84997218_TA_T	3:85384671_A_G
3:84997218_TA_T	3:85391799_CCTT_C
3:84997218_TA_T	3:85393768_A_G
3:84997218_TA_T	3:85395341_C_G
3:84997218_TA_T	3:85395922_G_A
3:84997218_TA_T	3:85396357_G_C
3:84997218_TA_T	3:85399603_G_T
3:84997218_TA_T	3:85401822_T_G
3:84997218_TA_T	3:88064401_A_G
3:84997218_TA_T	3:88097699_AAAT_A
3:84997218_TA_T	3:88099788_A_C
3:84997218_TA_T	3:88100208_GA_G
3:84997218_TA_T	3:88100209_A_G
3:84997218_TA_T	3:88100210_A_G
3:84997218_TA_T	3:88101530_T_C
3:84997218_TA_T	3:88105360_T_C
3:84997218_TA_T	3:88106618_G_A
3:84997218_TA_T	3:88107989_G_C
3:84997218_TA_T	3:88111680_G_A
3:84997218_TA_T	3:88116071_G_C
3:84997218_TA_T	3:88116515_T_C
3:84997218_TA_T	3:88130136_C_T
3:84997218_TA_T	3:88132331_A_G
3:84997218_TA_T	3:88132414_C_T
3:84997218_TA_T	3:88132979_T_G
3:84997218_TA_T	3:88134404_T_G
3:84997218_TA_T	3:88134502_T_C
3:84997218_TA_T	3:88139016_G_A
3:84997218_TA_T	3:88145070_C_T
3:84997218_TA_T	3:88146330_T_A
3:84997218_TA_T	3:88146963_T_G
3:84997218_TA_T	3:88148635_T_C
3:84997218_TA_T	3:88149712_A_G
3:84997218_TA_T	3:88152912_CTT_C
3:84997218_TA_T	3:88154533_A_T
3:84997218_TA_T	3:88155089_G_A
3:84997218_TA_T	3:88155521_T_C
3:84997218_TA_T	3:88155627_A_G
3:84997218_TA_T	3:88156194_C_A
3:84997218_TA_T	3:88156300_G_A
3:84997218_TA_T	3:88156698_C_T
3:84997218_TA_T	3:88157184_T_C
3:84997218_TA_T	3:88158096_C_T
3:84997218_TA_T	3:88163066_T_G
3:84997218_TA_T	3:88164103_T_C
3:84997218_TA_T	3:88170263_CCAAA_C
3:84997218_TA_T	3:88170569_G_A
3:84997218_TA_T	3:88171027_G_A
3:84997218_TA_T	3:88173756_A_G
3:84997218_TA_T	3:88174395_C_A
3:84997218_TA_T	3:88174898_C_T
3:84997218_TA_T	3:88176189_C_T
3:84997218_TA_T	3:88176596_T_TA
3:84997218_TA_T	3:88180661_A_C
3:84997218_TA_T	3:88181082_T_C
3:84997218_TA_T	3:88182739_TA_T
3:84997218_TA_T	3:88182893_G_A
3:84997218_TA_T	3:88186073_G_A
3:84997218_TA_T	3:88186204_G_A
3:84997218_TA_T	3:88187556_A_G
3:84997218_TA_T	3:88190768_C_A
3:84997218_TA_T	3:88190809_C_T
3:84997218_TA_T	3:88192423_A_G
3:84997218_TA_T	3:88192484_T_C
3:84997218_TA_T	3:88193835_T_C
3:84997218_TA_T	3:88202045_G_A
3:84997218_TA_T	3:88203576_G_A
3:84997218_TA_T	3:88206392_G_T
3:84997218_TA_T	3:88208201_T_A
3:84997218_TA_T	3:88208623_C_CG
3:84997218_TA_T	3:88210309_G_A
3:84997218_TA_T	3:88212713_A_G
3:84997218_TA_T	3:88215169_C_T
3:84997218_TA_T	3:88216438_C_G
3:84997218_TA_T	3:88217144_CTT_C
3:84997218_TA_T	3:88218787_T_C
3:84997218_TA_T	3:88220039_G_A
3:84997218_TA_T	3:88220555_T_G
3:84997218_TA_T	3:88220847_A_G
3:84997218_TA_T	3:88221517_T_C
3:84997218_TA_T	3:88221933_G_A
3:84997218_TA_T	3:88222017_A_C
3:84997218_TA_T	3:88222170_T_G
3:84997218_TA_T	3:88224304_T_C
3:84997218_TA_T	3:88224558_G_A
3:84997218_TA_T	3:88224747_G_C
3:84997218_TA_T	3:88225030_T_TG
3:84997218_TA_T	3:88225308_G_A
3:84997218_TA_T	3:88225540_C_T
3:84997218_TA_T	3:88226532_C_A
3:84997218_TA_T	3:88227764_AAAG_A
3:84997218_TA_T	3:88228064_C_CA
3:84997218_TA_T	3:88229042_T_G
3:84997218_TA_T	3:88229090_A_G
3:84997218_TA_T	3:88229722_T_C
3:84997218_TA_T	3:88230027_TTTTC_T
3:84997218_TA_T	3:88231405_G_A
3:84997218_TA_T	3:88231451_A_C
3:84997218_TA_T	3:88231488_T_C
3:84997218_TA_T	3:88231685_A_C
3:84997218_TA_T	3:88232427_A_G
3:84997218_TA_T	3:88232925_G_C
3:84997218_TA_T	3:88233982_C_T
3:84997218_TA_T	3:88234549_T_G
3:84997218_TA_T	3:88235257_C_G
3:84997218_TA_T	3:88235780_C_T
3:84997218_TA_T	3:88235905_A_G
3:84997218_TA_T	3:88236434_C_A
3:84997218_TA_T	3:88237473_CAT_C
3:84997218_TA_T	3:88237697_A_T
3:84997218_TA_T	3:88238295_C_T
3:84997218_TA_T	3:88239031_A_G
3:84997218_TA_T	3:88239603_T_TA
3:84997218_TA_T	3:88239891_G_A
3:84997218_TA_T	3:88240437_G_A
3:84997218_TA_T	3:88240752_T_G
3:84997218_TA_T	3:88241165_G_T
3:84997218_TA_T	3:88241274_C_T
3:84997218_TA_T	3:88243996_C_A
3:84997218_TA_T	3:88244098_T_A
3:84997218_TA_T	3:88244329_A_G
3:84997218_TA_T	3:88244349_C_G
3:84997218_TA_T	3:88245161_A_G
3:84997218_TA_T	3:88245805_T_C
3:84997218_TA_T	3:88245984_G_C
3:84997218_TA_T	3:88246013_C_T
3:84997218_TA_T	3:88246080_C_A
3:84997218_TA_T	3:88246204_C_G
3:84997218_TA_T	3:88247020_A_AT
3:84997218_TA_T	3:88247359_T_C
3:84997218_TA_T	3:88247645_T_C
3:84997218_TA_T	3:88247927_C_G
3:84997218_TA_T	3:88248094_T_A
3:84997218_TA_T	3:88248527_A_G
3:84997218_TA_T	3:88249922_A_G
3:84997218_TA_T	3:88250125_T_A
3:84997218_TA_T	3:88250597_C_G
3:84997218_TA_T	3:88252023_G_C
3:84997218_TA_T	3:88252280_A_G
3:84997218_TA_T	3:88254008_C_G
3:84997218_TA_T	3:88254820_T_C
3:84997218_TA_T	3:88257447_A_G
3:84997218_TA_T	3:88257773_G_A
3:84997218_TA_T	3:88258450_G_A
3:84997218_TA_T	3:88258775_A_C
3:84997218_TA_T	3:88261216_C_T
3:84997218_TA_T	3:88262399_T_C
3:84997218_TA_T	3:88263247_C_T
3:84997218_TA_T	3:88263487_T_G
3:84997218_TA_T	3:88264225_T_TACTA
3:84997218_TA_T	3:88265970_C_T
3:84997218_TA_T	3:88267467_T_C
3:84997218_TA_T	3:88268381_T_C
3:84997218_TA_T	3:88269441_G_A
3:84997218_TA_T	3:88269913_T_C
3:84997218_TA_T	3:88269923_GGCGTGA_G
3:84997218_TA_T	3:88270308_G_A
3:84997218_TA_T	3:88270363_A_G
3:84997218_TA_T	3:88270375_C_T
3:84997218_TA_T	3:88270627_A_C
3:84997218_TA_T	3:88273071_G_A
3:84997218_TA_T	3:88276097_G_T
3:84997218_TA_T	3:88277279_A_T
3:84997218_TA_T	3:88281303_C_G
3:84997218_TA_T	3:88283531_G_A
3:84997218_TA_T	3:88284443_C_T
3:84997218_TA_T	3:88287719_T_C
3:84997218_TA_T	3:88290343_T_TTGTA
3:84997218_TA_T	3:88291045_A_C
3:84997218_TA_T	3:88291921_G_A
3:84997218_TA_T	3:88294138_C_A
3:84997218_TA_T	3:88294436_A_AGGCTGTACTAATTTGCTTTT
3:84997218_TA_T	3:88296327_T_C
3:84997218_TA_T	3:88297703_A_G
3:84997218_TA_T	3:88304069_ATGCTTGTC_A
3:84997218_TA_T	3:88305228_C_T
3:84997218_TA_T	3:88317005_A_G
3:84997218_TA_T	3:88346832_C_T
3:84997218_TA_T	3:88348634_GTCTA_G
3:84997218_TA_T	3:88355313_A_G
3:84997218_TA_T	3:88355408_T_C
3:84997218_TA_T	3:88356519_T_TA
3:84997218_TA_T	3:88367758_C_T
3:84997218_TA_T	3:88368414_G_A
3:84997218_TA_T	3:88793310_T_C
5:60566539_C_T	5:52421565_A_G
5:60566539_C_T	5:52766740_C_A
5:60566539_C_T	5:52767109_T_C
5:60566539_C_T	5:52767121_G_A
5:60566539_C_T	5:52768320_G_A
5:60566539_C_T	5:52771544_G_A
5:60566539_C_T	5:52772085_A_G
5:60566539_C_T	5:52777864_G_A
5:60566539_C_T	5:53760711_G_A
5:60566539_C_T	5:57174356_G_C
5:60566539_C_T	5:58611466_A_G
5:60566539_C_T	5:59752602_C_T
5:60566539_C_T	5:59775136_G_A
5:60566539_C_T	5:59777936_A_G
5:60566539_C_T	5:59787291_T_C
5:60566539_C_T	5:59843659_A_G
5:60566539_C_T	5:59908201_G_T
5:60566539_C_T	5:59909617_G_T
5:60566539_C_T	5:60057718_C_T
5:60566539_C_T	5:60070055_T_A
5:60566539_C_T	5:60211496_A_G
5:60566539_C_T	5:60228619_G_A
5:60566539_C_T	5:60234832_G_T
5:60566539_C_T	5:60235381_G_C
5:60566539_C_T	5:60269540_T_A
5:60566539_C_T	5:60274085_ATACTGCGGGTTAAAGTC_A
5:60566539_C_T	5:60292426_G_T
5:60566539_C_T	5:60302706_C_A
5:60566539_C_T	5:60369154_TG_T
5:60566539_C_T	5:60380057_TA_T
5:60566539_C_T	5:60383532_G_A
5:60566539_C_T	5:60413392_A_G
5:60566539_C_T	5:60430955_CAT_C
5:60566539_C_T	5:60449834_ATGTG_A
5:60566539_C_T	5:60485886_T_C
5:60566539_C_T	5:60486430_G_GA
5:60566539_C_T	5:60487672_G_T
5:60566539_C_T	5:60488087_G_A
5:60566539_C_T	5:60490063_C_A
5:60566539_C_T	5:60495052_G_A
5:60566539_C_T	5:60506056_G_A
5:60566539_C_T	5:60506171_G_A
5:60566539_C_T	5:60507774_G_A
5:60566539_C_T	5:60511495_G_A
5:60566539_C_T	5:60513119_T_A
5:60566539_C_T	5:60522739_G_A
5:60566539_C_T	5:60525987_C_G
5:60566539_C_T	5:60527107_C_T
5:60566539_C_T	5:60528127_A_G
5:60566539_C_T	5:60530431_C_T
5:60566539_C_T	5:60534538_A_T
5:60566539_C_T	5:60538618_C_T
5:60566539_C_T	5:60538619_C_G
5:60566539_C_T	5:60538644_A_T
5:60566539_C_T	5:60539617_G_A
5:60566539_C_T	5:60541910_C_A
5:60566539_C_T	5:60542205_T_TTAA
5:60566539_C_T	5:60542486_A_G
5:60566539_C_T	5:60543536_T_A
5:60566539_C_T	5:60543537_C_A
5:60566539_C_T	5:60545007_T_C
5:60566539_C_T	5:60545205_G_A
5:60566539_C_T	5:60551804_G_C
5:60566539_C_T	5:60553232_C_T
5:60566539_C_T	5:60553870_C_G
5:60566539_C_T	5:60554013_T_A
5:60566539_C_T	5:60554339_T_C
5:60566539_C_T	5:60554362_A_G
5:60566539_C_T	5:60554377_A_G
5:60566539_C_T	5:60554383_A_G
5:60566539_C_T	5:60554610_C_T
5:60566539_C_T	5:60554657_T_C
5:60566539_C_T	5:60554858_T_C
5:60566539_C_T	5:60555264_A_G
5:60566539_C_T	5:60555922_T_C
5:60566539_C_T	5:60556220_T_A
5:60566539_C_T	5:60556268_T_C
5:60566539_C_T	5:60556376_G_A
5:60566539_C_T	5:60556773_T_C
5:60566539_C_T	5:60557048_A_C
5:60566539_C_T	5:60558221_G_GTTA
5:60566539_C_T	5:60558410_G_A
5:60566539_C_T	5:60558471_C_T
5:60566539_C_T	5:60558879_C_T
5:60566539_C_T	5:60559040_C_T
5:60566539_C_T	5:60560059_C_G
5:60566539_C_T	5:60561932_A_G
5:60566539_C_T	5:60562303_T_C
5:60566539_C_T	5:60562640_A_G
5:60566539_C_T	5:60562802_T_C
5:60566539_C_T	5:60562811_T_A
5:60566539_C_T	5:60563883_C_T
5:60566539_C_T	5:60564322_T_C
5:60566539_C_T	5:60564573_C_A
5:60566539_C_T	5:60564993_T_C
5:60566539_C_T	5:60565209_AAGAAAAGAAAGAAAG_A
5:60566539_C_T	5:60565297_A_G
5:60566539_C_T	5:60566365_ACCTT_A
5:60566539_C_T	5:60566390_TGCCA_T
5:60566539_C_T	5:60566442_C_T
5:60566539_C_T	5:60566634_G_C
5:60566539_C_T	5:60566743_G_T
5:60566539_C_T	5:60566775_G_A
5:60566539_C_T	5:60566789_T_A
5:60566539_C_T	5:60567145_C_CAAAAG
5:60566539_C_T	5:60567241_G_C
5:60566539_C_T	5:60568177_CTT_C
5:60566539_C_T	5:60568861_T_C
5:60566539_C_T	5:60569280_C_T
5:60566539_C_T	5:60569967_A_G
5:60566539_C_T	5:60569989_GA_G
5:60566539_C_T	5:60570791_A_T
5:60566539_C_T	5:60571376_T_G
5:60566539_C_T	5:60571415_G_A
5:60566539_C_T	5:60571540_A_C
5:60566539_C_T	5:60572036_G_A
5:60566539_C_T	5:60572119_G_A
5:60566539_C_T	5:60572533_A_G
5:60566539_C_T	5:60573281_A_C
5:60566539_C_T	5:60573487_A_C
5:60566539_C_T	5:60574860_C_T
5:60566539_C_T	5:60575398_G_T
5:60566539_C_T	5:60575537_C_G
5:60566539_C_T	5:60575543_T_C
5:60566539_C_T	5:60575859_C_T
5:60566539_C_T	5:60575897_T_G
5:60566539_C_T	5:60576050_A_G
5:60566539_C_T	5:60576631_C_A
5:60566539_C_T	5:60576666_G_A
5:60566539_C_T	5:60577292_G_T
5:60566539_C_T	5:60578934_A_AAT
5:60566539_C_T	5:60581371_T_C
5:60566539_C_T	5:60582147_T_G
5:60566539_C_T	5:60582891_C_A
5:60566539_C_T	5:60583091_C_G
5:60566539_C_T	5:60583479_C_T
5:60566539_C_T	5:60585889_T_C
5:60566539_C_T	5:60586982_T_C
5:60566539_C_T	5:60588572_C_G
5:60566539_C_T	5:60589021_T_G
5:60566539_C_T	5:60589535_G_C
5:60566539_C_T	5:60590591_C_T
5:60566539_C_T	5:60593198_C_T
5:60566539_C_T	5:60593262_AT_A
5:60566539_C_T	5:60593342_GAAAA_G
5:60566539_C_T	5:60593896_A_C
5:60566539_C_T	5:60594297_C_G
5:60566539_C_T	5:60595439_A_G
5:60566539_C_T	5:60597127_C_G
5:60566539_C_T	5:60597356_AG_A
5:60566539_C_T	5:60597622_G_A
5:60566539_C_T	5:60598123_AG_A
5:60566539_C_T	5:60600123_A_AT
5:60566539_C_T	5:60603161_G_T
5:60566539_C_T	5:60603643_G_A
5:60566539_C_T	5:60603696_A_G
5:60566539_C_T	5:60603730_A_G
5:60566539_C_T	5:60604261_C_A
5:60566539_C_T	5:60604392_G_C
5:60566539_C_T	5:60606999_T_TA
5:60566539_C_T	5:60614586_T_A
5:60566539_C_T	5:60623038_C_G
5:60566539_C_T	5:60633104_T_TC
5:60566539_C_T	5:60638880_A_G
5:60566539_C_T	5:60643659_C_T
5:60566539_C_T	5:60649733_A_G
5:60566539_C_T	5:60651929_G_A
5:60566539_C_T	5:60652030_A_G
5:60566539_C_T	5:60655844_A_G
5:60566539_C_T	5:60664356_C_T
5:60566539_C_T	5:60666767_G_A
5:60566539_C_T	5:60668775_A_G
5:60566539_C_T	5:60670192_G_A
5:60566539_C_T	5:60673221_A_G
5:60566539_C_T	5:60673542_CA_C
5:60566539_C_T	5:60673819_G_A
5:60566539_C_T	5:60680244_G_A
5:60566539_C_T	5:60685266_T_C
5:60566539_C_T	5:60688532_C_T
5:60566539_C_T	5:60689152_C_T
5:60566539_C_T	5:60691073_A_C
5:60566539_C_T	5:60695853_G_A
5:60566539_C_T	5:60696425_C_T
5:60566539_C_T	5:60697829_CT_C
5:60566539_C_T	5:60698360_C_T
5:60566539_C_T	5:60699573_C_A
5:60566539_C_T	5:60700239_C_G
5:60566539_C_T	5:60702838_C_G
5:60566539_C_T	5:64322549_G_A
1:74852971_A_C	1:74712918_G_A
1:74852971_A_C	1:74713080_A_C
1:74852971_A_C	1:74713623_C_T
1:74852971_A_C	1:74716524_T_C
1:74852971_A_C	1:74718991_A_T
1:74852971_A_C	1:74720566_A_G
1:74852971_A_C	1:74720746_G_T
1:74852971_A_C	1:74722569_C_T
1:74852971_A_C	1:74723312_G_T
1:74852971_A_C	1:74725664_A_G
1:74852971_A_C	1:74734370_A_T
1:74852971_A_C	1:74736145_G_T
1:74852971_A_C	1:74736713_C_T
1:74852971_A_C	1:74741150_C_T
1:74852971_A_C	1:74746076_T_A
1:74852971_A_C	1:74746096_A_G
1:74852971_A_C	1:74746861_C_G
1:74852971_A_C	1:74748884_C_T
1:74852971_A_C	1:74752378_A_C
1:74852971_A_C	1:74753565_C_G
1:74852971_A_C	1:74760439_G_A
1:74852971_A_C	1:74761823_G_A
1:74852971_A_C	1:74764380_C_A
1:74852971_A_C	1:74768011_C_T
1:74852971_A_C	1:74768357_A_G
1:74852971_A_C	1:74769869_G_A
1:74852971_A_C	1:74777292_C_G
1:74852971_A_C	1:74785564_G_C
1:74852971_A_C	1:74791333_T_G
1:74852971_A_C	1:74793878_A_G
1:74852971_A_C	1:74794090_C_A
1:74852971_A_C	1:74794119_G_A
1:74852971_A_C	1:74801964_T_G
1:74852971_A_C	1:74803904_A_G
1:74852971_A_C	1:74806165_A_G
1:74852971_A_C	1:74806552_A_G
1:74852971_A_C	1:74812303_C_T
1:74852971_A_C	1:74815906_G_A
1:74852971_A_C	1:74818374_G_A
1:74852971_A_C	1:74818563_G_T
1:74852971_A_C	1:74818872_G_A
1:74852971_A_C	1:74819077_T_G
1:74852971_A_C	1:74821991_G_A
1:74852971_A_C	1:74823474_G_A
1:74852971_A_C	1:74823561_A_T
1:74852971_A_C	1:74831837_T_G
1:74852971_A_C	1:74836154_T_G
1:74852971_A_C	1:74837300_A_G
1:74852971_A_C	1:74840665_G_A
1:74852971_A_C	1:74841190_G_C
1:74852971_A_C	1:74842496_G_A
1:74852971_A_C	1:74842504_T_TA
1:74852971_A_C	1:74843229_A_T
1:74852971_A_C	1:74845019_GCA_G
1:74852971_A_C	1:74861696_G_T
1:74852971_A_C	1:74864079_A_G
1:74852971_A_C	1:74872118_T_A
1:74852971_A_C	1:74873426_G_A
1:74852971_A_C	1:74878470_T_C
1:74852971_A_C	1:74881705_A_G
1:74852971_A_C	1:74883063_A_G
1:74852971_A_C	1:74884076_A_G
1:74852971_A_C	1:74884319_A_G
1:74852971_A_C	1:74886705_G_A
1:74852971_A_C	1:74890280_G_GA
1:74852971_A_C	1:74890921_G_T
1:74852971_A_C	1:74892717_T_G
1:74852971_A_C	1:74894354_C_T
1:74852971_A_C	1:74898246_T_A
1:74852971_A_C	1:74900212_A_C
1:74852971_A_C	1:74900566_T_G
1:74852971_A_C	1:74901440_A_G
1:74852971_A_C	1:74901829_A_C
1:74852971_A_C	1:74902244_A_G
1:74852971_A_C	1:74902741_A_G
1:74852971_A_C	1:74903164_A_T
1:74852971_A_C	1:74909757_G_A
1:74852971_A_C	1:74917731_A_G
1:74852971_A_C	1:74960050_A_G
1:74852971_A_C	1:76529194_G_GC
1:74852971_A_C	1:77910070_G_GTA
1:74852971_A_C	1:77945635_G_A
1:74852971_A_C	1:77945965_G_A
1:74852971_A_C	1:77947009_C_T
1:74852971_A_C	1:77948442_C_T
1:74852971_A_C	1:77958837_A_C
1:74852971_A_C	1:77966230_G_A
1:74852971_A_C	1:77967523_C_T
1:74852971_A_C	1:77971901_TTTGGTTGG_T
1:74852971_A_C	1:77971956_T_G
1:74852971_A_C	1:77974398_G_A
1:74852971_A_C	1:77976117_A_G
1:74852971_A_C	1:77981701_A_G
1:74852971_A_C	1:78377424_TTATA_T
1:74852971_A_C	1:78647115_G_GGA
1:74852971_A_C	1:78648779_C_T
1:74852971_A_C	1:78723778_C_A
1:74852971_A_C	1:78724011_C_G
1:74852971_A_C	1:78726040_T_G
1:74852971_A_C	1:78727741_C_T
1:74852971_A_C	1:78731867_C_T
1:74852971_A_C	1:78736793_C_T
1:74852971_A_C	1:78740026_G_A
1:74852971_A_C	1:78741345_C_A
1:74852971_A_C	1:78741403_G_T
1:74852971_A_C	1:78741491_T_G
1:74852971_A_C	1:78742020_G_A
1:74852971_A_C	1:78742024_C_T
1:74852971_A_C	1:78742026_G_GT
1:74852971_A_C	1:78742215_T_C
1:74852971_A_C	1:78742475_T_A
1:74852971_A_C	1:78743308_G_A
1:74852971_A_C	1:78743908_G_A
1:74852971_A_C	1:78744238_GCA_G
1:74852971_A_C	1:78744311_CT_C
1:74852971_A_C	1:78745272_T_A
1:74852971_A_C	1:78745329_TTG_T
1:74852971_A_C	1:78745563_C_T
1:74852971_A_C	1:78745854_A_G
1:74852971_A_C	1:78745906_A_AACT
1:74852971_A_C	1:78746402_G_A
1:74852971_A_C	1:78746537_C_G
1:74852971_A_C	1:78746584_C_G
1:74852971_A_C	1:78746897_G_A
1:74852971_A_C	1:78747219_A_G
1:74852971_A_C	1:78747540_T_C
1:74852971_A_C	1:78747904_T_G
1:74852971_A_C	1:78749156_T_A
1:74852971_A_C	1:78749374_C_T
1:74852971_A_C	1:78749926_G_A
1:74852971_A_C	1:78750334_T_C
1:74852971_A_C	1:78750523_G_A
1:74852971_A_C	1:78750836_A_G
1:74852971_A_C	1:78751128_T_C
1:74852971_A_C	1:78751358_A_G
1:74852971_A_C	1:78752348_C_G
1:74852971_A_C	1:78752617_TC_T
1:74852971_A_C	1:78753528_G_T
1:74852971_A_C	1:78754105_A_G
1:74852971_A_C	1:78754292_A_T
1:74852971_A_C	1:78756641_A_G
1:74852971_A_C	1:78757421_A_G
1:74852971_A_C	1:78758160_A_G
1:74852971_A_C	1:78759594_T_A
1:74852971_A_C	1:78762749_A_G
1:74852971_A_C	1:81919852_C_T
1:74852971_A_C	1:83881828_T_C
1:74852971_A_C	1:83883491_C_G
1:74852971_A_C	1:83885450_C_A
1:74852971_A_C	1:83887030_C_A
1:74852971_A_C	1:83887518_C_T
1:74852971_A_C	1:83888593_T_C
1:74852971_A_C	1:83888993_T_C
1:74852971_A_C	1:83890335_C_T
1:74852971_A_C	1:83891090_C_A
1:74852971_A_C	1:83891234_G_A
1:74852971_A_C	1:84026495_T_TTC
1:74852971_A_C	1:84027617_G_C
1:74852971_A_C	1:84030509_T_C
1:74852971_A_C	1:84040752_CACAA_C
4:30703243_A_C	4:24590516_T_TA
4:30703243_A_C	4:24593955_T_G
4:30703243_A_C	4:24600149_G_T
4:30703243_A_C	4:24611249_G_A
4:30703243_A_C	4:24622071_T_A
4:30703243_A_C	4:26964181_AGTGTGT_A
4:30703243_A_C	4:27104981_A_G
4:30703243_A_C	4:30406159_G_T
4:30703243_A_C	4:30406367_G_A
4:30703243_A_C	4:30409157_C_T
4:30703243_A_C	4:30416177_G_A
4:30703243_A_C	4:30417477_A_C
4:30703243_A_C	4:30424868_T_G
4:30703243_A_C	4:30478873_G_A
4:30703243_A_C	4:30479231_T_C
4:30703243_A_C	4:30479581_C_T
4:30703243_A_C	4:30479639_C_T
4:30703243_A_C	4:30501090_T_C
4:30703243_A_C	4:30501507_A_G
4:30703243_A_C	4:30501667_A_G
4:30703243_A_C	4:30502005_T_C
4:30703243_A_C	4:30502414_C_T
4:30703243_A_C	4:30503367_T_G
4:30703243_A_C	4:30507014_T_C
4:30703243_A_C	4:30510880_G_A
4:30703243_A_C	4:30512341_G_GT
4:30703243_A_C	4:30512991_A_ATA
4:30703243_A_C	4:30514097_C_T
4:30703243_A_C	4:30515405_T_G
4:30703243_A_C	4:30516819_G_A
4:30703243_A_C	4:30521321_A_G
4:30703243_A_C	4:30524028_A_G
4:30703243_A_C	4:30524108_G_A
4:30703243_A_C	4:30525736_A_G
4:30703243_A_C	4:30525932_T_C
4:30703243_A_C	4:30532801_A_T
4:30703243_A_C	4:30533058_C_A
4:30703243_A_C	4:30533460_C_T
4:30703243_A_C	4:30537684_T_G
4:30703243_A_C	4:30538231_CTG_C
4:30703243_A_C	4:30553990_T_TAAG
4:30703243_A_C	4:30556489_T_C
4:30703243_A_C	4:30559418_C_T
4:30703243_A_C	4:30559734_G_C
4:30703243_A_C	4:30559836_A_G
4:30703243_A_C	4:30560370_T_C
4:30703243_A_C	4:30560666_A_G
4:30703243_A_C	4:30561081_G_A
4:30703243_A_C	4:30561289_C_A
4:30703243_A_C	4:30562989_T_G
4:30703243_A_C	4:30563216_G_A
4:30703243_A_C	4:30563585_G_A
4:30703243_A_C	4:30564065_T_TC
4:30703243_A_C	4:30564356_C_T
4:30703243_A_C	4:30564463_A_G
4:30703243_A_C	4:30564793_C_T
4:30703243_A_C	4:30565225_A_G
4:30703243_A_C	4:30565678_A_C
4:30703243_A_C	4:30565943_C_T
4:30703243_A_C	4:30565990_A_T
4:30703243_A_C	4:30566015_G_A
4:30703243_A_C	4:30566030_A_T
4:30703243_A_C	4:30566217_G_A
4:30703243_A_C	4:30566311_A_G
4:30703243_A_C	4:30567163_CT_C
4:30703243_A_C	4:30568019_T_C
4:30703243_A_C	4:30568193_T_C
4:30703243_A_C	4:30568272_T_G
4:30703243_A_C	4:30568885_T_C
4:30703243_A_C	4:30569255_T_C
4:30703243_A_C	4:30569534_T_C
4:30703243_A_C	4:30570321_G_C
4:30703243_A_C	4:30570490_T_G
4:30703243_A_C	4:30570873_C_T
4:30703243_A_C	4:30571013_C_T
4:30703243_A_C	4:30571081_G_A
4:30703243_A_C	4:30572806_A_G
4:30703243_A_C	4:30572878_G_A
4:30703243_A_C	4:30574424_C_T
4:30703243_A_C	4:30574574_A_G
4:30703243_A_C	4:30574675_G_A
4:30703243_A_C	4:30575103_G_GA
4:30703243_A_C	4:30575343_T_C
4:30703243_A_C	4:30575803_T_C
4:30703243_A_C	4:30576282_C_A
4:30703243_A_C	4:30577159_T_C
4:30703243_A_C	4:30577871_G_C
4:30703243_A_C	4:30578151_T_C
4:30703243_A_C	4:30578217_CTAAG_C
4:30703243_A_C	4:30580541_A_G
4:30703243_A_C	4:30581094_A_T
4:30703243_A_C	4:30581422_T_A
4:30703243_A_C	4:30581788_G_C
4:30703243_A_C	4:30582043_A_G
4:30703243_A_C	4:30582108_A_G
4:30703243_A_C	4:30582284_G_A
4:30703243_A_C	4:30582337_G_A
4:30703243_A_C	4:30582444_C_A
4:30703243_A_C	4:30582482_T_A
4:30703243_A_C	4:30582765_T_C
4:30703243_A_C	4:30583290_A_G
4:30703243_A_C	4:30583523_G_A
4:30703243_A_C	4:30583732_A_C
4:30703243_A_C	4:30583788_T_G
4:30703243_A_C	4:30583933_T_G
4:30703243_A_C	4:30584567_A_G
4:30703243_A_C	4:30585650_G_A
4:30703243_A_C	4:30585813_T_C
4:30703243_A_C	4:30585957_T_G
4:30703243_A_C	4:30585994_G_A
4:30703243_A_C	4:30586082_A_G
4:30703243_A_C	4:30586425_T_A
4:30703243_A_C	4:30586447_A_G
4:30703243_A_C	4:30586747_C_T
4:30703243_A_C	4:30587642_A_G
4:30703243_A_C	4:30587789_T_C
4:30703243_A_C	4:30588739_T_C
4:30703243_A_C	4:30590301_T_A
4:30703243_A_C	4:30591853_A_G
4:30703243_A_C	4:30596021_T_C
4:30703243_A_C	4:30596921_C_T
4:30703243_A_C	4:30597133_T_C
4:30703243_A_C	4:30597620_A_G
4:30703243_A_C	4:30599335_A_AAATAGCCTGATGAT
4:30703243_A_C	4:30599339_A_ATTG
4:30703243_A_C	4:30601460_T_C
4:30703243_A_C	4:30601868_T_C
4:30703243_A_C	4:30602054_C_A
4:30703243_A_C	4:30602230_A_G
4:30703243_A_C	4:30602548_A_T
4:30703243_A_C	4:30604107_T_A
4:30703243_A_C	4:30604370_A_G
4:30703243_A_C	4:30604773_G_C
4:30703243_A_C	4:30605276_A_G
4:30703243_A_C	4:30605605_C_T
4:30703243_A_C	4:30605732_C_T
4:30703243_A_C	4:30607840_G_A
4:30703243_A_C	4:30608796_G_A
4:30703243_A_C	4:30608819_T_G
4:30703243_A_C	4:30608960_C_A
4:30703243_A_C	4:30609180_C_T
4:30703243_A_C	4:30609275_A_T
4:30703243_A_C	4:30609349_G_C
4:30703243_A_C	4:30609864_A_C
4:30703243_A_C	4:30610048_A_G
4:30703243_A_C	4:30610055_T_G
4:30703243_A_C	4:30610402_G_A
4:30703243_A_C	4:30610665_T_C
4:30703243_A_C	4:30610801_A_G
4:30703243_A_C	4:30611861_T_A
4:30703243_A_C	4:30612026_G_A
4:30703243_A_C	4:30613068_A_C
4:30703243_A_C	4:30613215_C_G
4:30703243_A_C	4:30613592_C_A
4:30703243_A_C	4:30613619_T_C
4:30703243_A_C	4:30613804_G_A
4:30703243_A_C	4:30613951_G_A
4:30703243_A_C	4:30614750_G_GA
4:30703243_A_C	4:30614848_G_A
4:30703243_A_C	4:30615758_GCAGGTCTTTCC_G
4:30703243_A_C	4:30616630_A_G
4:30703243_A_C	4:30616663_C_A
4:30703243_A_C	4:30617313_C_G
4:30703243_A_C	4:30619071_A_G
4:30703243_A_C	4:30619516_C_T
4:30703243_A_C	4:30624162_C_T
4:30703243_A_C	4:30625276_G_A
4:30703243_A_C	4:30625668_T_C
4:30703243_A_C	4:30626427_G_A
4:30703243_A_C	4:30627291_T_TTTGATTCCATA
4:30703243_A_C	4:30628059_G_T
4:30703243_A_C	4:30629329_C_G
4:30703243_A_C	4:30631517_G_T
4:30703243_A_C	4:30631705_C_A
4:30703243_A_C	4:30631962_A_T
4:30703243_A_C	4:30631966_A_T
4:30703243_A_C	4:30631992_A_T
4:30703243_A_C	4:30635951_A_G
4:30703243_A_C	4:30639765_A_C
4:30703243_A_C	4:30640272_C_T
4:30703243_A_C	4:30640809_A_T
4:30703243_A_C	4:30643978_C_T
4:30703243_A_C	4:30646033_T_C
4:30703243_A_C	4:30647182_T_C
4:30703243_A_C	4:30647595_C_A
4:30703243_A_C	4:30647914_A_AC
4:30703243_A_C	4:30648016_C_CA
4:30703243_A_C	4:30648969_T_C
4:30703243_A_C	4:30649819_C_T
4:30703243_A_C	4:30650665_A_G
4:30703243_A_C	4:30650860_G_A
4:30703243_A_C	4:30651890_T_C
4:30703243_A_C	4:30653206_A_C
4:30703243_A_C	4:30654322_A_T
4:30703243_A_C	4:30655988_C_A
4:30703243_A_C	4:30656561_A_G
4:30703243_A_C	4:30657827_CT_C
4:30703243_A_C	4:30657903_G_A
4:30703243_A_C	4:30661272_T_C
4:30703243_A_C	4:30661791_T_G
4:30703243_A_C	4:30662865_A_C
4:30703243_A_C	4:30662947_C_T
4:30703243_A_C	4:30663629_C_G
4:30703243_A_C	4:30664027_CCTG_C
4:30703243_A_C	4:30664741_A_T
4:30703243_A_C	4:30665334_C_T
4:30703243_A_C	4:30665908_G_A
4:30703243_A_C	4:30666011_T_C
4:30703243_A_C	4:30666087_G_T
4:30703243_A_C	4:30666442_T_C
4:30703243_A_C	4:30667059_A_T
4:30703243_A_C	4:30667298_T_A
4:30703243_A_C	4:30668535_G_T
4:30703243_A_C	4:30669328_T_C
4:30703243_A_C	4:30670364_A_G
4:30703243_A_C	4:30676279_A_G
4:30703243_A_C	4:30676425_C_T
4:30703243_A_C	4:30680945_T_C
4:30703243_A_C	4:30683714_C_T
4:30703243_A_C	4:30686073_G_A
4:30703243_A_C	4:30686894_T_G
4:30703243_A_C	4:30693576_C_T
4:30703243_A_C	4:30695801_G_C
4:30703243_A_C	4:30699946_A_G
4:30703243_A_C	4:30702250_G_T
4:30703243_A_C	4:30707999_T_A
4:30703243_A_C	4:30715241_G_A
4:30703243_A_C	4:30727233_C_A
4:30703243_A_C	4:30728507_C_T
4:30703243_A_C	4:30733512_T_C
4:30703243_A_C	4:30735691_T_TA
4:30703243_A_C	4:30736724_T_C
4:30703243_A_C	4:30737146_C_T
4:30703243_A_C	4:30738161_T_A
4:30703243_A_C	4:30740055_A_G
4:30703243_A_C	4:30740596_C_T
4:30703243_A_C	4:30741501_T_C
4:30703243_A_C	4:30742396_C_T
4:30703243_A_C	4:30743047_G_A
4:30703243_A_C	4:30743161_A_G
4:30703243_A_C	4:30744284_G_A
4:30703243_A_C	4:30745048_G_A
4:30703243_A_C	4:30745244_T_TG
4:30703243_A_C	4:30746465_T_C
4:30703243_A_C	4:30746870_GTT_G
4:30703243_A_C	4:30748151_C_T
4:30703243_A_C	4:30748545_C_T
4:30703243_A_C	4:30749654_A_G
4:30703243_A_C	4:30750689_G_C
4:30703243_A_C	4:30750719_C_T
4:30703243_A_C	4:30751032_A_G
4:30703243_A_C	4:30751457_T_C
4:30703243_A_C	4:30751568_C_T
4:30703243_A_C	4:30751596_G_A
4:30703243_A_C	4:30752599_G_GA
4:30703243_A_C	4:30754634_A_T
4:30703243_A_C	4:30754712_T_A
4:30703243_A_C	4:30755382_A_G
4:30703243_A_C	4:30758118_G_A
4:30703243_A_C	4:30759567_C_CAG
4:30703243_A_C	4:30760780_T_A
4:30703243_A_C	4:30761529_G_A
4:30703243_A_C	4:30762002_C_A
4:30703243_A_C	4:30762472_A_G
4:30703243_A_C	4:30762911_T_G
4:30703243_A_C	4:30762996_T_C
4:30703243_A_C	4:30763915_C_T
4:30703243_A_C	4:30765027_C_G
4:30703243_A_C	4:30766996_G_A
4:30703243_A_C	4:30767735_G_GA
4:30703243_A_C	4:30768136_C_A
4:30703243_A_C	4:30768985_A_T
4:30703243_A_C	4:30769797_T_A
4:30703243_A_C	4:30772484_A_G
4:30703243_A_C	4:30779420_T_C
4:30703243_A_C	4:30779907_T_C
4:30703243_A_C	4:30781968_A_T
4:30703243_A_C	4:30783295_T_A
4:30703243_A_C	4:30791890_G_A
4:30703243_A_C	4:30795165_G_A
4:30703243_A_C	4:30796107_T_C
4:30703243_A_C	4:30816107_T_C
4:30703243_A_C	4:30827404_AT_A
4:30703243_A_C	4:30831063_C_T
4:30703243_A_C	4:30831621_A_G
4:30703243_A_C	4:30832056_G_A
4:30703243_A_C	4:30832161_C_T
4:30703243_A_C	4:30832497_A_G
4:30703243_A_C	4:30832836_G_A
4:30703243_A_C	4:30837143_C_T
4:30703243_A_C	4:30839793_A_G
4:30703243_A_C	4:30842780_A_G
4:30703243_A_C	4:30843656_G_A
4:30703243_A_C	4:30854560_T_C
4:30703243_A_C	4:31002442_C_T
4:30703243_A_C	4:31003636_T_G
4:30703243_A_C	4:31004948_T_G
4:30703243_A_C	4:31005151_G_A
4:30703243_A_C	4:31005966_A_G
4:30703243_A_C	4:31006605_G_A
4:30703243_A_C	4:31008560_A_AT
4:30703243_A_C	4:31012310_C_T
4:30703243_A_C	4:31015214_T_TACAC
4:30703243_A_C	4:31016990_G_A
4:30703243_A_C	4:31017134_A_G
4:30703243_A_C	4:31017465_T_G
4:30703243_A_C	4:31017642_C_T
4:30703243_A_C	4:31019816_G_A
4:30703243_A_C	4:31022365_A_G
4:30703243_A_C	4:31023610_C_A
4:30703243_A_C	4:31028190_A_G
4:30703243_A_C	4:32463641_G_A
4:30703243_A_C	4:38293011_G_A
4:30703243_A_C	4:38293730_C_T
4:30703243_A_C	4:38736246_T_A
4:30703243_A_C	4:38736272_A_G
4:30703243_A_C	4:38737915_ACTCCTC_A
4:30703243_A_C	4:38738729_A_G
4:30703243_A_C	4:38741994_G_A
4:30703243_A_C	4:38743523_C_G
4:30703243_A_C	4:38743636_A_G
4:30703243_A_C	4:38743868_G_A
4:30703243_A_C	4:38744046_A_G
4:30703243_A_C	4:38744100_G_T
4:30703243_A_C	4:38744221_A_AG
4:30703243_A_C	4:38744505_A_C
4:30703243_A_C	4:38744705_T_A
4:30703243_A_C	4:38744802_G_A
4:30703243_A_C	4:38745187_G_A
4:30703243_A_C	4:38745979_T_C
15:75514313_T_G	15:65761391_G_GC
15:75514313_T_G	15:67221259_AGAAG_A
15:75514313_T_G	15:69618748_G_A
15:75514313_T_G	15:70674658_A_G
15:75514313_T_G	15:74817689_A_G
15:75514313_T_G	15:74890981_G_C
15:75514313_T_G	15:74976962_GA_G
15:75514313_T_G	15:75031198_G_C
15:75514313_T_G	15:75031927_G_A
15:75514313_T_G	15:75032142_A_T
15:75514313_T_G	15:75032155_G_A
15:75514313_T_G	15:75032447_C_T
15:75514313_T_G	15:75032491_G_A
15:75514313_T_G	15:75032876_C_T
15:75514313_T_G	15:75034176_G_T
15:75514313_T_G	15:75034633_A_G
15:75514313_T_G	15:75034989_C_T
15:75514313_T_G	15:75035123_G_A
15:75514313_T_G	15:75035384_A_G
15:75514313_T_G	15:75035615_A_G
15:75514313_T_G	15:75036029_A_G
15:75514313_T_G	15:75037237_T_C
15:75514313_T_G	15:75037720_C_T
15:75514313_T_G	15:75038482_G_T
15:75514313_T_G	15:75038967_G_A
15:75514313_T_G	15:75039233_T_C
15:75514313_T_G	15:75040276_A_G
15:75514313_T_G	15:75040372_T_C
15:75514313_T_G	15:75045692_T_C
15:75514313_T_G	15:75046677_G_T
15:75514313_T_G	15:75047600_A_G
15:75514313_T_G	15:75048753_C_G
15:75514313_T_G	15:75051008_A_G
15:75514313_T_G	15:75051702_T_A
15:75514313_T_G	15:75052543_C_CGCCTCG
15:75514313_T_G	15:75052816_T_C
15:75514313_T_G	15:75052927_A_G
15:75514313_T_G	15:75053010_T_C
15:75514313_T_G	15:75053322_AT_A
15:75514313_T_G	15:75053432_G_C
15:75514313_T_G	15:75053442_T_C
15:75514313_T_G	15:75056358_G_A
15:75514313_T_G	15:75056881_C_T
15:75514313_T_G	15:75058730_C_T
15:75514313_T_G	15:75059407_A_G
15:75514313_T_G	15:75059546_G_A
15:75514313_T_G	15:75060659_C_T
15:75514313_T_G	15:75061317_C_T
15:75514313_T_G	15:75061318_G_C
15:75514313_T_G	15:75062167_T_C
15:75514313_T_G	15:75063202_G_A
15:75514313_T_G	15:75063564_A_G
15:75514313_T_G	15:75064992_G_A
15:75514313_T_G	15:75066296_T_C
15:75514313_T_G	15:75067747_T_C
15:75514313_T_G	15:75069418_C_T
15:75514313_T_G	15:75069435_T_C
15:75514313_T_G	15:75070092_A_G
15:75514313_T_G	15:75070235_T_C
15:75514313_T_G	15:75071019_A_G
15:75514313_T_G	15:75071176_C_T
15:75514313_T_G	15:75071830_C_G
15:75514313_T_G	15:75071897_TTTTTGTTTTG_T
15:75514313_T_G	15:75071950_T_C
15:75514313_T_G	15:75072026_T_C
15:75514313_T_G	15:75076320_C_A
15:75514313_T_G	15:75077326_G_A
15:75514313_T_G	15:75084435_C_A
15:75514313_T_G	15:75085728_GCCTCCTC_G
15:75514313_T_G	15:75085814_C_T
15:75514313_T_G	15:75086601_G_A
15:75514313_T_G	15:75222225_C_T
15:75514313_T_G	15:75224810_T_A
15:75514313_T_G	15:75242402_C_T
15:75514313_T_G	15:75260387_G_A
15:75514313_T_G	15:75396809_C_T
15:75514313_T_G	15:75397056_C_T
15:75514313_T_G	15:75473227_G_T
15:75514313_T_G	15:75475438_C_T
15:75514313_T_G	15:75483752_A_G
15:75514313_T_G	15:75485373_C_G
15:75514313_T_G	15:75492307_C_T
15:75514313_T_G	15:75545862_TA_T
15:75514313_T_G	15:75547470_TC_T
15:75514313_T_G	15:75590136_C_T
15:75514313_T_G	15:75596353_C_T
15:75514313_T_G	15:75601921_T_G
15:75514313_T_G	15:75602210_C_T
15:75514313_T_G	15:75602521_C_T
15:75514313_T_G	15:75602580_C_T
15:75514313_T_G	15:75602878_AAAT_A
15:75514313_T_G	15:75604159_T_C
15:75514313_T_G	15:75604259_G_A
15:75514313_T_G	15:75604415_G_C
15:75514313_T_G	15:75606340_A_G
15:75514313_T_G	15:75607592_A_G
15:75514313_T_G	15:75607936_A_G
15:75514313_T_G	15:75607967_G_A
15:75514313_T_G	15:75608382_A_AT
15:75514313_T_G	15:75608832_C_T
15:75514313_T_G	15:75609030_A_C
15:75514313_T_G	15:75609714_TTTTTG_T
15:75514313_T_G	15:75610612_G_GGAC
15:75514313_T_G	15:75610955_C_T
15:75514313_T_G	15:75611650_A_G
15:75514313_T_G	15:75611831_C_T
15:75514313_T_G	15:75612287_C_G
15:75514313_T_G	15:75612759_G_C
15:75514313_T_G	15:75613092_C_T
15:75514313_T_G	15:75613289_A_C
15:75514313_T_G	15:75614965_CGGCGGCGCGGTCCTGGGTGGCG_C
15:75514313_T_G	15:75615822_ATT_A
15:75514313_T_G	15:75616162_T_C
15:75514313_T_G	15:75617285_TC_T
15:75514313_T_G	15:75618149_TA_T
15:75514313_T_G	15:75618157_C_A
15:75514313_T_G	15:75618414_G_A
15:75514313_T_G	15:75618535_A_T
15:75514313_T_G	15:75619003_C_A
15:75514313_T_G	15:75619201_C_T
15:75514313_T_G	15:75620810_G_A
15:75514313_T_G	15:75622943_G_A
15:75514313_T_G	15:75623664_G_A
15:75514313_T_G	15:75627638_C_G
15:75514313_T_G	15:75630130_T_TA
15:75514313_T_G	15:75630562_C_T
15:75514313_T_G	15:75630635_A_T
15:75514313_T_G	15:75636490_G_A
15:75514313_T_G	15:75640423_C_T
15:75514313_T_G	15:75643714_T_C
15:75514313_T_G	15:75655765_G_GT
15:75514313_T_G	15:75660662_C_T
15:75514313_T_G	15:75666562_C_T
15:75514313_T_G	15:75670512_A_G
15:75514313_T_G	15:75674896_C_A
15:75514313_T_G	15:75677863_T_A
15:75514313_T_G	15:75690674_C_T
15:75514313_T_G	15:75694998_C_T
15:75514313_T_G	15:75696877_G_A
15:75514313_T_G	15:75699049_A_G
15:75514313_T_G	15:75701408_G_A
15:75514313_T_G	15:75702754_C_T
15:75514313_T_G	15:75705888_GT_G
15:75514313_T_G	15:75720076_C_G
15:75514313_T_G	15:75720338_A_G
15:75514313_T_G	15:75721148_G_A
15:75514313_T_G	15:75731908_G_T
15:75514313_T_G	15:75732321_G_A
15:75514313_T_G	15:75734154_T_A
15:75514313_T_G	15:75750425_T_C
15:75514313_T_G	15:75751761_G_A
15:75514313_T_G	15:75757068_C_A
15:75514313_T_G	15:75757506_G_A
15:75514313_T_G	15:75775168_C_T
15:75514313_T_G	15:75778452_A_T
15:75514313_T_G	15:75788479_CA_C
15:75514313_T_G	15:75790127_G_A
15:75514313_T_G	15:75799803_A_G
15:75514313_T_G	15:75800427_C_T
15:75514313_T_G	15:75806180_C_G
15:75514313_T_G	15:75814893_C_T
15:75514313_T_G	15:75820870_T_C
15:75514313_T_G	15:75832107_G_A
15:75514313_T_G	15:75833074_G_A
15:75514313_T_G	15:75839666_A_T
15:75514313_T_G	15:75846750_G_T
15:75514313_T_G	15:75849743_T_C
15:75514313_T_G	15:75849765_C_CA
15:75514313_T_G	15:75851698_G_A
15:75514313_T_G	15:75857669_A_G
15:75514313_T_G	15:75859896_A_G
15:75514313_T_G	15:75861015_G_GA
15:75514313_T_G	15:75870715_G_A
15:75514313_T_G	15:75873072_G_A
15:75514313_T_G	15:75873318_ATTTTTTT_A
15:75514313_T_G	15:75874686_G_A
15:75514313_T_G	15:75877314_A_G
15:75514313_T_G	15:75882421_G_GA
15:75514313_T_G	15:75885520_T_G
15:75514313_T_G	15:75886327_T_A
15:75514313_T_G	15:75887405_A_G
15:75514313_T_G	15:75888716_G_C
15:75514313_T_G	15:75890612_G_A
15:75514313_T_G	15:75890689_G_T
15:75514313_T_G	15:75892249_C_T
15:75514313_T_G	15:75894226_C_CT
15:75514313_T_G	15:75894446_G_A
15:75514313_T_G	15:75895578_C_T
15:75514313_T_G	15:75895906_G_A
15:75514313_T_G	15:75897001_A_G
15:75514313_T_G	15:75897143_TGTG_T
15:75514313_T_G	15:75898010_G_A
15:75514313_T_G	15:75898596_G_T
15:75514313_T_G	15:75898977_G_A
15:75514313_T_G	15:75898996_A_T
15:75514313_T_G	15:75900377_G_C
15:75514313_T_G	15:75901623_T_C
15:75514313_T_G	15:75901626_G_A
15:75514313_T_G	15:75901675_T_C
15:75514313_T_G	15:75902469_G_T
15:75514313_T_G	15:75903122_G_A
15:75514313_T_G	15:75903248_C_T
15:75514313_T_G	15:75903695_G_A
15:75514313_T_G	15:75905678_C_T
15:75514313_T_G	15:75905752_G_A
15:75514313_T_G	15:75906826_G_C
15:75514313_T_G	15:75912934_G_A
15:75514313_T_G	15:75913430_C_T
15:75514313_T_G	15:75914749_A_T
15:75514313_T_G	15:75916965_G_A
15:75514313_T_G	15:75917956_G_A
15:75514313_T_G	15:75918072_G_A
15:75514313_T_G	15:75918298_C_CA
15:75514313_T_G	15:75921079_C_T
15:75514313_T_G	15:75921128_C_T
15:75514313_T_G	15:75923379_T_G
15:75514313_T_G	15:75924537_A_G
15:75514313_T_G	15:75924978_T_G
15:75514313_T_G	15:75926009_T_C
15:75514313_T_G	15:75928075_A_G
15:75514313_T_G	15:75930185_T_G
15:75514313_T_G	15:75933775_G_GAT
15:75514313_T_G	15:75933931_A_G
15:75514313_T_G	15:75935956_GA_G
15:75514313_T_G	15:75937273_C_A
15:75514313_T_G	15:75937669_C_T
15:75514313_T_G	15:75937795_C_CT
15:75514313_T_G	15:76394663_A_G
15:75514313_T_G	15:76542619_C_T
15:75514313_T_G	15:76611439_G_A
15:75514313_T_G	15:76777614_T_G
15:75514313_T_G	15:76830867_T_C
15:75514313_T_G	15:77006332_C_T
15:75514313_T_G	15:77136612_GA_G
15:75514313_T_G	15:77385007_G_A
15:75514313_T_G	15:77436625_T_C
15:75514313_T_G	15:77646876_TC_T
15:75514313_T_G	15:77851535_G_A
15:75514313_T_G	15:77853866_A_G
15:75514313_T_G	15:77872052_C_T
15:75514313_T_G	15:77877795_A_G
15:75514313_T_G	15:77880006_G_A
15:75514313_T_G	15:77885509_T_A
15:75514313_T_G	15:77886864_G_A
15:75514313_T_G	15:77889107_G_A
15:75514313_T_G	15:77889172_C_T
15:75514313_T_G	15:77889192_A_G
15:75514313_T_G	15:77891940_C_T
15:75514313_T_G	15:77895482_G_A
15:75514313_T_G	15:77896237_A_G
15:75514313_T_G	15:77896340_A_ATGTGTGTG
15:75514313_T_G	15:77897197_C_T
15:75514313_T_G	15:77897247_G_A
15:75514313_T_G	15:77897346_T_C
15:75514313_T_G	15:77897814_A_G
15:75514313_T_G	15:77898203_C_T
15:75514313_T_G	15:77898384_T_A
15:75514313_T_G	15:77898472_TG_T
15:75514313_T_G	15:77903077_C_T
15:75514313_T_G	15:77904440_C_A
15:75514313_T_G	15:77905024_G_A
15:75514313_T_G	15:77906204_T_C
15:75514313_T_G	15:77919840_C_T
15:75514313_T_G	15:83223774_C_T
15:75514313_T_G	15:84336494_A_G
1:155184704_C_T	1:150170113_G_T
1:155184704_C_T	1:151576170_T_A
1:155184704_C_T	1:151742333_G_A
1:155184704_C_T	1:151745545_GTCTC_G
1:155184704_C_T	1:151757798_C_T
1:155184704_C_T	1:151759223_T_A
1:155184704_C_T	1:151760131_T_C
1:155184704_C_T	1:151760792_A_G
1:155184704_C_T	1:151763246_G_A
1:155184704_C_T	1:151763815_C_T
1:155184704_C_T	1:151764049_A_G
1:155184704_C_T	1:151765815_C_G
1:155184704_C_T	1:151766490_C_T
1:155184704_C_T	1:151766588_A_G
1:155184704_C_T	1:151766851_T_A
1:155184704_C_T	1:153019258_A_G
1:155184704_C_T	1:154326366_C_T
1:155184704_C_T	1:154907129_T_G
1:155184704_C_T	1:154944742_TC_T
1:155184704_C_T	1:155034632_C_G
1:155184704_C_T	1:155040654_C_T
1:155184704_C_T	1:155043400_T_TG
1:155184704_C_T	1:155045004_T_C
1:155184704_C_T	1:155046903_A_G
1:155184704_C_T	1:155048369_A_G
1:155184704_C_T	1:155122335_C_T
1:155184704_C_T	1:155129402_G_A
1:155184704_C_T	1:155151754_A_T
1:155184704_C_T	1:155155389_G_GTT
1:155184704_C_T	1:155155608_A_G
1:155184704_C_T	1:155155731_G_A
1:155184704_C_T	1:155157635_G_A
1:155184704_C_T	1:155157715_A_G
1:155184704_C_T	1:155161168_C_G
1:155184704_C_T	1:155164480_C_A
1:155184704_C_T	1:155168849_C_T
1:155184704_C_T	1:155168930_G_A
1:155184704_C_T	1:155169200_CA_C
1:155184704_C_T	1:155169355_G_T
1:155184704_C_T	1:155172379_G_A
1:155184704_C_T	1:155174106_C_T
1:155184704_C_T	1:155175390_A_G
1:155184704_C_T	1:155175892_A_G
1:155184704_C_T	1:155181843_G_T
1:155184704_C_T	1:155182164_C_T
1:155184704_C_T	1:155184975_A_G
1:155184704_C_T	1:155186729_T_C
1:155184704_C_T	1:155190254_T_A
1:155184704_C_T	1:155193532_C_G
1:155184704_C_T	1:155194140_CAT_C
1:155184704_C_T	1:155195071_ATTAT_A
1:155184704_C_T	1:155195215_C_G
1:155184704_C_T	1:155196717_A_G
1:155184704_C_T	1:155197268_T_C
1:155184704_C_T	1:155197462_C_T
1:155184704_C_T	1:155197602_G_C
1:155184704_C_T	1:155198342_CAAAAA_C
1:155184704_C_T	1:155198347_AAAAAT_A
1:155184704_C_T	1:155198771_A_G
1:155184704_C_T	1:155199315_C_G
1:155184704_C_T	1:155199666_T_C
1:155184704_C_T	1:155199690_TA_T
1:155184704_C_T	1:155200324_G_T
1:155184704_C_T	1:155201064_C_T
1:155184704_C_T	1:155201190_G_A
1:155184704_C_T	1:155201235_G_A
1:155184704_C_T	1:155201993_A_G
1:155184704_C_T	1:155202689_A_C
1:155184704_C_T	1:155205331_T_C
1:155184704_C_T	1:155206822_AT_A
1:155184704_C_T	1:155207549_T_C
1:155184704_C_T	1:155207626_G_A
1:155184704_C_T	1:155209360_C_T
1:155184704_C_T	1:155212100_A_G
1:155184704_C_T	1:155212211_A_G
1:155184704_C_T	1:155212288_C_T
1:155184704_C_T	1:155213124_T_A
1:155184704_C_T	1:155214066_C_T
1:155184704_C_T	1:155214473_A_G
1:155184704_C_T	1:155217436_G_A
1:155184704_C_T	1:155217437_G_T
1:155184704_C_T	1:155217438_A_T
1:155184704_C_T	1:155218168_T_C
1:155184704_C_T	1:155218365_T_C
1:155184704_C_T	1:155218446_A_G
1:155184704_C_T	1:155218678_C_G
1:155184704_C_T	1:155219207_A_T
1:155184704_C_T	1:155219625_C_A
1:155184704_C_T	1:155219868_C_A
1:155184704_C_T	1:155222001_CT_C
1:155184704_C_T	1:155222177_C_T
1:155184704_C_T	1:155222472_A_T
1:155184704_C_T	1:155222729_T_C
1:155184704_C_T	1:155222730_G_A
1:155184704_C_T	1:155223007_T_A
1:155184704_C_T	1:155224091_C_A
1:155184704_C_T	1:155224301_C_A
1:155184704_C_T	1:155227642_AT_A
1:155184704_C_T	1:155227802_AT_A
1:155184704_C_T	1:155228046_A_G
1:155184704_C_T	1:155229222_G_A
1:155184704_C_T	1:155229766_T_C
1:155184704_C_T	1:155229915_G_T
1:155184704_C_T	1:155230705_GT_G
1:155184704_C_T	1:155231545_T_G
1:155184704_C_T	1:155232074_C_T
1:155184704_C_T	1:155234821_A_G
1:155184704_C_T	1:155235493_T_C
1:155184704_C_T	1:155235956_T_TA
1:155184704_C_T	1:155239994_CA_C
1:155184704_C_T	1:155240077_G_A
1:155184704_C_T	1:155240371_A_AC
1:155184704_C_T	1:155241103_A_G
1:155184704_C_T	1:155241361_G_A
1:155184704_C_T	1:155241807_G_GT
1:155184704_C_T	1:155241825_G_A
1:155184704_C_T	1:155244092_C_T
1:155184704_C_T	1:155244683_G_C
1:155184704_C_T	1:155245318_A_G
1:155184704_C_T	1:155247707_G_T
1:155184704_C_T	1:155248113_A_T
1:155184704_C_T	1:155248575_G_A
1:155184704_C_T	1:155249698_G_T
1:155184704_C_T	1:155250055_T_TTTTA
1:155184704_C_T	1:155250691_A_T
1:155184704_C_T	1:155252833_G_A
1:155184704_C_T	1:155253308_C_T
1:155184704_C_T	1:155253583_G_A
1:155184704_C_T	1:155255837_T_C
1:155184704_C_T	1:155255906_G_C
1:155184704_C_T	1:155256082_A_G
1:155184704_C_T	1:155256231_A_C
1:155184704_C_T	1:155257492_C_G
1:155184704_C_T	1:155258752_G_A
1:155184704_C_T	1:155258756_C_T
1:155184704_C_T	1:155259323_C_T
1:155184704_C_T	1:155260096_G_A
1:155184704_C_T	1:155260350_A_G
1:155184704_C_T	1:155260383_G_T
1:155184704_C_T	1:155265177_A_G
1:155184704_C_T	1:155266335_C_T
1:155184704_C_T	1:155268120_T_C
1:155184704_C_T	1:155268425_C_T
1:155184704_C_T	1:155268958_C_T
1:155184704_C_T	1:155269776_A_G
1:155184704_C_T	1:155272274_C_T
1:155184704_C_T	1:155274960_G_C
1:155184704_C_T	1:155275553_C_T
1:155184704_C_T	1:155275727_C_T
1:155184704_C_T	1:155277963_C_T
1:155184704_C_T	1:155279482_T_G
1:155184704_C_T	1:155280104_C_CT
1:155184704_C_T	1:155280164_T_C
1:155184704_C_T	1:155283979_A_AT
1:155184704_C_T	1:155284261_C_T
1:155184704_C_T	1:155284586_T_A
1:155184704_C_T	1:155285854_T_C
1:155184704_C_T	1:155286171_A_AG
1:155184704_C_T	1:155289545_T_G
1:155184704_C_T	1:155304327_T_G
1:155184704_C_T	1:155304581_C_A
1:155184704_C_T	1:155315615_C_T
1:155184704_C_T	1:155319668_C_T
1:155184704_C_T	1:155321549_G_A
1:155184704_C_T	1:155321678_A_T
1:155184704_C_T	1:155322142_G_A
1:155184704_C_T	1:155328396_G_A
1:155184704_C_T	1:155332994_G_A
1:155184704_C_T	1:155334536_G_A
1:155184704_C_T	1:155335411_A_T
1:155184704_C_T	1:155345043_A_G
1:155184704_C_T	1:155345589_CA_C
1:155184704_C_T	1:155346742_A_G
1:155184704_C_T	1:155356364_T_C
1:155184704_C_T	1:155357609_G_A
1:155184704_C_T	1:155358506_CT_C
1:155184704_C_T	1:155358612_G_A
1:155184704_C_T	1:155358982_A_G
1:155184704_C_T	1:155359450_C_T
1:155184704_C_T	1:155359830_T_C
1:155184704_C_T	1:155360003_TATAA_T
1:155184704_C_T	1:155360578_G_A
1:155184704_C_T	1:155368203_C_A
1:155184704_C_T	1:155369302_C_T
1:155184704_C_T	1:155371447_T_C
1:155184704_C_T	1:155380346_T_TG
1:155184704_C_T	1:155382426_T_C
1:155184704_C_T	1:155385917_AATTTT_A
1:155184704_C_T	1:155389688_C_T
1:155184704_C_T	1:155395685_G_GT
1:155184704_C_T	1:155398134_AG_A
1:155184704_C_T	1:155398233_C_CA
1:155184704_C_T	1:155401161_G_T
1:155184704_C_T	1:155401260_T_C
1:155184704_C_T	1:155407096_C_T
1:155184704_C_T	1:155412037_C_T
1:155184704_C_T	1:155412930_A_G
1:155184704_C_T	1:155414729_T_C
1:155184704_C_T	1:155414768_C_T
1:155184704_C_T	1:155415181_G_A
1:155184704_C_T	1:155421512_A_C
1:155184704_C_T	1:155424065_T_C
1:155184704_C_T	1:155425261_AAT_A
1:155184704_C_T	1:155427688_G_A
1:155184704_C_T	1:155428476_C_A
1:155184704_C_T	1:155429490_A_T
1:155184704_C_T	1:155429725_A_C
1:155184704_C_T	1:155430659_G_A
1:155184704_C_T	1:155431171_CGTT_C
1:155184704_C_T	1:155431593_G_GT
1:155184704_C_T	1:155433942_T_C
1:155184704_C_T	1:155437669_C_T
1:155184704_C_T	1:155439062_T_C
1:155184704_C_T	1:155445842_T_G
1:155184704_C_T	1:155459050_T_C
1:155184704_C_T	1:155462867_C_T
1:155184704_C_T	1:155466784_C_G
1:155184704_C_T	1:155468732_A_C
1:155184704_C_T	1:155472338_C_T
1:155184704_C_T	1:155473356_C_T
1:155184704_C_T	1:155477053_A_G
1:155184704_C_T	1:155478897_T_C
1:155184704_C_T	1:155483920_G_A
1:155184704_C_T	1:155499142_CT_C
1:155184704_C_T	1:155501014_T_C
1:155184704_C_T	1:155505967_G_A
1:155184704_C_T	1:155507543_T_A
1:155184704_C_T	1:155508882_G_A
1:155184704_C_T	1:155509107_C_T
1:155184704_C_T	1:155509242_A_ATG
1:155184704_C_T	1:155515577_T_C
1:155184704_C_T	1:155519818_CT_C
1:155184704_C_T	1:155520144_T_C
1:155184704_C_T	1:155521234_G_A
1:155184704_C_T	1:155521279_G_A
1:155184704_C_T	1:155522572_T_C
1:155184704_C_T	1:155525712_TG_T
1:155184704_C_T	1:155527013_T_G
1:155184704_C_T	1:155527235_T_G
1:155184704_C_T	1:155529325_C_CA
1:155184704_C_T	1:155531056_A_G
1:155184704_C_T	1:155536437_A_G
1:155184704_C_T	1:155538579_A_G
1:155184704_C_T	1:155538618_TTTTTTC_T
1:155184704_C_T	1:155540660_T_G
1:155184704_C_T	1:155542942_A_G
1:155184704_C_T	1:155544256_T_C
1:155184704_C_T	1:155545346_C_T
1:155184704_C_T	1:155549120_A_G
1:155184704_C_T	1:155552484_C_T
1:155184704_C_T	1:155554707_TTTTG_T
1:155184704_C_T	1:155558665_G_T
1:155184704_C_T	1:155559170_G_T
1:155184704_C_T	1:155562367_T_C
1:155184704_C_T	1:155562583_T_C
1:155184704_C_T	1:155563152_C_A
1:155184704_C_T	1:155564967_GT_G
1:155184704_C_T	1:155571609_A_G
1:155184704_C_T	1:155574471_C_A
1:155184704_C_T	1:155578049_C_G
1:155184704_C_T	1:155581311_T_C
1:155184704_C_T	1:155586444_T_G
1:155184704_C_T	1:155589792_G_T
1:155184704_C_T	1:155606224_G_A
1:155184704_C_T	1:155606929_C_T
1:155184704_C_T	1:155610999_G_A
1:155184704_C_T	1:155611485_G_C
1:155184704_C_T	1:155611847_G_T
1:155184704_C_T	1:155612197_G_T
1:155184704_C_T	1:155614245_C_T
1:155184704_C_T	1:155614499_C_T
1:155184704_C_T	1:155614815_A_C
1:155184704_C_T	1:155616555_A_T
1:155184704_C_T	1:155618630_G_A
1:155184704_C_T	1:155624944_G_A
1:155184704_C_T	1:155625602_G_T
1:155184704_C_T	1:155630752_A_G
1:155184704_C_T	1:155632332_A_AC
1:155184704_C_T	1:155633307_T_C
1:155184704_C_T	1:155634957_T_C
1:155184704_C_T	1:155635921_A_AT
1:155184704_C_T	1:155640466_CT_C
1:155184704_C_T	1:155643403_C_T
1:155184704_C_T	1:155643718_C_T
1:155184704_C_T	1:155643922_A_G
1:155184704_C_T	1:155649827_G_C
1:155184704_C_T	1:155652081_T_A
1:155184704_C_T	1:155652398_T_C
1:155184704_C_T	1:155653553_T_TA
1:155184704_C_T	1:155656793_C_T
1:155184704_C_T	1:155658940_T_G
1:155184704_C_T	1:155663326_C_T
1:155184704_C_T	1:155667102_G_A
1:155184704_C_T	1:155671298_C_T
1:155184704_C_T	1:155671678_T_G
1:155184704_C_T	1:155680449_T_C
1:155184704_C_T	1:155681374_G_GT
1:155184704_C_T	1:155699762_T_G
1:155184704_C_T	1:155738044_A_G
1:155184704_C_T	1:155811448_G_A
1:155184704_C_T	1:155824181_T_C
1:155184704_C_T	1:155846080_A_G
1:155184704_C_T	1:155869435_T_TA
1:155184704_C_T	1:155872490_GA_G
1:155184704_C_T	1:155873314_T_C
1:155184704_C_T	1:155877769_T_C
1:155184704_C_T	1:155877895_A_C
1:155184704_C_T	1:155878732_A_G
1:155184704_C_T	1:155880952_G_A
1:155184704_C_T	1:155890238_T_A
1:155184704_C_T	1:155890581_G_A
1:155184704_C_T	1:155891045_A_C
1:155184704_C_T	1:155899020_A_T
1:155184704_C_T	1:155902180_TGA_T
1:155184704_C_T	1:155903408_C_T
1:155184704_C_T	1:155907823_T_A
1:155184704_C_T	1:155908910_T_C
1:155184704_C_T	1:155908930_G_A
1:155184704_C_T	1:155931368_G_A
1:155184704_C_T	1:155997274_CTATT_C
1:155184704_C_T	1:156015912_T_C
1:155184704_C_T	1:156016006_C_T
1:155184704_C_T	1:156016035_T_C
1:155184704_C_T	1:156519390_A_G
1:155184704_C_T	1:156520320_C_T
1:155184704_C_T	1:156520953_A_G
1:155184704_C_T	1:156521105_G_A
1:155184704_C_T	1:156524221_G_T
1:155184704_C_T	1:156526564_C_A
1:155184704_C_T	1:156532119_G_GC
1:155184704_C_T	1:156532344_T_G
1:155184704_C_T	1:156532733_T_C
1:155184704_C_T	1:156532908_C_A
1:155184704_C_T	1:156534525_A_C
1:155184704_C_T	1:156534539_G_A
1:155184704_C_T	1:156536752_A_G
1:155184704_C_T	1:156536902_G_A
1:155184704_C_T	1:156539576_G_A
1:155184704_C_T	1:156539597_C_T
1:155184704_C_T	1:156543482_A_G
1:155184704_C_T	1:156544196_C_G
1:155184704_C_T	1:156545581_C_A
1:155184704_C_T	1:156546312_T_A
1:155184704_C_T	1:156548586_T_C
1:155184704_C_T	1:156548924_G_T
1:155184704_C_T	1:156550254_T_C
1:155184704_C_T	1:156550772_A_G
1:155184704_C_T	1:156552711_C_G
1:155184704_C_T	1:156553102_AG_A
1:155184704_C_T	1:156556865_G_GAT
1:155184704_C_T	1:156557986_G_A
1:155184704_C_T	1:156558085_G_C
1:155184704_C_T	1:156562641_C_CCA
1:155184704_C_T	1:156574711_C_CT
1:155184704_C_T	1:156597892_C_T
1:155184704_C_T	1:156598920_ATT_A
1:155184704_C_T	1:156608394_A_C
1:155184704_C_T	1:162839207_A_G
1:155184704_C_T	1:162842381_A_G
20:44680853_G_A	20:37050742_C_T
20:44680853_G_A	20:37052094_C_G
20:44680853_G_A	20:37057497_C_G
20:44680853_G_A	20:37068159_T_A
20:44680853_G_A	20:37068770_G_A
20:44680853_G_A	20:37897213_G_C
20:44680853_G_A	20:38245275_T_TAC
20:44680853_G_A	20:38251405_T_A
20:44680853_G_A	20:38252159_C_A
20:44680853_G_A	20:38254549_C_T
20:44680853_G_A	20:38257412_A_G
20:44680853_G_A	20:38259543_T_C
20:44680853_G_A	20:38260987_G_A
20:44680853_G_A	20:38261164_C_T
20:44680853_G_A	20:38261214_G_A
20:44680853_G_A	20:38263900_G_A
20:44680853_G_A	20:38263960_G_A
20:44680853_G_A	20:38264129_G_A
20:44680853_G_A	20:38265145_C_T
20:44680853_G_A	20:38265495_C_T
20:44680853_G_A	20:38265808_T_C
20:44680853_G_A	20:38265902_C_T
20:44680853_G_A	20:38266214_C_T
20:44680853_G_A	20:38269091_G_C
20:44680853_G_A	20:38269199_C_T
20:44680853_G_A	20:38270102_C_T
20:44680853_G_A	20:38270467_A_C
20:44680853_G_A	20:38270634_A_G
20:44680853_G_A	20:38271087_C_A
20:44680853_G_A	20:38271106_G_A
20:44680853_G_A	20:38271171_C_T
20:44680853_G_A	20:38272090_G_A
20:44680853_G_A	20:38272185_ACATT_A
20:44680853_G_A	20:38272281_T_C
20:44680853_G_A	20:38272282_G_A
20:44680853_G_A	20:38272697_G_A
20:44680853_G_A	20:38273026_C_T
20:44680853_G_A	20:38273267_C_G
20:44680853_G_A	20:38276361_G_A
20:44680853_G_A	20:38276581_A_G
20:44680853_G_A	20:38276643_A_G
20:44680853_G_A	20:38277871_C_A
20:44680853_G_A	20:38277927_G_A
20:44680853_G_A	20:38279827_C_T
20:44680853_G_A	20:38281313_C_T
20:44680853_G_A	20:38282892_G_A
20:44680853_G_A	20:38299924_A_G
20:44680853_G_A	20:38300844_C_T
20:44680853_G_A	20:38302656_T_C
20:44680853_G_A	20:38306644_A_G
20:44680853_G_A	20:38321837_T_G
20:44680853_G_A	20:38332681_G_A
20:44680853_G_A	20:38334823_G_A
20:44680853_G_A	20:38343270_TAGTA_T
20:44680853_G_A	20:38347110_G_C
20:44680853_G_A	20:38350100_C_T
20:44680853_G_A	20:38353894_A_G
20:44680853_G_A	20:38358411_C_T
20:44680853_G_A	20:38362289_A_G
20:44680853_G_A	20:38364417_G_GA
20:44680853_G_A	20:38382735_T_A
20:44680853_G_A	20:38385836_C_G
20:44680853_G_A	20:38389739_C_T
20:44680853_G_A	20:38389791_C_T
20:44680853_G_A	20:38400462_G_A
20:44680853_G_A	20:38416231_CTGAT_C
20:44680853_G_A	20:38423274_GTGTT_G
20:44680853_G_A	20:39203866_A_T
20:44680853_G_A	20:39216286_G_T
20:44680853_G_A	20:44404631_G_A
20:44680853_G_A	20:44673546_C_G
20:44680853_G_A	20:44680412_C_T
20:44680853_G_A	20:44684526_T_A
20:44680853_G_A	20:44687999_A_G
20:44680853_G_A	20:44689069_C_T
20:44680853_G_A	20:44691350_T_G
20:44680853_G_A	20:44692598_C_T
20:44680853_G_A	20:44693296_A_T
20:44680853_G_A	20:44693947_T_C
20:44680853_G_A	20:44695299_T_C
20:44680853_G_A	20:44697431_T_G
20:44680853_G_A	20:44698339_C_T
20:44680853_G_A	20:44700166_T_C
20:44680853_G_A	20:44701765_T_C
20:44680853_G_A	20:44702086_C_T
20:44680853_G_A	20:44705624_G_A
20:44680853_G_A	20:44709539_C_G
20:44680853_G_A	20:44712175_C_T
20:44680853_G_A	20:44712815_G_A
20:44680853_G_A	20:44716643_T_TA
20:44680853_G_A	20:44718231_G_A
20:44680853_G_A	20:44721307_C_T
20:44680853_G_A	20:44721385_G_T
20:44680853_G_A	20:44721540_C_T
20:44680853_G_A	20:44721594_A_C
20:44680853_G_A	20:44721656_T_C
20:44680853_G_A	20:44722011_G_T
20:44680853_G_A	20:44724305_A_G
20:44680853_G_A	20:44724340_A_G
20:44680853_G_A	20:44724837_T_C
20:44680853_G_A	20:44724919_T_G
20:44680853_G_A	20:44726237_C_T
20:44680853_G_A	20:44728661_A_G
20:44680853_G_A	20:44729089_C_A
20:44680853_G_A	20:44730245_G_A
20:44680853_G_A	20:44732089_T_C
20:44680853_G_A	20:44734310_C_T
20:44680853_G_A	20:44735263_T_G
20:44680853_G_A	20:44735854_A_G
20:44680853_G_A	20:44736371_TA_T
20:44680853_G_A	20:44739419_A_T
20:44680853_G_A	20:44740196_C_T
20:44680853_G_A	20:44745987_TA_T
20:44680853_G_A	20:44746982_T_C
20:44680853_G_A	20:44747947_T_G
20:44680853_G_A	20:44749251_T_C
20:44680853_G_A	20:44753427_A_G
20:44680853_G_A	20:44753508_C_T
20:44680853_G_A	20:44755111_G_T
20:44680853_G_A	20:44756891_G_A
20:44680853_G_A	20:44759161_G_A
20:44680853_G_A	20:44759166_G_A
20:44680853_G_A	20:44761538_AGAG_A
20:44680853_G_A	20:44761542_GAGA_G
20:44680853_G_A	20:44762075_T_C
20:44680853_G_A	20:44762385_C_T
20:44680853_G_A	20:44762857_G_C
20:44680853_G_A	20:44763187_C_T
20:44680853_G_A	20:44763932_AT_A
20:44680853_G_A	20:44766403_A_G
20:44680853_G_A	20:44766620_C_T
20:44680853_G_A	20:44767100_A_G
20:44680853_G_A	20:44769249_G_T
20:44680853_G_A	20:44770601_T_C
20:44680853_G_A	20:44771520_C_CT
20:44680853_G_A	20:44771542_T_C
20:44680853_G_A	20:44773838_A_C
20:44680853_G_A	20:44773987_A_G
20:44680853_G_A	20:44777505_G_T
20:44680853_G_A	20:44778412_A_G
20:44680853_G_A	20:44778778_T_C
20:44680853_G_A	20:44782161_G_A
20:44680853_G_A	20:46392225_G_A
20:44680853_G_A	20:46393348_T_C
20:44680853_G_A	20:46482820_C_T
20:44680853_G_A	20:46482828_C_T
20:44680853_G_A	20:46483052_C_A
20:44680853_G_A	20:46483109_C_T
20:44680853_G_A	20:46485941_G_A
2:136658345_A_G	2:132583031_T_G
2:136658345_A_G	2:132587857_G_T
2:136658345_A_G	2:132591957_C_T
2:136658345_A_G	2:132594052_G_A
2:136658345_A_G	2:132594701_C_T
2:136658345_A_G	2:135758231_G_T
2:136658345_A_G	2:135758520_A_T
2:136658345_A_G	2:135766072_C_G
2:136658345_A_G	2:135766688_ATTT_A
2:136658345_A_G	2:135773420_A_G
2:136658345_A_G	2:135773446_A_C
2:136658345_A_G	2:135773617_T_C
2:136658345_A_G	2:135773692_T_A
2:136658345_A_G	2:135774681_A_G
2:136658345_A_G	2:135775049_G_C
2:136658345_A_G	2:135775312_G_GA
2:136658345_A_G	2:135776430_A_G
2:136658345_A_G	2:135778656_G_C
2:136658345_A_G	2:135780168_A_G
2:136658345_A_G	2:135780587_T_A
2:136658345_A_G	2:135781301_A_T
2:136658345_A_G	2:135781522_G_A
2:136658345_A_G	2:135781635_C_T
2:136658345_A_G	2:135781913_A_ACTATAAGTC
2:136658345_A_G	2:135782456_G_A
2:136658345_A_G	2:135783157_C_T
2:136658345_A_G	2:135783366_T_C
2:136658345_A_G	2:135783367_G_A
2:136658345_A_G	2:135784073_C_CT
2:136658345_A_G	2:135784227_G_T
2:136658345_A_G	2:135784733_G_T
2:136658345_A_G	2:135785066_T_A
2:136658345_A_G	2:135785068_A_G
2:136658345_A_G	2:135785149_A_G
2:136658345_A_G	2:135786936_A_ACT
2:136658345_A_G	2:135787148_G_C
2:136658345_A_G	2:135787642_T_C
2:136658345_A_G	2:135789405_C_A
2:136658345_A_G	2:135789472_G_T
2:136658345_A_G	2:135789682_A_G
2:136658345_A_G	2:135789784_A_G
2:136658345_A_G	2:135790156_T_TG
2:136658345_A_G	2:135792338_G_C
2:136658345_A_G	2:135792528_A_G
2:136658345_A_G	2:135793565_C_T
2:136658345_A_G	2:135793684_T_G
2:136658345_A_G	2:135793845_T_C
2:136658345_A_G	2:135794367_A_G
2:136658345_A_G	2:135794569_CTTT_C
2:136658345_A_G	2:135794986_G_A
2:136658345_A_G	2:135795040_A_C
2:136658345_A_G	2:135795095_G_A
2:136658345_A_G	2:135795150_T_G
2:136658345_A_G	2:135795385_C_T
2:136658345_A_G	2:135795396_C_T
2:136658345_A_G	2:135795443_C_T
2:136658345_A_G	2:135795595_T_C
2:136658345_A_G	2:135796000_A_C
2:136658345_A_G	2:135796155_G_T
2:136658345_A_G	2:135796410_C_A
2:136658345_A_G	2:135796693_CTTTT_C
2:136658345_A_G	2:135796965_A_C
2:136658345_A_G	2:135797747_C_T
2:136658345_A_G	2:135798082_A_C
2:136658345_A_G	2:135798131_T_TGAAAA
2:136658345_A_G	2:135798758_C_T
2:136658345_A_G	2:135799082_T_C
2:136658345_A_G	2:135800085_A_G
2:136658345_A_G	2:135800601_C_T
2:136658345_A_G	2:135800757_A_G
2:136658345_A_G	2:135801228_C_T
2:136658345_A_G	2:135801956_T_A
2:136658345_A_G	2:135802020_C_T
2:136658345_A_G	2:135802028_T_C
2:136658345_A_G	2:135802050_C_A
2:136658345_A_G	2:135802148_G_A
2:136658345_A_G	2:135803766_A_G
2:136658345_A_G	2:135809241_T_C
2:136658345_A_G	2:135812969_C_T
2:136658345_A_G	2:135813407_C_CT
2:136658345_A_G	2:135814716_C_T
2:136658345_A_G	2:135818907_C_T
2:136658345_A_G	2:135829432_A_G
2:136658345_A_G	2:135832131_T_C
2:136658345_A_G	2:135849613_G_A
2:136658345_A_G	2:135853807_C_T
2:136658345_A_G	2:135857001_CTG_C
2:136658345_A_G	2:135859923_T_C
2:136658345_A_G	2:135860305_T_G
2:136658345_A_G	2:135861497_G_C
2:136658345_A_G	2:135863143_G_A
2:136658345_A_G	2:135864294_C_G
2:136658345_A_G	2:135871624_G_A
2:136658345_A_G	2:135872646_C_A
2:136658345_A_G	2:135874038_C_T
2:136658345_A_G	2:135874622_A_G
2:136658345_A_G	2:135877562_A_G
2:136658345_A_G	2:135878814_G_A
2:136658345_A_G	2:135880013_G_A
2:136658345_A_G	2:135884487_G_C
2:136658345_A_G	2:135893853_A_G
2:136658345_A_G	2:135895809_A_G
2:136658345_A_G	2:135895879_C_G
2:136658345_A_G	2:135899069_T_C
2:136658345_A_G	2:135909462_G_A
2:136658345_A_G	2:135912977_G_T
2:136658345_A_G	2:135914038_C_T
2:136658345_A_G	2:135915358_T_C
2:136658345_A_G	2:135921839_T_A
2:136658345_A_G	2:135925002_T_G
2:136658345_A_G	2:135928312_A_G
2:136658345_A_G	2:135935049_A_G
2:136658345_A_G	2:135962711_T_C
2:136658345_A_G	2:135984172_A_G
2:136658345_A_G	2:135994753_T_C
2:136658345_A_G	2:135995073_G_T
2:136658345_A_G	2:135995079_T_C
2:136658345_A_G	2:136016079_T_C
2:136658345_A_G	2:136098560_T_TATTG
2:136658345_A_G	2:136110129_C_T
2:136658345_A_G	2:136119137_C_CA
2:136658345_A_G	2:136140304_G_C
2:136658345_A_G	2:136166536_G_A
2:136658345_A_G	2:136169799_T_C
2:136658345_A_G	2:136170286_C_CT
2:136658345_A_G	2:136191314_A_C
2:136658345_A_G	2:136228887_C_T
2:136658345_A_G	2:136238453_T_C
2:136658345_A_G	2:136273578_T_C
2:136658345_A_G	2:136288273_C_T
2:136658345_A_G	2:136292425_A_G
2:136658345_A_G	2:136295178_CTTATTTTATT_C
2:136658345_A_G	2:136321951_A_G
2:136658345_A_G	2:136322676_G_T
2:136658345_A_G	2:136324564_G_A
2:136658345_A_G	2:136327299_G_T
2:136658345_A_G	2:136327302_G_T
2:136658345_A_G	2:136376515_A_G
2:136658345_A_G	2:136398174_C_T
2:136658345_A_G	2:136402117_A_G
2:136658345_A_G	2:136403749_C_A
2:136658345_A_G	2:136404462_A_AAAGAAG
2:136658345_A_G	2:136406646_T_G
2:136658345_A_G	2:136408821_G_A
2:136658345_A_G	2:136409073_G_A
2:136658345_A_G	2:136410299_G_A
2:136658345_A_G	2:136413359_T_C
2:136658345_A_G	2:136414195_CT_C
2:136658345_A_G	2:136416855_T_C
2:136658345_A_G	2:136416941_C_T
2:136658345_A_G	2:136416959_C_T
2:136658345_A_G	2:136418348_A_G
2:136658345_A_G	2:136419961_A_G
2:136658345_A_G	2:136420690_A_G
2:136658345_A_G	2:136421323_A_G
2:136658345_A_G	2:136421548_G_A
2:136658345_A_G	2:136422171_A_T
2:136658345_A_G	2:136424491_T_TAA
2:136658345_A_G	2:136428460_A_C
2:136658345_A_G	2:136429366_T_C
2:136658345_A_G	2:136430866_T_A
2:136658345_A_G	2:136432103_G_A
2:136658345_A_G	2:136433223_C_CTT
2:136658345_A_G	2:136437507_A_G
2:136658345_A_G	2:136438078_G_A
2:136658345_A_G	2:136439090_C_T
2:136658345_A_G	2:136439517_A_C
2:136658345_A_G	2:136441123_C_CAA
2:136658345_A_G	2:136441140_A_AAC
2:136658345_A_G	2:136441410_A_G
2:136658345_A_G	2:136444123_C_T
2:136658345_A_G	2:136445526_C_T
2:136658345_A_G	2:136445869_G_A
2:136658345_A_G	2:136448287_T_TTTTGTTTGTTTG
2:136658345_A_G	2:136452402_C_A
2:136658345_A_G	2:136455600_G_A
2:136658345_A_G	2:136456319_G_A
2:136658345_A_G	2:136456642_A_G
2:136658345_A_G	2:136462441_C_T
2:136658345_A_G	2:136470714_G_A
2:136658345_A_G	2:136474098_A_T
2:136658345_A_G	2:136479302_C_T
2:136658345_A_G	2:136485280_G_A
2:136658345_A_G	2:136494186_G_A
2:136658345_A_G	2:136495300_C_T
2:136658345_A_G	2:136495619_A_T
2:136658345_A_G	2:136496493_T_C
2:136658345_A_G	2:136496805_G_A
2:136658345_A_G	2:136496910_G_A
2:136658345_A_G	2:136496928_T_C
2:136658345_A_G	2:136499166_G_T
2:136658345_A_G	2:136501433_G_GTA
2:136658345_A_G	2:136501840_A_G
2:136658345_A_G	2:136502792_C_G
2:136658345_A_G	2:136503157_A_G
2:136658345_A_G	2:136505546_C_T
2:136658345_A_G	2:136507039_A_G
2:136658345_A_G	2:136509573_T_C
2:136658345_A_G	2:136511575_A_G
2:136658345_A_G	2:136511951_G_C
2:136658345_A_G	2:136515859_G_A
2:136658345_A_G	2:136515924_A_G
2:136658345_A_G	2:136516748_A_T
2:136658345_A_G	2:136518103_T_A
2:136658345_A_G	2:136519000_TG_T
2:136658345_A_G	2:136520186_T_G
2:136658345_A_G	2:136521514_G_A
2:136658345_A_G	2:136521698_TAAATA_T
2:136658345_A_G	2:136522675_C_T
2:136658345_A_G	2:136522710_A_G
2:136658345_A_G	2:136522783_T_G
2:136658345_A_G	2:136522941_G_A
2:136658345_A_G	2:136524766_A_G
2:136658345_A_G	2:136528004_C_G
2:136658345_A_G	2:136535364_A_C
2:136658345_A_G	2:136535410_G_T
2:136658345_A_G	2:136536113_C_G
2:136658345_A_G	2:136537057_G_A
2:136658345_A_G	2:136537450_TATA_T
2:136658345_A_G	2:136537472_AATAT_A
2:136658345_A_G	2:136539122_G_T
2:136658345_A_G	2:136539513_G_A
2:136658345_A_G	2:136544197_C_T
2:136658345_A_G	2:136544752_A_G
2:136658345_A_G	2:136546110_A_G
2:136658345_A_G	2:136546635_C_T
2:136658345_A_G	2:136549131_GA_G
2:136658345_A_G	2:136550109_C_T
2:136658345_A_G	2:136551694_C_T
2:136658345_A_G	2:136552629_A_T
2:136658345_A_G	2:136553188_A_T
2:136658345_A_G	2:136553438_C_T
2:136658345_A_G	2:136553529_C_T
2:136658345_A_G	2:136553639_G_A
2:136658345_A_G	2:136553925_C_T
2:136658345_A_G	2:136554800_G_C
2:136658345_A_G	2:136555484_T_C
2:136658345_A_G	2:136556805_C_T
2:136658345_A_G	2:136557319_C_T
2:136658345_A_G	2:136558157_C_T
2:136658345_A_G	2:136560003_T_C
2:136658345_A_G	2:136562472_G_A
2:136658345_A_G	2:136563248_G_C
2:136658345_A_G	2:136563284_A_T
2:136658345_A_G	2:136565328_G_A
2:136658345_A_G	2:136569848_C_A
2:136658345_A_G	2:136570613_A_T
2:136658345_A_G	2:136571982_T_A
2:136658345_A_G	2:136574305_A_G
2:136658345_A_G	2:136574441_AT_A
2:136658345_A_G	2:136574613_AT_A
2:136658345_A_G	2:136575199_G_T
2:136658345_A_G	2:136576166_T_C
2:136658345_A_G	2:136576577_T_C
2:136658345_A_G	2:136578040_A_G
2:136658345_A_G	2:136578194_A_C
2:136658345_A_G	2:136578536_T_C
2:136658345_A_G	2:136580260_T_A
2:136658345_A_G	2:136580287_T_C
2:136658345_A_G	2:136580398_G_A
2:136658345_A_G	2:136581848_A_G
2:136658345_A_G	2:136583192_G_A
2:136658345_A_G	2:136583958_A_C
2:136658345_A_G	2:136586828_T_C
2:136658345_A_G	2:136586958_C_A
2:136658345_A_G	2:136588478_T_A
2:136658345_A_G	2:136589612_C_G
2:136658345_A_G	2:136590558_C_T
2:136658345_A_G	2:136591178_G_A
2:136658345_A_G	2:136591859_G_A
2:136658345_A_G	2:136592309_G_A
2:136658345_A_G	2:136593541_T_A
2:136658345_A_G	2:136593694_T_C
2:136658345_A_G	2:136593760_G_T
2:136658345_A_G	2:136595299_G_GT
2:136658345_A_G	2:136595426_T_C
2:136658345_A_G	2:136596867_G_A
2:136658345_A_G	2:136599217_A_T
2:136658345_A_G	2:136602491_T_G
2:136658345_A_G	2:136603276_T_C
2:136658345_A_G	2:136603366_C_G
2:136658345_A_G	2:136607703_T_C
2:136658345_A_G	2:136608231_G_A
2:136658345_A_G	2:136608646_G_A
2:136658345_A_G	2:136609975_T_C
2:136658345_A_G	2:136610598_A_G
2:136658345_A_G	2:136611303_G_GA
2:136658345_A_G	2:136611624_C_T
2:136658345_A_G	2:136613780_G_A
2:136658345_A_G	2:136614255_G_A
2:136658345_A_G	2:136614813_C_G
2:136658345_A_G	2:136615222_C_T
2:136658345_A_G	2:136616457_G_GT
2:136658345_A_G	2:136616754_C_T
2:136658345_A_G	2:136617524_C_T
2:136658345_A_G	2:136617805_C_T
2:136658345_A_G	2:136622046_T_C
2:136658345_A_G	2:136622216_T_C
2:136658345_A_G	2:136624919_T_C
2:136658345_A_G	2:136625602_A_G
2:136658345_A_G	2:136626004_T_C
2:136658345_A_G	2:136628380_G_A
2:136658345_A_G	2:136629911_G_A
2:136658345_A_G	2:136630757_A_G
2:136658345_A_G	2:136630989_A_G
2:136658345_A_G	2:136631031_C_A
2:136658345_A_G	2:136631234_ACAGAGGTAC_A
2:136658345_A_G	2:136631405_TA_T
2:136658345_A_G	2:136633011_C_G
2:136658345_A_G	2:136633771_T_C
2:136658345_A_G	2:136636324_A_G
2:136658345_A_G	2:136636813_ACT_A
2:136658345_A_G	2:136636909_G_A
2:136658345_A_G	2:136637350_G_A
2:136658345_A_G	2:136637622_C_T
2:136658345_A_G	2:136638216_T_C
2:136658345_A_G	2:136639909_TG_T
2:136658345_A_G	2:136639919_C_CTCT
2:136658345_A_G	2:136639920_C_CT
2:136658345_A_G	2:136639921_C_CT
2:136658345_A_G	2:136640233_A_G
2:136658345_A_G	2:136641382_T_C
2:136658345_A_G	2:136641882_A_T
2:136658345_A_G	2:136642433_A_G
2:136658345_A_G	2:136643900_T_C
2:136658345_A_G	2:136644276_C_CT
2:136658345_A_G	2:136646900_C_T
2:136658345_A_G	2:136648962_TA_T
2:136658345_A_G	2:136652093_G_A
2:136658345_A_G	2:136652451_GT_G
2:136658345_A_G	2:136652859_G_A
2:136658345_A_G	2:136655620_G_A
2:136658345_A_G	2:136657734_GA_G
2:136658345_A_G	2:136659495_T_C
2:136658345_A_G	2:136667896_C_T
2:136658345_A_G	2:136670298_C_T
2:136658345_A_G	2:136670373_A_AT
2:136658345_A_G	2:136671801_G_C
2:136658345_A_G	2:136677192_T_C
2:136658345_A_G	2:136682274_A_T
2:136658345_A_G	2:136683293_T_C
2:136658345_A_G	2:136685228_C_T
2:136658345_A_G	2:136691825_T_C
2:136658345_A_G	2:136696138_A_G
2:136658345_A_G	2:136698098_C_T
2:136658345_A_G	2:136704414_C_G
2:136658345_A_G	2:136707982_T_C
2:136658345_A_G	2:136720344_G_T
2:136658345_A_G	2:136721603_A_G
2:136658345_A_G	2:136721995_T_C
2:136658345_A_G	2:136731066_G_A
2:136658345_A_G	2:136733897_T_C
2:136658345_A_G	2:136736541_AT_A
2:136658345_A_G	2:136740900_T_C
2:136658345_A_G	2:136747085_T_C
2:136658345_A_G	2:136751849_G_C
2:136658345_A_G	2:136755684_G_A
2:136658345_A_G	2:136765951_T_C
2:136658345_A_G	2:136773132_A_T
2:136658345_A_G	2:136775898_T_C
2:136658345_A_G	2:136781262_C_A
2:136658345_A_G	2:136783169_A_G
2:136658345_A_G	2:136784344_A_G
2:136658345_A_G	2:136786651_T_A
2:136658345_A_G	2:136789259_G_A
2:136658345_A_G	2:136820076_C_T
2:136658345_A_G	2:137391909_A_G
2:136658345_A_G	2:137915277_T_C
2:136658345_A_G	2:138047706_G_T
2:136658345_A_G	2:138081931_C_T
2:136658345_A_G	2:138088122_C_T
2:136658345_A_G	2:138092091_T_G
2:136658345_A_G	2:138099307_G_A
2:136658345_A_G	2:138110330_A_C
2:136658345_A_G	2:138118906_T_C
2:136658345_A_G	2:138154161_G_A
2:136658345_A_G	2:138187643_T_A
2:136658345_A_G	2:138202130_T_G
2:136658345_A_G	2:138203314_A_T
2:136658345_A_G	2:138207269_T_C
2:136658345_A_G	2:138215369_T_C
2:136658345_A_G	2:138215621_C_CA
2:136658345_A_G	2:138216532_ATATCT_A
2:136658345_A_G	2:139591830_AT_A
2:136658345_A_G	2:140754398_G_A
2:136658345_A_G	2:140758981_C_T
2:136658345_A_G	2:140759342_C_T
2:136658345_A_G	2:140762563_C_T
2:136658345_A_G	2:140769323_T_C
2:136658345_A_G	2:140789774_G_A
2:136658345_A_G	2:140797794_CAAGT_C
20:33728848_G_A	20:25991241_A_AAGAG
20:33728848_G_A	20:26061194_A_T
20:33728848_G_A	20:29579484_A_T
20:33728848_G_A	20:29589965_A_G
20:33728848_G_A	20:29622854_T_C
20:33728848_G_A	20:29647107_A_AG
20:33728848_G_A	20:31119074_C_T
20:33728848_G_A	20:31682778_C_A
20:33728848_G_A	20:31690354_G_A
20:33728848_G_A	20:31693578_G_A
20:33728848_G_A	20:31694114_A_G
20:33728848_G_A	20:31694904_G_A
20:33728848_G_A	20:31694965_G_A
20:33728848_G_A	20:31694975_G_A
20:33728848_G_A	20:32736913_C_T
20:33728848_G_A	20:32774607_T_TTTTTG
20:33728848_G_A	20:32774627_G_GTTTTT
20:33728848_G_A	20:32774628_T_TTTTGT
20:33728848_G_A	20:32777016_G_T
20:33728848_G_A	20:32905161_G_T
20:33728848_G_A	20:32911222_CT_C
20:33728848_G_A	20:32911606_TCTAG_T
20:33728848_G_A	20:32912050_C_T
20:33728848_G_A	20:32914269_C_T
20:33728848_G_A	20:32914699_T_C
20:33728848_G_A	20:32915754_A_G
20:33728848_G_A	20:32916055_G_A
20:33728848_G_A	20:32918298_G_A
20:33728848_G_A	20:32919094_T_TA
20:33728848_G_A	20:32919219_A_G
20:33728848_G_A	20:32919505_C_G
20:33728848_G_A	20:32921602_A_G
20:33728848_G_A	20:32921842_C_T
20:33728848_G_A	20:32921978_A_AG
20:33728848_G_A	20:32923476_T_C
20:33728848_G_A	20:32923536_AAAAG_A
20:33728848_G_A	20:32923871_G_A
20:33728848_G_A	20:32924895_C_A
20:33728848_G_A	20:32925625_C_G
20:33728848_G_A	20:32926041_T_A
20:33728848_G_A	20:32926336_G_A
20:33728848_G_A	20:32926729_GT_G
20:33728848_G_A	20:32927507_C_T
20:33728848_G_A	20:32930016_C_A
20:33728848_G_A	20:32930369_T_C
20:33728848_G_A	20:32932273_T_C
20:33728848_G_A	20:32932643_C_A
20:33728848_G_A	20:32934054_C_A
20:33728848_G_A	20:32935192_A_G
20:33728848_G_A	20:32938085_C_T
20:33728848_G_A	20:32940320_T_C
20:33728848_G_A	20:32940641_AT_A
20:33728848_G_A	20:32946904_G_C
20:33728848_G_A	20:32946905_G_T
20:33728848_G_A	20:32948753_T_C
20:33728848_G_A	20:32948784_T_C
20:33728848_G_A	20:32948885_G_C
20:33728848_G_A	20:32949735_CAA_C
20:33728848_G_A	20:32950325_C_T
20:33728848_G_A	20:32952125_G_A
20:33728848_G_A	20:32952495_A_G
20:33728848_G_A	20:32955024_T_C
20:33728848_G_A	20:32956227_G_GT
20:33728848_G_A	20:32957216_G_A
20:33728848_G_A	20:32957709_G_A
20:33728848_G_A	20:32961547_C_T
20:33728848_G_A	20:32962926_T_C
20:33728848_G_A	20:32963369_A_G
20:33728848_G_A	20:32964247_G_C
20:33728848_G_A	20:32964265_C_A
20:33728848_G_A	20:32964987_T_C
20:33728848_G_A	20:32967314_T_C
20:33728848_G_A	20:32968312_G_T
20:33728848_G_A	20:32968400_C_T
20:33728848_G_A	20:32968747_C_G
20:33728848_G_A	20:32969092_G_T
20:33728848_G_A	20:32969643_T_C
20:33728848_G_A	20:32970606_C_G
20:33728848_G_A	20:32971424_G_A
20:33728848_G_A	20:32971719_T_C
20:33728848_G_A	20:32971736_T_C
20:33728848_G_A	20:32971932_A_G
20:33728848_G_A	20:32972053_TGCA_T
20:33728848_G_A	20:32975510_AT_A
20:33728848_G_A	20:32984172_C_G
20:33728848_G_A	20:32984714_T_A
20:33728848_G_A	20:32985155_A_G
20:33728848_G_A	20:32985961_T_C
20:33728848_G_A	20:32987666_A_G
20:33728848_G_A	20:32987705_G_A
20:33728848_G_A	20:32988678_C_T
20:33728848_G_A	20:32990050_G_T
20:33728848_G_A	20:32992247_T_C
20:33728848_G_A	20:32992324_G_C
20:33728848_G_A	20:32992592_A_G
20:33728848_G_A	20:32992631_T_C
20:33728848_G_A	20:32993035_G_A
20:33728848_G_A	20:32993586_C_CT
20:33728848_G_A	20:32993846_A_T
20:33728848_G_A	20:32994257_G_A
20:33728848_G_A	20:32994715_A_G
20:33728848_G_A	20:32995873_G_A
20:33728848_G_A	20:32996019_C_CTAT
20:33728848_G_A	20:32996689_G_T
20:33728848_G_A	20:32996945_TC_T
20:33728848_G_A	20:32997861_C_CA
20:33728848_G_A	20:32997945_A_G
20:33728848_G_A	20:32998189_AG_A
20:33728848_G_A	20:32998654_T_C
20:33728848_G_A	20:32998948_T_C
20:33728848_G_A	20:32999345_T_C
20:33728848_G_A	20:32999386_T_A
20:33728848_G_A	20:33004002_T_C
20:33728848_G_A	20:33005634_C_T
20:33728848_G_A	20:33006597_C_T
20:33728848_G_A	20:33006730_A_G
20:33728848_G_A	20:33008905_T_C
20:33728848_G_A	20:33010377_AT_A
20:33728848_G_A	20:33010647_G_C
20:33728848_G_A	20:33012060_C_T
20:33728848_G_A	20:33012529_T_A
20:33728848_G_A	20:33012531_A_G
20:33728848_G_A	20:33013751_C_G
20:33728848_G_A	20:33014459_ATTG_A
20:33728848_G_A	20:33014543_T_C
20:33728848_G_A	20:33016358_G_A
20:33728848_G_A	20:33017074_G_A
20:33728848_G_A	20:33017618_TTAAA_T
20:33728848_G_A	20:33018008_A_G
20:33728848_G_A	20:33019299_A_G
20:33728848_G_A	20:33020141_A_G
20:33728848_G_A	20:33020446_A_G
20:33728848_G_A	20:33023810_G_A
20:33728848_G_A	20:33025171_C_T
20:33728848_G_A	20:33029374_T_C
20:33728848_G_A	20:33030405_G_A
20:33728848_G_A	20:33034978_AT_A
20:33728848_G_A	20:33036128_C_G
20:33728848_G_A	20:33036500_G_A
20:33728848_G_A	20:33037336_C_T
20:33728848_G_A	20:33037644_A_T
20:33728848_G_A	20:33039973_G_A
20:33728848_G_A	20:33043434_AT_A
20:33728848_G_A	20:33044463_A_G
20:33728848_G_A	20:33044784_C_G
20:33728848_G_A	20:33044862_G_A
20:33728848_G_A	20:33047084_A_G
20:33728848_G_A	20:33047945_G_A
20:33728848_G_A	20:33050107_G_A
20:33728848_G_A	20:33053985_A_AT
20:33728848_G_A	20:33055839_CT_C
20:33728848_G_A	20:33056595_C_CA
20:33728848_G_A	20:33057328_C_G
20:33728848_G_A	20:33057954_G_C
20:33728848_G_A	20:33058226_A_AAT
20:33728848_G_A	20:33058628_G_T
20:33728848_G_A	20:33059478_GGTGTGTGT_G
20:33728848_G_A	20:33060081_A_G
20:33728848_G_A	20:33060194_A_AAG
20:33728848_G_A	20:33060200_A_AG
20:33728848_G_A	20:33062591_CG_C
20:33728848_G_A	20:33062859_C_G
20:33728848_G_A	20:33063283_T_C
20:33728848_G_A	20:33063830_A_C
20:33728848_G_A	20:33065283_G_A
20:33728848_G_A	20:33066369_T_C
20:33728848_G_A	20:33067904_A_G
20:33728848_G_A	20:33068563_A_T
20:33728848_G_A	20:33069600_A_G
20:33728848_G_A	20:33070159_C_T
20:33728848_G_A	20:33070945_GGCCT_G
20:33728848_G_A	20:33075810_T_G
20:33728848_G_A	20:33076333_A_G
20:33728848_G_A	20:33078103_C_T
20:33728848_G_A	20:33079384_TAAAA_T
20:33728848_G_A	20:33079460_A_G
20:33728848_G_A	20:33082775_C_A
20:33728848_G_A	20:33082881_T_A
20:33728848_G_A	20:33086090_T_G
20:33728848_G_A	20:33086622_A_G
20:33728848_G_A	20:33087030_T_C
20:33728848_G_A	20:33087166_A_T
20:33728848_G_A	20:33088669_G_A
20:33728848_G_A	20:33090167_T_C
20:33728848_G_A	20:33090718_A_G
20:33728848_G_A	20:33092419_TC_T
20:33728848_G_A	20:33093364_C_CT
20:33728848_G_A	20:33095891_G_A
20:33728848_G_A	20:33097718_A_AT
20:33728848_G_A	20:33098248_ATT_A
20:33728848_G_A	20:33099793_A_G
20:33728848_G_A	20:33101102_C_G
20:33728848_G_A	20:33101653_G_C
20:33728848_G_A	20:33103521_G_C
20:33728848_G_A	20:33105028_T_C
20:33728848_G_A	20:33105766_A_G
20:33728848_G_A	20:33105897_T_G
20:33728848_G_A	20:33108977_C_T
20:33728848_G_A	20:33110803_C_G
20:33728848_G_A	20:33111783_T_C
20:33728848_G_A	20:33113224_A_G
20:33728848_G_A	20:33114503_A_G
20:33728848_G_A	20:33115832_A_T
20:33728848_G_A	20:33115833_G_T
20:33728848_G_A	20:33116483_T_C
20:33728848_G_A	20:33121942_G_C
20:33728848_G_A	20:33126946_T_C
20:33728848_G_A	20:33134231_C_T
20:33728848_G_A	20:33138870_T_C
20:33728848_G_A	20:33139691_C_A
20:33728848_G_A	20:33140472_G_A
20:33728848_G_A	20:33142823_G_C
20:33728848_G_A	20:33143288_G_A
20:33728848_G_A	20:33150503_C_T
20:33728848_G_A	20:33153617_TCA_T
20:33728848_G_A	20:33155606_CCT_C
20:33728848_G_A	20:33155841_C_T
20:33728848_G_A	20:33156742_G_A
20:33728848_G_A	20:33157217_T_C
20:33728848_G_A	20:33161127_C_T
20:33728848_G_A	20:33161225_G_A
20:33728848_G_A	20:33164804_C_T
20:33728848_G_A	20:33171287_G_A
20:33728848_G_A	20:33173883_C_T
20:33728848_G_A	20:33175466_C_T
20:33728848_G_A	20:33178324_G_T
20:33728848_G_A	20:33180624_G_T
20:33728848_G_A	20:33183804_C_T
20:33728848_G_A	20:33187130_G_A
20:33728848_G_A	20:33189106_T_C
20:33728848_G_A	20:33213192_A_C
20:33728848_G_A	20:33213196_A_C
20:33728848_G_A	20:33220070_T_C
20:33728848_G_A	20:33224174_C_T
20:33728848_G_A	20:33247881_TTAAAAAATAAA_T
20:33728848_G_A	20:33254329_A_T
20:33728848_G_A	20:33257996_CT_C
20:33728848_G_A	20:33261649_G_A
20:33728848_G_A	20:33271719_C_T
20:33728848_G_A	20:33278101_T_C
20:33728848_G_A	20:33279604_A_G
20:33728848_G_A	20:33280836_C_T
20:33728848_G_A	20:33281915_CT_C
20:33728848_G_A	20:33282198_G_C
20:33728848_G_A	20:33282275_T_C
20:33728848_G_A	20:33282574_A_G
20:33728848_G_A	20:33282580_A_G
20:33728848_G_A	20:33282780_G_C
20:33728848_G_A	20:33283403_T_C
20:33728848_G_A	20:33283444_G_T
20:33728848_G_A	20:33284770_A_ACAGCT
20:33728848_G_A	20:33285053_G_C
20:33728848_G_A	20:33285269_A_T
20:33728848_G_A	20:33285505_G_A
20:33728848_G_A	20:33285514_A_G
20:33728848_G_A	20:33286798_G_A
20:33728848_G_A	20:33286908_T_A
20:33728848_G_A	20:33287078_G_A
20:33728848_G_A	20:33287425_T_C
20:33728848_G_A	20:33294353_A_G
20:33728848_G_A	20:33409350_G_A
20:33728848_G_A	20:33422769_CA_C
20:33728848_G_A	20:33430974_C_CA
20:33728848_G_A	20:33438323_G_A
20:33728848_G_A	20:33476809_C_CT
20:33728848_G_A	20:33520975_A_G
20:33728848_G_A	20:33529766_T_G
20:33728848_G_A	20:33533186_G_GA
20:33728848_G_A	20:33536585_C_CA
20:33728848_G_A	20:33538721_G_T
20:33728848_G_A	20:33540000_G_A
20:33728848_G_A	20:33545055_G_A
20:33728848_G_A	20:33547633_T_G
20:33728848_G_A	20:33549946_C_T
20:33728848_G_A	20:33552612_A_G
20:33728848_G_A	20:33554761_C_T
20:33728848_G_A	20:33557564_T_C
20:33728848_G_A	20:33563611_C_T
20:33728848_G_A	20:33564852_CT_C
20:33728848_G_A	20:33566722_T_G
20:33728848_G_A	20:33572979_C_T
20:33728848_G_A	20:33574765_T_C
20:33728848_G_A	20:33578251_A_G
20:33728848_G_A	20:33581889_T_C
20:33728848_G_A	20:33583716_C_T
20:33728848_G_A	20:33588698_TGAGGCTGGGCAAGGGCTGTGGG_T
20:33728848_G_A	20:33589107_G_A
20:33728848_G_A	20:33590584_T_C
20:33728848_G_A	20:33591591_C_A
20:33728848_G_A	20:33592248_C_T
20:33728848_G_A	20:33596876_G_A
20:33728848_G_A	20:33599090_A_T
20:33728848_G_A	20:33600560_A_G
20:33728848_G_A	20:33600740_C_T
20:33728848_G_A	20:33601154_G_A
20:33728848_G_A	20:33602948_GC_G
20:33728848_G_A	20:33604407_T_C
20:33728848_G_A	20:33606002_G_A
20:33728848_G_A	20:33606383_C_A
20:33728848_G_A	20:33606977_G_C
20:33728848_G_A	20:33607551_C_T
20:33728848_G_A	20:33610822_T_G
20:33728848_G_A	20:33612655_A_C
20:33728848_G_A	20:33614449_T_C
20:33728848_G_A	20:33614955_T_C
20:33728848_G_A	20:33615702_A_C
20:33728848_G_A	20:33616301_T_C
20:33728848_G_A	20:33617581_G_A
20:33728848_G_A	20:33620086_C_A
20:33728848_G_A	20:33620306_G_A
20:33728848_G_A	20:33623437_C_T
20:33728848_G_A	20:33623701_C_A
20:33728848_G_A	20:33625075_A_G
20:33728848_G_A	20:33625082_A_G
20:33728848_G_A	20:33629427_T_C
20:33728848_G_A	20:33633326_A_G
20:33728848_G_A	20:33633758_C_T
20:33728848_G_A	20:33637060_T_G
20:33728848_G_A	20:33642112_T_C
20:33728848_G_A	20:33643296_T_C
20:33728848_G_A	20:33647587_TGAA_T
20:33728848_G_A	20:33648388_C_G
20:33728848_G_A	20:33651887_A_G
20:33728848_G_A	20:33652371_G_A
20:33728848_G_A	20:33653038_T_C
20:33728848_G_A	20:33659376_GT_G
20:33728848_G_A	20:33659697_CCCA_C
20:33728848_G_A	20:33659701_CCAA_C
20:33728848_G_A	20:33660752_T_C
20:33728848_G_A	20:33660761_T_C
20:33728848_G_A	20:33671141_A_C
20:33728848_G_A	20:33671831_G_A
20:33728848_G_A	20:33672371_G_A
20:33728848_G_A	20:33672527_ATATGTG_A
20:33728848_G_A	20:33674460_T_C
20:33728848_G_A	20:33676049_T_A
20:33728848_G_A	20:33685207_T_C
20:33728848_G_A	20:33694210_A_G
20:33728848_G_A	20:33694580_T_C
20:33728848_G_A	20:33694699_C_A
20:33728848_G_A	20:33694801_T_C
20:33728848_G_A	20:33719183_G_A
20:33728848_G_A	20:33720494_T_C
20:33728848_G_A	20:33726451_C_T
20:33728848_G_A	20:33727276_AC_A
20:33728848_G_A	20:33727431_C_T
20:33728848_G_A	20:33728678_T_C
20:33728848_G_A	20:33733078_T_C
20:33728848_G_A	20:33734464_A_G
20:33728848_G_A	20:33736814_G_T
20:33728848_G_A	20:33739804_CCCAT_C
20:33728848_G_A	20:33739831_G_A
20:33728848_G_A	20:33740005_T_C
20:33728848_G_A	20:33742645_GAAGGCAGCATGCTCGTT_G
20:33728848_G_A	20:33743609_A_C
20:33728848_G_A	20:33744134_C_T
20:33728848_G_A	20:33749811_C_G
20:33728848_G_A	20:33756333_CA_C
20:33728848_G_A	20:33772243_G_A
20:33728848_G_A	20:33774533_CA_C
20:33728848_G_A	20:33775369_G_A
20:33728848_G_A	20:33777068_CG_C
20:33728848_G_A	20:33777612_G_C
20:33728848_G_A	20:33783493_G_A
20:33728848_G_A	20:33783983_CAA_C
20:33728848_G_A	20:33793159_C_A
20:33728848_G_A	20:33794378_G_A
20:33728848_G_A	20:33802710_C_CT
20:33728848_G_A	20:33809251_G_A
20:33728848_G_A	20:33812001_C_CT
20:33728848_G_A	20:33819415_A_G
20:33728848_G_A	20:33820111_A_T
20:33728848_G_A	20:33829406_C_G
20:33728848_G_A	20:33847253_C_T
20:33728848_G_A	20:33864484_A_G
20:33728848_G_A	20:33880363_A_T
20:33728848_G_A	20:33880781_C_CTAAG
20:33728848_G_A	20:33881187_A_C
20:33728848_G_A	20:33882720_A_G
20:33728848_G_A	20:34175569_A_C
20:33728848_G_A	20:34223821_T_TG
20:33728848_G_A	20:34660075_C_T
20:33728848_G_A	20:34661921_A_AAAAT
20:33728848_G_A	20:34661938_A_AAATA
20:33728848_G_A	20:37425958_G_A
20:33728848_G_A	20:37426580_T_C
20:33728848_G_A	20:37438824_G_A
20:33728848_G_A	20:38105399_A_G
20:33728848_G_A	20:38248007_G_A
20:33728848_G_A	20:38248075_G_T
20:33728848_G_A	20:38248603_A_G
20:33728848_G_A	20:38255634_GT_G
20:33728848_G_A	20:38278304_A_T
20:33728848_G_A	20:38278420_A_G
20:33728848_G_A	20:38479009_C_T
20:33728848_G_A	20:42151420_CT_C
20:33728848_G_A	20:43479878_G_T
3:141154542_T_C	3:133234857_C_T
3:141154542_T_C	3:140277734_C_T
3:141154542_T_C	3:141067584_C_A
3:141154542_T_C	3:141067776_AC_A
3:141154542_T_C	3:141070563_TA_T
3:141154542_T_C	3:141071293_C_T
3:141154542_T_C	3:141072289_C_T
3:141154542_T_C	3:141072666_A_T
3:141154542_T_C	3:141073675_G_A
3:141154542_T_C	3:141077615_C_T
3:141154542_T_C	3:141079309_T_G
3:141154542_T_C	3:141082990_C_T
3:141154542_T_C	3:141085972_T_C
3:141154542_T_C	3:141087623_T_C
3:141154542_T_C	3:141092050_G_T
3:141154542_T_C	3:141093285_T_C
3:141154542_T_C	3:141094769_C_A
3:141154542_T_C	3:141095372_A_G
3:141154542_T_C	3:141095724_G_A
3:141154542_T_C	3:141095949_A_G
3:141154542_T_C	3:141096185_C_G
3:141154542_T_C	3:141096736_C_T
3:141154542_T_C	3:141096755_C_T
3:141154542_T_C	3:141100280_A_G
3:141154542_T_C	3:141101961_C_T
3:141154542_T_C	3:141104180_G_A
3:141154542_T_C	3:141106063_T_C
3:141154542_T_C	3:141106954_A_T
3:141154542_T_C	3:141109321_A_G
3:141154542_T_C	3:141109348_C_T
3:141154542_T_C	3:141110074_A_G
3:141154542_T_C	3:141112859_CTT_C
3:141154542_T_C	3:141115219_T_C
3:141154542_T_C	3:141117969_C_CT
3:141154542_T_C	3:141118028_A_G
3:141154542_T_C	3:141121814_A_C
3:141154542_T_C	3:141124607_T_C
3:141154542_T_C	3:141125186_A_G
3:141154542_T_C	3:141125439_T_C
3:141154542_T_C	3:141128804_G_A
3:141154542_T_C	3:141129999_G_A
3:141154542_T_C	3:141130835_C_T
3:141154542_T_C	3:141133450_G_A
3:141154542_T_C	3:141133960_G_A
3:141154542_T_C	3:141139330_G_A
3:141154542_T_C	3:141140366_A_T
3:141154542_T_C	3:141140968_C_T
3:141154542_T_C	3:141142691_G_A
3:141154542_T_C	3:141147414_T_C
3:141154542_T_C	3:141148419_G_A
3:141154542_T_C	3:141150026_A_G
3:141154542_T_C	3:141150990_G_A
3:141154542_T_C	3:141158614_A_G
3:141154542_T_C	3:142897226_G_T
3:141154542_T_C	3:142929888_C_T
14:42470148_GTA_G	14:33272791_G_A
14:42470148_GTA_G	14:38682981_C_T
14:42470148_GTA_G	14:38698664_ATAGT_A
14:42470148_GTA_G	14:39002736_A_G
14:42470148_GTA_G	14:39006072_A_G
14:42470148_GTA_G	14:39013496_CA_C
14:42470148_GTA_G	14:39531321_T_C
14:42470148_GTA_G	14:39537834_C_T
14:42470148_GTA_G	14:39554781_C_T
14:42470148_GTA_G	14:39567804_C_T
14:42470148_GTA_G	14:39570366_T_A
14:42470148_GTA_G	14:39571127_T_C
14:42470148_GTA_G	14:39578585_T_A
14:42470148_GTA_G	14:39580958_T_C
14:42470148_GTA_G	14:39583007_GA_G
14:42470148_GTA_G	14:39586791_A_G
14:42470148_GTA_G	14:39592240_C_T
14:42470148_GTA_G	14:39593203_TC_T
14:42470148_GTA_G	14:39595875_T_C
14:42470148_GTA_G	14:39597001_C_T
14:42470148_GTA_G	14:39597204_G_A
14:42470148_GTA_G	14:39597788_C_T
14:42470148_GTA_G	14:39601636_G_A
14:42470148_GTA_G	14:39609707_G_A
14:42470148_GTA_G	14:39613117_AAAAAAT_A
14:42470148_GTA_G	14:39618946_A_G
14:42470148_GTA_G	14:39620220_T_C
14:42470148_GTA_G	14:39620543_G_A
14:42470148_GTA_G	14:39624713_G_C
14:42470148_GTA_G	14:39628947_CT_C
14:42470148_GTA_G	14:39633903_T_C
14:42470148_GTA_G	14:39638541_TA_T
14:42470148_GTA_G	14:39639992_C_G
14:42470148_GTA_G	14:39645972_C_T
14:42470148_GTA_G	14:39647153_TTTAAG_T
14:42470148_GTA_G	14:39648629_C_T
14:42470148_GTA_G	14:39652402_A_G
14:42470148_GTA_G	14:39654253_G_T
14:42470148_GTA_G	14:39657427_A_G
14:42470148_GTA_G	14:39657516_A_AT
14:42470148_GTA_G	14:39664413_C_T
14:42470148_GTA_G	14:39669491_T_C
14:42470148_GTA_G	14:39670454_CA_C
14:42470148_GTA_G	14:39860643_TA_T
14:42470148_GTA_G	14:39893028_A_C
14:42470148_GTA_G	14:40046050_G_A
14:42470148_GTA_G	14:40074746_CAA_C
14:42470148_GTA_G	14:40093311_A_T
14:42470148_GTA_G	14:40100757_A_G
14:42470148_GTA_G	14:40104226_C_T
14:42470148_GTA_G	14:40127597_C_T
14:42470148_GTA_G	14:40131337_G_A
14:42470148_GTA_G	14:40408290_A_G
14:42470148_GTA_G	14:40439847_G_C
14:42470148_GTA_G	14:40594771_G_T
14:42470148_GTA_G	14:41349719_TA_T
14:42470148_GTA_G	14:41358142_A_C
14:42470148_GTA_G	14:41389263_C_T
14:42470148_GTA_G	14:41400347_A_G
14:42470148_GTA_G	14:41550917_A_G
14:42470148_GTA_G	14:41558920_T_C
14:42470148_GTA_G	14:41945442_A_T
14:42470148_GTA_G	14:41969215_C_A
14:42470148_GTA_G	14:41990696_A_C
14:42470148_GTA_G	14:42097676_A_G
14:42470148_GTA_G	14:42109696_A_G
14:42470148_GTA_G	14:42182364_G_A
14:42470148_GTA_G	14:42251751_T_C
14:42470148_GTA_G	14:42252412_T_G
14:42470148_GTA_G	14:42252905_A_G
14:42470148_GTA_G	14:42254858_A_G
14:42470148_GTA_G	14:42256714_C_CT
14:42470148_GTA_G	14:42257577_GT_G
14:42470148_GTA_G	14:42257744_A_T
14:42470148_GTA_G	14:42259068_G_A
14:42470148_GTA_G	14:42259109_A_AT
14:42470148_GTA_G	14:42259154_C_T
14:42470148_GTA_G	14:42259988_T_A
14:42470148_GTA_G	14:42262431_G_A
14:42470148_GTA_G	14:42269980_GA_G
14:42470148_GTA_G	14:42293782_G_A
14:42470148_GTA_G	14:42295971_A_G
14:42470148_GTA_G	14:42296685_T_G
14:42470148_GTA_G	14:42297825_T_C
14:42470148_GTA_G	14:42298393_A_G
14:42470148_GTA_G	14:42298763_G_T
14:42470148_GTA_G	14:42299064_T_C
14:42470148_GTA_G	14:42301786_A_T
14:42470148_GTA_G	14:42301986_G_A
14:42470148_GTA_G	14:42310739_A_G
14:42470148_GTA_G	14:42312483_G_A
14:42470148_GTA_G	14:42312874_C_G
14:42470148_GTA_G	14:42314739_G_A
14:42470148_GTA_G	14:42315658_C_T
14:42470148_GTA_G	14:42315824_A_T
14:42470148_GTA_G	14:42316802_C_G
14:42470148_GTA_G	14:42317153_T_C
14:42470148_GTA_G	14:42317467_C_G
14:42470148_GTA_G	14:42317815_G_A
14:42470148_GTA_G	14:42319581_A_G
14:42470148_GTA_G	14:42319865_C_T
14:42470148_GTA_G	14:42332804_T_C
14:42470148_GTA_G	14:42336575_T_G
14:42470148_GTA_G	14:42337012_G_C
14:42470148_GTA_G	14:42362572_A_AG
14:42470148_GTA_G	14:42378765_A_G
14:42470148_GTA_G	14:42380288_A_G
14:42470148_GTA_G	14:42388701_A_ATTAT
14:42470148_GTA_G	14:42416778_T_G
14:42470148_GTA_G	14:42428658_G_T
14:42470148_GTA_G	14:42431239_G_A
14:42470148_GTA_G	14:42442685_G_A
14:42470148_GTA_G	14:42458061_A_G
14:42470148_GTA_G	14:42458510_T_A
14:42470148_GTA_G	14:42462768_A_C
14:42470148_GTA_G	14:42463836_C_T
14:42470148_GTA_G	14:42467190_C_CTGTTG
14:42470148_GTA_G	14:42467441_G_A
14:42470148_GTA_G	14:42470003_T_A
14:42470148_GTA_G	14:42473439_C_T
14:42470148_GTA_G	14:42477917_T_C
14:42470148_GTA_G	14:42478258_C_T
14:42470148_GTA_G	14:42478495_G_GT
14:42470148_GTA_G	14:42479897_C_A
14:42470148_GTA_G	14:42480374_A_C
14:42470148_GTA_G	14:42480747_C_T
14:42470148_GTA_G	14:42481561_T_C
14:42470148_GTA_G	14:42485257_C_T
14:42470148_GTA_G	14:42486982_G_A
14:42470148_GTA_G	14:42490802_A_AT
14:42470148_GTA_G	14:42491063_G_A
14:42470148_GTA_G	14:42491358_G_A
14:42470148_GTA_G	14:42493390_C_T
14:42470148_GTA_G	14:42493456_GACCTCATGATCC_G
14:42470148_GTA_G	14:42493922_T_G
14:42470148_GTA_G	14:42496593_C_T
14:42470148_GTA_G	14:42497648_A_G
14:42470148_GTA_G	14:42498658_C_A
14:42470148_GTA_G	14:42499921_A_G
14:42470148_GTA_G	14:42500225_G_T
14:42470148_GTA_G	14:42505049_G_A
14:42470148_GTA_G	14:42506205_A_G
14:42470148_GTA_G	14:42514779_C_T
14:42470148_GTA_G	14:42516197_T_C
14:42470148_GTA_G	14:42534805_C_T
14:42470148_GTA_G	14:42537175_G_A
14:42470148_GTA_G	14:42537596_GT_G
14:42470148_GTA_G	14:42547110_C_T
14:42470148_GTA_G	14:42548202_C_A
14:42470148_GTA_G	14:42551770_T_C
14:42470148_GTA_G	14:42556863_C_T
14:42470148_GTA_G	14:42558711_A_G
14:42470148_GTA_G	14:42560814_C_T
14:42470148_GTA_G	14:42562057_AAT_A
14:42470148_GTA_G	14:42562113_A_AAT
14:42470148_GTA_G	14:42565016_T_A
14:42470148_GTA_G	14:42565260_A_G
14:42470148_GTA_G	14:42565699_C_G
14:42470148_GTA_G	14:42565715_T_C
14:42470148_GTA_G	14:42570146_A_C
14:42470148_GTA_G	14:42572121_C_T
14:42470148_GTA_G	14:42572186_AC_A
14:42470148_GTA_G	14:42572695_A_G
14:42470148_GTA_G	14:42573834_G_A
14:42470148_GTA_G	14:42574770_G_C
14:42470148_GTA_G	14:42579435_GCTGGGTAGTGTC_G
14:42470148_GTA_G	14:42582023_T_C
14:42470148_GTA_G	14:42582794_C_T
14:42470148_GTA_G	14:42583460_TAAAA_T
14:42470148_GTA_G	14:42585411_A_G
14:42470148_GTA_G	14:42585629_A_G
14:42470148_GTA_G	14:42586738_C_T
14:42470148_GTA_G	14:42589045_C_G
14:42470148_GTA_G	14:42591521_TA_T
14:42470148_GTA_G	14:42592764_T_A
14:42470148_GTA_G	14:42594835_C_T
14:42470148_GTA_G	14:42595336_TAA_T
14:42470148_GTA_G	14:42596373_C_T
14:42470148_GTA_G	14:42600257_A_G
14:42470148_GTA_G	14:42600279_A_G
14:42470148_GTA_G	14:42600677_A_C
14:42470148_GTA_G	14:42605134_T_C
14:42470148_GTA_G	14:42607513_C_T
14:42470148_GTA_G	14:42609167_C_G
14:42470148_GTA_G	14:42610885_A_G
14:42470148_GTA_G	14:42611305_C_T
14:42470148_GTA_G	14:42612317_A_G
14:42470148_GTA_G	14:42612982_C_T
14:42470148_GTA_G	14:42616889_G_A
14:42470148_GTA_G	14:42617037_AGAAAT_A
14:42470148_GTA_G	14:42622825_A_G
14:42470148_GTA_G	14:42623315_C_G
14:42470148_GTA_G	14:42624302_A_G
14:42470148_GTA_G	14:42624444_A_G
14:42470148_GTA_G	14:42624545_T_TA
14:42470148_GTA_G	14:42624879_G_A
14:42470148_GTA_G	14:42625057_C_A
14:42470148_GTA_G	14:42625318_CT_C
14:42470148_GTA_G	14:42625427_C_G
14:42470148_GTA_G	14:42625616_A_G
14:42470148_GTA_G	14:42628592_T_C
14:42470148_GTA_G	14:42629346_C_A
14:42470148_GTA_G	14:42629501_A_G
14:42470148_GTA_G	14:42629875_G_T
14:42470148_GTA_G	14:42630864_A_T
14:42470148_GTA_G	14:42631537_T_C
14:42470148_GTA_G	14:42632244_C_T
14:42470148_GTA_G	14:42633072_G_C
14:42470148_GTA_G	14:42634992_A_G
14:42470148_GTA_G	14:42636168_A_G
14:42470148_GTA_G	14:42636200_GC_G
14:42470148_GTA_G	14:42636973_C_G
14:42470148_GTA_G	14:42637256_G_T
14:42470148_GTA_G	14:42640764_T_C
14:42470148_GTA_G	14:42643100_G_T
14:42470148_GTA_G	14:42643673_T_G
14:42470148_GTA_G	14:42643972_G_T
14:42470148_GTA_G	14:42643980_G_A
14:42470148_GTA_G	14:42644218_T_A
14:42470148_GTA_G	14:42644564_G_A
14:42470148_GTA_G	14:42645947_G_A
14:42470148_GTA_G	14:42646230_A_G
14:42470148_GTA_G	14:42646231_C_T
14:42470148_GTA_G	14:42646465_A_AAAAAT
14:42470148_GTA_G	14:42647719_TA_T
14:42470148_GTA_G	14:42647775_T_TAAATC
14:42470148_GTA_G	14:42648697_T_G
14:42470148_GTA_G	14:42649596_AAAG_A
14:42470148_GTA_G	14:42649746_A_G
14:42470148_GTA_G	14:42650941_G_A
14:42470148_GTA_G	14:42650942_G_A
14:42470148_GTA_G	14:42650943_C_G
14:42470148_GTA_G	14:42651334_T_C
14:42470148_GTA_G	14:42651762_A_G
14:42470148_GTA_G	14:42652280_C_T
14:42470148_GTA_G	14:42655041_C_A
14:42470148_GTA_G	14:42655889_A_G
14:42470148_GTA_G	14:42657450_A_G
14:42470148_GTA_G	14:42657605_C_CAG
14:42470148_GTA_G	14:42657878_G_T
14:42470148_GTA_G	14:42658077_T_G
14:42470148_GTA_G	14:42658451_C_T
14:42470148_GTA_G	14:42661259_T_C
14:42470148_GTA_G	14:42662915_G_C
14:42470148_GTA_G	14:42663088_G_A
14:42470148_GTA_G	14:42663715_G_C
14:42470148_GTA_G	14:42663856_T_G
14:42470148_GTA_G	14:42663923_A_G
14:42470148_GTA_G	14:42664331_G_GT
14:42470148_GTA_G	14:42667291_C_T
14:42470148_GTA_G	14:42670320_C_T
14:42470148_GTA_G	14:42671400_CTCT_C
14:42470148_GTA_G	14:42672842_GT_G
14:42470148_GTA_G	14:42678772_G_A
14:42470148_GTA_G	14:42679136_A_AT
14:42470148_GTA_G	14:42681176_A_G
14:42470148_GTA_G	14:42685240_A_AT
14:42470148_GTA_G	14:42689844_GA_G
14:42470148_GTA_G	14:42691532_A_G
14:42470148_GTA_G	14:42692057_T_TAGAA
14:42470148_GTA_G	14:42695455_T_TC
14:42470148_GTA_G	14:42695486_C_T
14:42470148_GTA_G	14:42695945_G_C
14:42470148_GTA_G	14:42696740_G_A
14:42470148_GTA_G	14:42697090_C_T
14:42470148_GTA_G	14:42697483_T_A
14:42470148_GTA_G	14:42697928_C_T
14:42470148_GTA_G	14:42699246_T_G
14:42470148_GTA_G	14:42699653_A_C
14:42470148_GTA_G	14:42700179_T_A
14:42470148_GTA_G	14:42700859_T_C
14:42470148_GTA_G	14:42701135_T_C
14:42470148_GTA_G	14:42701963_G_A
14:42470148_GTA_G	14:42702824_T_C
14:42470148_GTA_G	14:42705040_T_C
14:42470148_GTA_G	14:42705668_A_G
14:42470148_GTA_G	14:42706326_T_C
14:42470148_GTA_G	14:42709144_C_T
14:42470148_GTA_G	14:42709206_A_C
14:42470148_GTA_G	14:42709293_C_T
14:42470148_GTA_G	14:42709386_G_A
14:42470148_GTA_G	14:42709420_G_T
14:42470148_GTA_G	14:42709911_CAT_C
14:42470148_GTA_G	14:42710121_G_A
14:42470148_GTA_G	14:42711076_C_G
14:42470148_GTA_G	14:42711141_AG_A
14:42470148_GTA_G	14:42711822_T_C
14:42470148_GTA_G	14:42712853_A_G
14:42470148_GTA_G	14:42714057_C_G
14:42470148_GTA_G	14:42714918_T_G
14:42470148_GTA_G	14:42715667_T_G
14:42470148_GTA_G	14:42715828_G_C
14:42470148_GTA_G	14:42716280_T_A
14:42470148_GTA_G	14:42716294_A_G
14:42470148_GTA_G	14:42716716_C_T
14:42470148_GTA_G	14:42716829_T_C
14:42470148_GTA_G	14:43070817_C_G
14:42470148_GTA_G	14:43072504_C_T
14:42470148_GTA_G	14:43072550_A_T
14:42470148_GTA_G	14:43073387_C_G
14:42470148_GTA_G	14:43074984_A_G
14:42470148_GTA_G	14:43077639_A_T
14:42470148_GTA_G	14:45260660_C_T
2:32255150_AAT_A	2:23343556_ACG_A
2:32255150_AAT_A	2:23344587_T_C
2:32255150_AAT_A	2:26741396_G_C
2:32255150_AAT_A	2:26741961_G_A
2:32255150_AAT_A	2:26742511_G_A
2:32255150_AAT_A	2:26743656_G_A
2:32255150_AAT_A	2:26747407_A_G
2:32255150_AAT_A	2:26749598_G_A
2:32255150_AAT_A	2:26752764_G_GGCAGCCCGGCCCACAGGCCTCATTCAGCGGCT
2:32255150_AAT_A	2:26752961_T_C
2:32255150_AAT_A	2:26753815_C_G
2:32255150_AAT_A	2:26754960_CAAA_C
2:32255150_AAT_A	2:26755365_G_A
2:32255150_AAT_A	2:26755551_A_G
2:32255150_AAT_A	2:26756208_C_T
2:32255150_AAT_A	2:26756651_T_C
2:32255150_AAT_A	2:26756764_A_C
2:32255150_AAT_A	2:26757169_G_T
2:32255150_AAT_A	2:26757574_T_C
2:32255150_AAT_A	2:26757926_A_G
2:32255150_AAT_A	2:26758032_G_A
2:32255150_AAT_A	2:26758803_C_T
2:32255150_AAT_A	2:26759660_G_A
2:32255150_AAT_A	2:26759838_A_G
2:32255150_AAT_A	2:26759848_A_C
2:32255150_AAT_A	2:26760015_A_C
2:32255150_AAT_A	2:26760923_C_T
2:32255150_AAT_A	2:26761219_G_A
2:32255150_AAT_A	2:26761367_C_T
2:32255150_AAT_A	2:26762046_A_G
2:32255150_AAT_A	2:26762394_G_C
2:32255150_AAT_A	2:26762903_A_G
2:32255150_AAT_A	2:26762999_G_A
2:32255150_AAT_A	2:26764249_T_C
2:32255150_AAT_A	2:26766071_G_A
2:32255150_AAT_A	2:26770270_A_C
2:32255150_AAT_A	2:26770546_A_C
2:32255150_AAT_A	2:26770593_G_A
2:32255150_AAT_A	2:27389533_GA_G
2:32255150_AAT_A	2:27389634_A_G
2:32255150_AAT_A	2:27389660_C_A
2:32255150_AAT_A	2:27390169_A_G
2:32255150_AAT_A	2:27401260_C_T
2:32255150_AAT_A	2:27404785_G_A
2:32255150_AAT_A	2:27410609_G_A
2:32255150_AAT_A	2:27411354_G_A
2:32255150_AAT_A	2:27412231_G_A
2:32255150_AAT_A	2:27412605_T_C
2:32255150_AAT_A	2:27412744_C_T
2:32255150_AAT_A	2:27414203_G_C
2:32255150_AAT_A	2:27416571_G_A
2:32255150_AAT_A	2:27418289_G_A
2:32255150_AAT_A	2:27426362_G_A
2:32255150_AAT_A	2:27432500_T_G
2:32255150_AAT_A	2:27438710_G_A
2:32255150_AAT_A	2:27438817_G_A
2:32255150_AAT_A	2:27441645_A_G
2:32255150_AAT_A	2:27441904_A_G
2:32255150_AAT_A	2:27443256_C_T
2:32255150_AAT_A	2:27443619_A_G
2:32255150_AAT_A	2:27443718_C_T
2:32255150_AAT_A	2:27445315_G_GT
2:32255150_AAT_A	2:27451000_C_T
2:32255150_AAT_A	2:27451099_C_T
2:32255150_AAT_A	2:27453679_A_G
2:32255150_AAT_A	2:27462076_C_T
2:32255150_AAT_A	2:27467598_C_T
2:32255150_AAT_A	2:27468856_T_C
2:32255150_AAT_A	2:27489851_GC_G
2:32255150_AAT_A	2:27506644_A_G
2:32255150_AAT_A	2:28819958_A_G
2:32255150_AAT_A	2:28819987_T_C
2:32255150_AAT_A	2:31588437_C_T
2:32255150_AAT_A	2:31590098_A_G
2:32255150_AAT_A	2:31592955_T_C
2:32255150_AAT_A	2:31593125_T_C
2:32255150_AAT_A	2:31594074_T_TG
2:32255150_AAT_A	2:31594789_A_C
2:32255150_AAT_A	2:31595574_A_G
2:32255150_AAT_A	2:31595895_T_C
2:32255150_AAT_A	2:31596096_C_T
2:32255150_AAT_A	2:31596413_TTG_T
2:32255150_AAT_A	2:31597165_T_C
2:32255150_AAT_A	2:31597727_G_GC
2:32255150_AAT_A	2:31597769_G_C
2:32255150_AAT_A	2:31597922_G_A
2:32255150_AAT_A	2:31600235_C_T
2:32255150_AAT_A	2:31601935_C_G
2:32255150_AAT_A	2:31602223_G_T
2:32255150_AAT_A	2:31610701_C_T
2:32255150_AAT_A	2:31615282_A_ATTAT
2:32255150_AAT_A	2:31616312_C_T
2:32255150_AAT_A	2:31616798_T_C
2:32255150_AAT_A	2:31618002_C_G
2:32255150_AAT_A	2:31618523_T_C
2:32255150_AAT_A	2:31620097_C_A
2:32255150_AAT_A	2:31624986_CAG_C
2:32255150_AAT_A	2:31626094_C_A
2:32255150_AAT_A	2:31627106_G_C
2:32255150_AAT_A	2:31628746_G_A
2:32255150_AAT_A	2:31634076_C_A
2:32255150_AAT_A	2:31634139_C_T
2:32255150_AAT_A	2:31636217_T_C
2:32255150_AAT_A	2:31638595_A_G
2:32255150_AAT_A	2:31643461_C_T
2:32255150_AAT_A	2:31644974_G_A
2:32255150_AAT_A	2:31645292_C_G
2:32255150_AAT_A	2:31646126_T_C
2:32255150_AAT_A	2:31652522_T_C
2:32255150_AAT_A	2:31672915_T_C
2:32255150_AAT_A	2:31680752_G_T
2:32255150_AAT_A	2:31688558_TTTGTATTGCTTCTGTTTTCTCACTCAAATAAGA_T
2:32255150_AAT_A	2:31698524_A_C
2:32255150_AAT_A	2:31717551_G_T
2:32255150_AAT_A	2:31718954_T_TA
2:32255150_AAT_A	2:31719147_G_A
2:32255150_AAT_A	2:31719536_C_T
2:32255150_AAT_A	2:31722758_C_A
2:32255150_AAT_A	2:31723310_A_G
2:32255150_AAT_A	2:31723712_G_A
2:32255150_AAT_A	2:31724292_C_A
2:32255150_AAT_A	2:31725016_G_A
2:32255150_AAT_A	2:31725052_G_A
2:32255150_AAT_A	2:31727639_G_A
2:32255150_AAT_A	2:31728286_A_C
2:32255150_AAT_A	2:31732361_A_G
2:32255150_AAT_A	2:31737229_C_CT
2:32255150_AAT_A	2:31739371_G_A
2:32255150_AAT_A	2:31739406_G_GA
2:32255150_AAT_A	2:31741950_A_C
2:32255150_AAT_A	2:31741953_T_C
2:32255150_AAT_A	2:31742762_C_T
2:32255150_AAT_A	2:31746967_G_C
2:32255150_AAT_A	2:31746976_G_A
2:32255150_AAT_A	2:31748207_C_T
2:32255150_AAT_A	2:31749028_T_C
2:32255150_AAT_A	2:31751178_A_T
2:32255150_AAT_A	2:31752857_T_G
2:32255150_AAT_A	2:31753831_A_G
2:32255150_AAT_A	2:31755485_C_T
2:32255150_AAT_A	2:31756618_T_TAAAATGAAAGGAGGGGCATTTAATTCCAA
2:32255150_AAT_A	2:31756627_A_G
2:32255150_AAT_A	2:31756631_G_A
2:32255150_AAT_A	2:31757024_T_G
2:32255150_AAT_A	2:31757157_T_C
2:32255150_AAT_A	2:31757555_A_G
2:32255150_AAT_A	2:31757858_A_G
2:32255150_AAT_A	2:31758191_C_A
2:32255150_AAT_A	2:31759286_T_C
2:32255150_AAT_A	2:31761580_G_A
2:32255150_AAT_A	2:31761801_C_CG
2:32255150_AAT_A	2:31766050_C_T
2:32255150_AAT_A	2:31766413_C_CA
2:32255150_AAT_A	2:31766998_C_T
2:32255150_AAT_A	2:31767610_C_A
2:32255150_AAT_A	2:31767949_T_C
2:32255150_AAT_A	2:31767950_A_G
2:32255150_AAT_A	2:31768478_T_G
2:32255150_AAT_A	2:31769005_T_C
2:32255150_AAT_A	2:31770059_A_C
2:32255150_AAT_A	2:31770148_G_GA
2:32255150_AAT_A	2:31770195_A_G
2:32255150_AAT_A	2:31771127_G_A
2:32255150_AAT_A	2:31771246_C_CT
2:32255150_AAT_A	2:31772165_T_C
2:32255150_AAT_A	2:31772441_T_C
2:32255150_AAT_A	2:31773187_T_C
2:32255150_AAT_A	2:31773795_C_T
2:32255150_AAT_A	2:31775263_GT_G
2:32255150_AAT_A	2:31776790_A_G
2:32255150_AAT_A	2:31778139_A_C
2:32255150_AAT_A	2:31779404_T_A
2:32255150_AAT_A	2:31779828_T_G
2:32255150_AAT_A	2:31780225_GA_G
2:32255150_AAT_A	2:31782280_A_G
2:32255150_AAT_A	2:31783752_C_T
2:32255150_AAT_A	2:31785120_A_G
2:32255150_AAT_A	2:31787669_T_G
2:32255150_AAT_A	2:31791793_C_T
2:32255150_AAT_A	2:31792581_T_C
2:32255150_AAT_A	2:31795427_G_T
2:32255150_AAT_A	2:31798765_T_C
2:32255150_AAT_A	2:31803023_A_G
2:32255150_AAT_A	2:31803856_G_GT
2:32255150_AAT_A	2:31805303_G_A
2:32255150_AAT_A	2:31808300_T_C
2:32255150_AAT_A	2:31812234_G_C
2:32255150_AAT_A	2:31814452_A_G
2:32255150_AAT_A	2:31814455_G_A
2:32255150_AAT_A	2:31815396_T_C
2:32255150_AAT_A	2:31815480_T_A
2:32255150_AAT_A	2:31817778_G_C
2:32255150_AAT_A	2:31818373_T_G
2:32255150_AAT_A	2:31819557_C_T
2:32255150_AAT_A	2:31820644_G_GA
2:32255150_AAT_A	2:31822772_G_A
2:32255150_AAT_A	2:31823585_G_A
2:32255150_AAT_A	2:31829863_T_TA
2:32255150_AAT_A	2:31833561_T_C
2:32255150_AAT_A	2:31842381_G_T
2:32255150_AAT_A	2:31846580_G_A
2:32255150_AAT_A	2:31852414_TC_T
2:32255150_AAT_A	2:31855636_A_C
2:32255150_AAT_A	2:31859207_CT_C
2:32255150_AAT_A	2:31879144_A_C
2:32255150_AAT_A	2:31891733_A_G
2:32255150_AAT_A	2:31892271_C_G
2:32255150_AAT_A	2:31901469_T_A
2:32255150_AAT_A	2:31904425_C_A
2:32255150_AAT_A	2:31905849_C_T
2:32255150_AAT_A	2:31907374_A_C
2:32255150_AAT_A	2:31909777_T_G
2:32255150_AAT_A	2:31909783_T_A
2:32255150_AAT_A	2:31917574_C_T
2:32255150_AAT_A	2:31921395_A_T
2:32255150_AAT_A	2:31924445_A_G
2:32255150_AAT_A	2:31927242_T_C
2:32255150_AAT_A	2:31928285_T_C
2:32255150_AAT_A	2:31933642_T_C
2:32255150_AAT_A	2:31933889_A_C
2:32255150_AAT_A	2:31941719_AAATAAT_A
2:32255150_AAT_A	2:31943683_G_A
2:32255150_AAT_A	2:31954312_A_T
2:32255150_AAT_A	2:31956676_G_A
2:32255150_AAT_A	2:31957380_C_A
2:32255150_AAT_A	2:31958978_C_G
2:32255150_AAT_A	2:31964538_G_T
2:32255150_AAT_A	2:31965543_A_C
2:32255150_AAT_A	2:31965692_C_T
2:32255150_AAT_A	2:31965948_T_C
2:32255150_AAT_A	2:31967845_C_T
2:32255150_AAT_A	2:31968142_A_T
2:32255150_AAT_A	2:31969321_A_T
2:32255150_AAT_A	2:31970574_A_G
2:32255150_AAT_A	2:31971258_C_A
2:32255150_AAT_A	2:31971852_T_C
2:32255150_AAT_A	2:31973450_T_C
2:32255150_AAT_A	2:31973755_C_T
2:32255150_AAT_A	2:31974441_G_C
2:32255150_AAT_A	2:31974542_C_T
2:32255150_AAT_A	2:31974543_G_A
2:32255150_AAT_A	2:31977447_G_T
2:32255150_AAT_A	2:31977451_T_A
2:32255150_AAT_A	2:31977591_A_G
2:32255150_AAT_A	2:31977673_T_TCAAA
2:32255150_AAT_A	2:31977970_G_A
2:32255150_AAT_A	2:31979300_C_T
2:32255150_AAT_A	2:31979405_T_C
2:32255150_AAT_A	2:31979632_A_G
2:32255150_AAT_A	2:31979713_T_C
2:32255150_AAT_A	2:31981761_A_G
2:32255150_AAT_A	2:31983371_T_G
2:32255150_AAT_A	2:31983773_C_T
2:32255150_AAT_A	2:31984410_T_G
2:32255150_AAT_A	2:31986156_G_GT
2:32255150_AAT_A	2:31986189_CCCAGGCT_C
2:32255150_AAT_A	2:31986311_T_C
2:32255150_AAT_A	2:31987443_A_C
2:32255150_AAT_A	2:31988620_G_A
2:32255150_AAT_A	2:31988955_T_C
2:32255150_AAT_A	2:31989586_T_A
2:32255150_AAT_A	2:31990328_T_C
2:32255150_AAT_A	2:31992664_A_G
2:32255150_AAT_A	2:31994962_G_A
2:32255150_AAT_A	2:31997220_T_TCCCCAA
2:32255150_AAT_A	2:31997224_C_CA
2:32255150_AAT_A	2:32000487_G_A
2:32255150_AAT_A	2:32003377_C_T
2:32255150_AAT_A	2:32005253_G_A
2:32255150_AAT_A	2:32005311_C_T
2:32255150_AAT_A	2:32011428_TAC_T
2:32255150_AAT_A	2:32011895_T_C
2:32255150_AAT_A	2:32014315_G_A
2:32255150_AAT_A	2:32016964_A_G
2:32255150_AAT_A	2:32017135_G_GA
2:32255150_AAT_A	2:32018238_TG_T
2:32255150_AAT_A	2:32018537_C_T
2:32255150_AAT_A	2:32018541_C_A
2:32255150_AAT_A	2:32020076_G_A
2:32255150_AAT_A	2:32020625_T_C
2:32255150_AAT_A	2:32020743_C_A
2:32255150_AAT_A	2:32023871_T_C
2:32255150_AAT_A	2:32024132_C_T
2:32255150_AAT_A	2:32024328_A_T
2:32255150_AAT_A	2:32029202_T_C
2:32255150_AAT_A	2:32030307_T_A
2:32255150_AAT_A	2:32030925_CTG_C
2:32255150_AAT_A	2:32034084_G_GT
2:32255150_AAT_A	2:32034699_A_AAAATAAATAAATAAATAAAT
2:32255150_AAT_A	2:32038400_G_A
2:32255150_AAT_A	2:32040425_T_C
2:32255150_AAT_A	2:32041167_AAT_A
2:32255150_AAT_A	2:32041735_G_A
2:32255150_AAT_A	2:32044130_G_A
2:32255150_AAT_A	2:32044482_T_C
2:32255150_AAT_A	2:32045932_G_A
2:32255150_AAT_A	2:32046814_C_T
2:32255150_AAT_A	2:32047298_G_A
2:32255150_AAT_A	2:32049612_C_T
2:32255150_AAT_A	2:32050833_C_T
2:32255150_AAT_A	2:32051580_C_G
2:32255150_AAT_A	2:32051761_G_C
2:32255150_AAT_A	2:32051864_C_T
2:32255150_AAT_A	2:32053055_T_C
2:32255150_AAT_A	2:32053795_A_G
2:32255150_AAT_A	2:32055168_C_T
2:32255150_AAT_A	2:32056243_T_C
2:32255150_AAT_A	2:32057426_C_G
2:32255150_AAT_A	2:32058725_T_C
2:32255150_AAT_A	2:32059410_G_A
2:32255150_AAT_A	2:32059451_GT_G
2:32255150_AAT_A	2:32059788_T_C
2:32255150_AAT_A	2:32061230_C_A
2:32255150_AAT_A	2:32061304_C_T
2:32255150_AAT_A	2:32062123_A_T
2:32255150_AAT_A	2:32062573_C_G
2:32255150_AAT_A	2:32062790_C_T
2:32255150_AAT_A	2:32063909_T_C
2:32255150_AAT_A	2:32064311_A_G
2:32255150_AAT_A	2:32065251_G_A
2:32255150_AAT_A	2:32065758_G_A
2:32255150_AAT_A	2:32068951_C_T
2:32255150_AAT_A	2:32069409_C_T
2:32255150_AAT_A	2:32070570_ATCTT_A
2:32255150_AAT_A	2:32071909_T_C
2:32255150_AAT_A	2:32071989_G_A
2:32255150_AAT_A	2:32072053_T_C
2:32255150_AAT_A	2:32073123_A_T
2:32255150_AAT_A	2:32073386_C_T
2:32255150_AAT_A	2:32075863_T_A
2:32255150_AAT_A	2:32076697_A_G
2:32255150_AAT_A	2:32077862_T_C
2:32255150_AAT_A	2:32078023_G_C
2:32255150_AAT_A	2:32079102_C_T
2:32255150_AAT_A	2:32079122_C_CCA
2:32255150_AAT_A	2:32082097_G_C
2:32255150_AAT_A	2:32083365_A_G
2:32255150_AAT_A	2:32083825_C_T
2:32255150_AAT_A	2:32084862_C_T
2:32255150_AAT_A	2:32086986_A_G
2:32255150_AAT_A	2:32090979_A_T
2:32255150_AAT_A	2:32090983_G_A
2:32255150_AAT_A	2:32091660_CAA_C
2:32255150_AAT_A	2:32095131_G_T
2:32255150_AAT_A	2:32100310_A_T
2:32255150_AAT_A	2:32101594_C_T
2:32255150_AAT_A	2:32102800_T_A
2:32255150_AAT_A	2:32105386_A_G
2:32255150_AAT_A	2:32107786_C_T
2:32255150_AAT_A	2:32107993_T_C
2:32255150_AAT_A	2:32109433_CTTAATG_C
2:32255150_AAT_A	2:32110004_TAAAAA_T
2:32255150_AAT_A	2:32110889_A_T
2:32255150_AAT_A	2:32112652_T_C
2:32255150_AAT_A	2:32112726_G_C
2:32255150_AAT_A	2:32112856_C_T
2:32255150_AAT_A	2:32118556_A_T
2:32255150_AAT_A	2:32122200_T_C
2:32255150_AAT_A	2:32122586_A_G
2:32255150_AAT_A	2:32124868_A_G
2:32255150_AAT_A	2:32124997_G_A
2:32255150_AAT_A	2:32126054_A_G
2:32255150_AAT_A	2:32127025_C_T
2:32255150_AAT_A	2:32127039_TA_T
2:32255150_AAT_A	2:32127272_G_A
2:32255150_AAT_A	2:32128396_C_T
2:32255150_AAT_A	2:32130032_A_G
2:32255150_AAT_A	2:32130123_T_C
2:32255150_AAT_A	2:32131096_G_A
2:32255150_AAT_A	2:32131357_G_T
2:32255150_AAT_A	2:32131480_C_T
2:32255150_AAT_A	2:32131560_T_C
2:32255150_AAT_A	2:32131683_C_T
2:32255150_AAT_A	2:32132797_A_G
2:32255150_AAT_A	2:32133752_C_T
2:32255150_AAT_A	2:32133950_A_G
2:32255150_AAT_A	2:32136374_A_T
2:32255150_AAT_A	2:32138775_G_A
2:32255150_AAT_A	2:32140639_AAAG_A
2:32255150_AAT_A	2:32144753_T_G
2:32255150_AAT_A	2:32146592_C_T
2:32255150_AAT_A	2:32147860_G_A
2:32255150_AAT_A	2:32147967_T_A
2:32255150_AAT_A	2:32148377_C_T
2:32255150_AAT_A	2:32148619_G_T
2:32255150_AAT_A	2:32148636_T_A
2:32255150_AAT_A	2:32149058_C_G
2:32255150_AAT_A	2:32149097_A_G
2:32255150_AAT_A	2:32149159_TCC_T
2:32255150_AAT_A	2:32149473_C_A
2:32255150_AAT_A	2:32151535_G_A
2:32255150_AAT_A	2:32151588_T_C
2:32255150_AAT_A	2:32152163_G_A
2:32255150_AAT_A	2:32152951_T_G
2:32255150_AAT_A	2:32153543_G_A
2:32255150_AAT_A	2:32154460_TA_T
2:32255150_AAT_A	2:32155446_A_G
2:32255150_AAT_A	2:32156619_GT_G
2:32255150_AAT_A	2:32165357_C_G
2:32255150_AAT_A	2:32165574_A_T
2:32255150_AAT_A	2:32169008_G_A
2:32255150_AAT_A	2:32169431_G_A
2:32255150_AAT_A	2:32170105_T_G
2:32255150_AAT_A	2:32172711_C_A
2:32255150_AAT_A	2:32174961_A_AAT
2:32255150_AAT_A	2:32174974_G_A
2:32255150_AAT_A	2:32176586_G_GT
2:32255150_AAT_A	2:32179532_T_A
2:32255150_AAT_A	2:32181424_G_A
2:32255150_AAT_A	2:32184568_C_T
2:32255150_AAT_A	2:32184570_G_GA
2:32255150_AAT_A	2:32186687_CA_C
2:32255150_AAT_A	2:32187085_T_TA
2:32255150_AAT_A	2:32187308_C_A
2:32255150_AAT_A	2:32188138_C_T
2:32255150_AAT_A	2:32188985_A_T
2:32255150_AAT_A	2:32189163_C_T
2:32255150_AAT_A	2:32189244_G_A
2:32255150_AAT_A	2:32189798_A_T
2:32255150_AAT_A	2:32190504_T_C
2:32255150_AAT_A	2:32192141_G_C
2:32255150_AAT_A	2:32192250_C_T
2:32255150_AAT_A	2:32192473_G_A
2:32255150_AAT_A	2:32194428_T_TGA
2:32255150_AAT_A	2:32194807_C_T
2:32255150_AAT_A	2:32196683_A_C
2:32255150_AAT_A	2:32196793_T_C
2:32255150_AAT_A	2:32197010_T_A
2:32255150_AAT_A	2:32197333_C_T
2:32255150_AAT_A	2:32198843_T_C
2:32255150_AAT_A	2:32198847_A_G
2:32255150_AAT_A	2:32201639_T_A
2:32255150_AAT_A	2:32204036_C_G
2:32255150_AAT_A	2:32204138_G_T
2:32255150_AAT_A	2:32204162_G_A
2:32255150_AAT_A	2:32205078_TA_T
2:32255150_AAT_A	2:32205167_C_T
2:32255150_AAT_A	2:32207012_C_T
2:32255150_AAT_A	2:32207788_A_G
2:32255150_AAT_A	2:32208197_A_C
2:32255150_AAT_A	2:32208270_T_C
2:32255150_AAT_A	2:32208606_C_T
2:32255150_AAT_A	2:32210061_A_C
2:32255150_AAT_A	2:32211059_T_C
2:32255150_AAT_A	2:32211232_G_A
2:32255150_AAT_A	2:32213348_G_T
2:32255150_AAT_A	2:32213910_T_C
2:32255150_AAT_A	2:32215573_T_C
2:32255150_AAT_A	2:32218204_C_T
2:32255150_AAT_A	2:32219300_A_C
2:32255150_AAT_A	2:32219325_C_T
2:32255150_AAT_A	2:32219693_T_C
2:32255150_AAT_A	2:32219709_T_A
2:32255150_AAT_A	2:32221472_G_C
2:32255150_AAT_A	2:32221652_C_T
2:32255150_AAT_A	2:32225006_G_C
2:32255150_AAT_A	2:32225859_A_ATT
2:32255150_AAT_A	2:32226101_AT_A
2:32255150_AAT_A	2:32226135_T_G
2:32255150_AAT_A	2:32226266_G_C
2:32255150_AAT_A	2:32226289_T_C
2:32255150_AAT_A	2:32226725_T_C
2:32255150_AAT_A	2:32227382_A_C
2:32255150_AAT_A	2:32229450_A_G
2:32255150_AAT_A	2:32232618_C_CA
2:32255150_AAT_A	2:32232877_T_C
2:32255150_AAT_A	2:32233268_A_G
2:32255150_AAT_A	2:32234656_G_A
2:32255150_AAT_A	2:32234946_T_C
2:32255150_AAT_A	2:32237289_A_G
2:32255150_AAT_A	2:32239396_A_G
2:32255150_AAT_A	2:32239554_CT_C
2:32255150_AAT_A	2:32240153_CA_C
2:32255150_AAT_A	2:32240176_C_A
2:32255150_AAT_A	2:32241769_A_C
2:32255150_AAT_A	2:32242452_A_G
2:32255150_AAT_A	2:32244489_A_G
2:32255150_AAT_A	2:32244587_T_A
2:32255150_AAT_A	2:32244924_T_C
2:32255150_AAT_A	2:32247579_A_AT
2:32255150_AAT_A	2:32247931_A_T
2:32255150_AAT_A	2:32248479_C_CCATT
2:32255150_AAT_A	2:32249910_C_T
2:32255150_AAT_A	2:32249919_TAAGTC_T
2:32255150_AAT_A	2:32250257_A_G
2:32255150_AAT_A	2:32250440_A_G
2:32255150_AAT_A	2:32251223_T_G
2:32255150_AAT_A	2:32251470_A_C
2:32255150_AAT_A	2:32253322_A_G
2:32255150_AAT_A	2:32253727_G_A
2:32255150_AAT_A	2:32255491_A_G
2:32255150_AAT_A	2:32255553_C_G
2:32255150_AAT_A	2:32256310_A_G
2:32255150_AAT_A	2:32257659_T_C
2:32255150_AAT_A	2:32257717_A_G
2:32255150_AAT_A	2:32258069_AAAT_A
2:32255150_AAT_A	2:32261220_AT_A
2:32255150_AAT_A	2:32263087_C_T
2:32255150_AAT_A	2:32265917_C_A
2:32255150_AAT_A	2:32268410_T_C
2:32255150_AAT_A	2:32268586_T_C
2:32255150_AAT_A	2:32268640_C_G
2:32255150_AAT_A	2:32270146_G_A
2:32255150_AAT_A	2:32271364_C_T
2:32255150_AAT_A	2:32271710_G_A
2:32255150_AAT_A	2:32271742_A_G
2:32255150_AAT_A	2:32272138_CA_C
2:32255150_AAT_A	2:32272223_G_A
2:32255150_AAT_A	2:32272254_C_T
2:32255150_AAT_A	2:32272399_G_A
2:32255150_AAT_A	2:32273202_C_T
2:32255150_AAT_A	2:32274217_G_A
2:32255150_AAT_A	2:32275311_C_G
2:32255150_AAT_A	2:32275328_G_A
2:32255150_AAT_A	2:32275919_CT_C
2:32255150_AAT_A	2:32278782_A_G
2:32255150_AAT_A	2:32279128_C_CT
2:32255150_AAT_A	2:32279133_G_A
2:32255150_AAT_A	2:32279923_C_G
2:32255150_AAT_A	2:32281500_G_T
2:32255150_AAT_A	2:32281509_G_T
2:32255150_AAT_A	2:32282297_T_C
2:32255150_AAT_A	2:32282340_G_C
2:32255150_AAT_A	2:32282362_A_G
2:32255150_AAT_A	2:32284770_T_A
2:32255150_AAT_A	2:32286411_A_T
2:32255150_AAT_A	2:32286826_G_A
2:32255150_AAT_A	2:32288478_C_A
2:32255150_AAT_A	2:32289746_T_C
2:32255150_AAT_A	2:32294620_C_CT
2:32255150_AAT_A	2:32295136_AAT_A
2:32255150_AAT_A	2:32297273_A_G
2:32255150_AAT_A	2:32297486_G_A
2:32255150_AAT_A	2:32299652_T_G
2:32255150_AAT_A	2:32300928_C_CT
2:32255150_AAT_A	2:32304573_T_TA
2:32255150_AAT_A	2:32304694_A_ATC
2:32255150_AAT_A	2:32305000_A_G
2:32255150_AAT_A	2:32306113_C_T
2:32255150_AAT_A	2:32307386_A_G
2:32255150_AAT_A	2:32308102_G_A
2:32255150_AAT_A	2:32308666_C_T
2:32255150_AAT_A	2:32311284_C_T
2:32255150_AAT_A	2:32311776_G_A
2:32255150_AAT_A	2:32312700_T_C
2:32255150_AAT_A	2:32314131_G_C
2:32255150_AAT_A	2:32314287_T_C
2:32255150_AAT_A	2:32314473_A_T
2:32255150_AAT_A	2:32316023_T_C
2:32255150_AAT_A	2:32317550_T_C
2:32255150_AAT_A	2:32318075_C_CA
2:32255150_AAT_A	2:32318428_C_G
2:32255150_AAT_A	2:32321394_T_C
2:32255150_AAT_A	2:32322495_G_A
2:32255150_AAT_A	2:32324135_G_A
2:32255150_AAT_A	2:32325330_C_T
2:32255150_AAT_A	2:32326147_C_T
2:32255150_AAT_A	2:32326237_C_T
2:32255150_AAT_A	2:32326352_A_C
2:32255150_AAT_A	2:32326506_C_T
2:32255150_AAT_A	2:32330885_C_T
2:32255150_AAT_A	2:32332543_G_A
2:32255150_AAT_A	2:32332637_T_C
2:32255150_AAT_A	2:32335099_A_T
2:32255150_AAT_A	2:32335173_GTTT_G
2:32255150_AAT_A	2:32335807_G_A
2:32255150_AAT_A	2:32335947_C_A
2:32255150_AAT_A	2:32335981_C_A
2:32255150_AAT_A	2:32337391_C_T
2:32255150_AAT_A	2:32337673_C_T
2:32255150_AAT_A	2:32337728_G_GT
2:32255150_AAT_A	2:32337906_C_CT
2:32255150_AAT_A	2:32338915_T_C
2:32255150_AAT_A	2:32340177_C_T
2:32255150_AAT_A	2:32344834_C_T
2:32255150_AAT_A	2:32345123_C_T
2:32255150_AAT_A	2:32345325_A_T
2:32255150_AAT_A	2:32373650_G_A
2:32255150_AAT_A	2:32389371_G_A
2:32255150_AAT_A	2:32390054_C_T
2:32255150_AAT_A	2:32394704_C_T
2:32255150_AAT_A	2:32398134_T_C
2:32255150_AAT_A	2:32400596_G_C
2:32255150_AAT_A	2:32400679_GAAAGT_G
2:32255150_AAT_A	2:32402411_G_A
2:32255150_AAT_A	2:32404141_C_T
2:32255150_AAT_A	2:32413804_A_G
2:32255150_AAT_A	2:32418729_A_G
2:32255150_AAT_A	2:32423330_A_G
2:32255150_AAT_A	2:32424432_T_G
2:32255150_AAT_A	2:32425630_C_G
2:32255150_AAT_A	2:32425982_A_T
2:32255150_AAT_A	2:32426822_T_C
2:32255150_AAT_A	2:32431321_C_T
2:32255150_AAT_A	2:32436471_AAAAAC_A
2:32255150_AAT_A	2:32439281_G_A
2:32255150_AAT_A	2:32442001_A_G
2:32255150_AAT_A	2:32442124_A_T
2:32255150_AAT_A	2:32442997_A_C
2:32255150_AAT_A	2:32443314_A_G
2:32255150_AAT_A	2:32443519_A_G
2:32255150_AAT_A	2:32444054_T_C
2:32255150_AAT_A	2:32447868_A_G
2:32255150_AAT_A	2:32448506_C_A
2:32255150_AAT_A	2:32449261_C_T
2:32255150_AAT_A	2:32452001_T_A
2:32255150_AAT_A	2:32452144_C_T
2:32255150_AAT_A	2:32455762_G_A
2:32255150_AAT_A	2:32479033_C_CA
2:32255150_AAT_A	2:32481098_T_A
2:32255150_AAT_A	2:32494285_A_G
2:32255150_AAT_A	2:32495259_GAATAAAATAA_G
2:32255150_AAT_A	2:32507648_C_T
2:32255150_AAT_A	2:32654636_A_C
2:32255150_AAT_A	2:32659434_C_T
2:32255150_AAT_A	2:32714745_A_C
2:32255150_AAT_A	2:34335077_G_GT
2:32255150_AAT_A	2:35271325_A_T
2:32255150_AAT_A	2:37057207_C_A
2:32255150_AAT_A	2:37059858_AT_A
2:32255150_AAT_A	2:37150069_G_A
2:32255150_AAT_A	2:37156649_T_G
2:32255150_AAT_A	2:37330661_G_T
2:32255150_AAT_A	2:37381806_C_T
2:32255150_AAT_A	2:37393568_CTCCT_C
2:32255150_AAT_A	2:37405531_A_G
2:32255150_AAT_A	2:37408958_A_G
2:32255150_AAT_A	2:37409801_A_G
2:32255150_AAT_A	2:37410231_A_C
2:32255150_AAT_A	2:37411222_T_A
2:32255150_AAT_A	2:37472046_A_ATTAG
2:32255150_AAT_A	2:38406790_G_C
2:32255150_AAT_A	2:40370483_G_A
2:32255150_AAT_A	2:40372332_TTCTC_T
2:32255150_AAT_A	2:40372704_A_G
2:32255150_AAT_A	2:40372775_G_A
2:32255150_AAT_A	2:40374372_TA_T
2:32255150_AAT_A	2:40374912_G_A
8:25910975_G_A	8:17755494_T_C
8:25910975_G_A	8:18175244_A_G
8:25910975_G_A	8:20475804_C_T
8:25910975_G_A	8:20476106_G_A
8:25910975_G_A	8:21553025_G_C
8:25910975_G_A	8:23099748_ATT_A
8:25910975_G_A	8:23551936_C_T
8:25910975_G_A	8:24679770_C_T
8:25910975_G_A	8:24686580_TTTTC_T
8:25910975_G_A	8:24689972_A_G
8:25910975_G_A	8:24739891_G_C
8:25910975_G_A	8:24777827_CA_C
8:25910975_G_A	8:24778956_C_T
8:25910975_G_A	8:24779492_A_G
8:25910975_G_A	8:25871881_G_T
8:25910975_G_A	8:25880400_T_C
8:25910975_G_A	8:25888110_G_A
8:25910975_G_A	8:25889267_C_T
8:25910975_G_A	8:25889446_T_G
8:25910975_G_A	8:25889501_C_A
8:25910975_G_A	8:25889606_C_T
8:25910975_G_A	8:25890549_T_C
8:25910975_G_A	8:25891653_A_G
8:25910975_G_A	8:25892919_G_A
8:25910975_G_A	8:25894275_T_G
8:25910975_G_A	8:25895899_C_T
8:25910975_G_A	8:25896005_G_T
8:25910975_G_A	8:25898316_C_T
8:25910975_G_A	8:25900405_G_T
8:25910975_G_A	8:25900969_C_T
8:25910975_G_A	8:25901579_A_G
8:25910975_G_A	8:25901840_A_G
8:25910975_G_A	8:25902171_CG_C
8:25910975_G_A	8:25902501_G_A
8:25910975_G_A	8:25902792_G_GAA
8:25910975_G_A	8:25903178_G_A
8:25910975_G_A	8:25903179_G_A
8:25910975_G_A	8:25903383_C_T
8:25910975_G_A	8:25903453_A_T
8:25910975_G_A	8:25903639_A_C
8:25910975_G_A	8:25903768_G_C
8:25910975_G_A	8:25904388_G_A
8:25910975_G_A	8:25904488_G_T
8:25910975_G_A	8:25905606_G_T
8:25910975_G_A	8:25905963_T_G
8:25910975_G_A	8:25906097_C_G
8:25910975_G_A	8:25908797_A_G
8:25910975_G_A	8:25909499_C_T
8:25910975_G_A	8:25911166_CT_C
8:25910975_G_A	8:25911192_C_T
8:25910975_G_A	8:25911467_A_G
8:25910975_G_A	8:25911841_T_TC
8:25910975_G_A	8:25911903_A_C
8:25910975_G_A	8:25912059_G_C
8:25910975_G_A	8:25913258_A_G
8:25910975_G_A	8:25916018_T_C
8:25910975_G_A	8:25917711_G_A
8:25910975_G_A	8:25919020_C_T
8:25910975_G_A	8:25920224_G_C
8:25910975_G_A	8:25920295_A_G
8:25910975_G_A	8:25921153_A_C
8:25910975_G_A	8:25921266_G_A
8:25910975_G_A	8:25925835_A_AT
8:25910975_G_A	8:25933257_G_T
8:25910975_G_A	8:25935021_G_A
8:25910975_G_A	8:26698168_T_A
8:25910975_G_A	8:26698515_C_A
8:25910975_G_A	8:26699937_A_C
8:25910975_G_A	8:26703750_G_T
8:25910975_G_A	8:26705581_A_G
8:25910975_G_A	8:26710792_A_T
8:25910975_G_A	8:26770965_G_A
8:25910975_G_A	8:27102042_A_G
8:25910975_G_A	8:27103511_T_C
8:25910975_G_A	8:27220828_G_A
8:25910975_G_A	8:34102808_A_AT
8:25910975_G_A	8:34102809_G_T
8:25910975_G_A	8:34102810_C_CA
8:25910975_G_A	8:34107273_C_G
8:25910975_G_A	8:34327471_T_C
1:46787732_C_T	1:37541759_T_C
1:46787732_C_T	1:41509674_T_C
1:46787732_C_T	1:45766922_C_T
1:46787732_C_T	1:46855660_C_T
1:46787732_C_T	1:46896834_C_T
1:46787732_C_T	1:54608091_T_C
1:46787732_C_T	1:54610389_C_G
1:46787732_C_T	1:54612610_G_A
1:46787732_C_T	1:54728858_C_T
1:46787732_C_T	1:54728864_G_C
1:46787732_C_T	1:54771045_AC_A
1:46787732_C_T	1:54799107_C_T
1:46787732_C_T	1:54801454_G_A
1:46787732_C_T	1:55608984_G_C
10:130649756_A_T	10:124434905_A_G
10:130649756_A_T	10:126198328_A_C
10:130649756_A_T	10:126199289_G_C
10:130649756_A_T	10:126199573_G_A
10:130649756_A_T	10:126200145_C_T
10:130649756_A_T	10:126200146_A_G
10:130649756_A_T	10:126200421_T_C
10:130649756_A_T	10:126201926_G_C
10:130649756_A_T	10:126202070_A_G
10:130649756_A_T	10:126202455_C_T
10:130649756_A_T	10:126204581_C_G
10:130649756_A_T	10:126208385_A_AT
10:130649756_A_T	10:126229235_C_T
10:130649756_A_T	10:126229822_C_T
10:130649756_A_T	10:126590781_AT_A
10:130649756_A_T	10:130236652_T_C
10:130649756_A_T	10:130255948_C_A
10:130649756_A_T	10:130256859_A_G
10:130649756_A_T	10:130258262_T_C
10:130649756_A_T	10:130258458_G_T
10:130649756_A_T	10:130637610_A_G
10:130649756_A_T	10:130638089_A_G
10:130649756_A_T	10:130639298_T_G
10:130649756_A_T	10:130639885_A_G
10:130649756_A_T	10:130641688_T_G
10:130649756_A_T	10:130642465_TA_T
10:130649756_A_T	10:130643484_GA_G
10:130649756_A_T	10:130643528_G_C
10:130649756_A_T	10:130643809_C_T
10:130649756_A_T	10:130643944_G_A
10:130649756_A_T	10:130647873_C_T
10:130649756_A_T	10:130652895_G_A
10:130649756_A_T	10:130652909_G_A
10:130649756_A_T	10:130653783_C_T
10:130649756_A_T	10:130654402_T_C
10:130649756_A_T	10:130654416_A_C
10:130649756_A_T	10:130654815_G_C
10:130649756_A_T	10:130655916_G_C
10:130649756_A_T	10:130656238_C_T
10:130649756_A_T	10:130657945_G_A
10:130649756_A_T	10:130661340_T_C
10:130649756_A_T	10:130662667_T_G
10:130649756_A_T	10:130662740_C_A
10:130649756_A_T	10:130665454_C_G
10:130649756_A_T	10:130665951_C_T
10:130649756_A_T	10:130666009_C_T
10:130649756_A_T	10:130666385_G_A
10:130649756_A_T	10:130669061_G_T
10:130649756_A_T	10:131813494_G_A
10:130649756_A_T	10:132743986_T_A
10:130649756_A_T	10:133108620_T_A
10:130649756_A_T	10:133914913_G_A
10:130649756_A_T	10:134626256_C_T
18:44894422_C_T	18:35999514_A_G
18:44894422_C_T	18:36002518_T_C
18:44894422_C_T	18:36005037_C_T
18:44894422_C_T	18:36005924_CTT_C
18:44894422_C_T	18:36019921_T_C
18:44894422_C_T	18:36019959_G_A
18:44894422_C_T	18:36020316_A_T
18:44894422_C_T	18:36021461_CAGTT_C
18:44894422_C_T	18:36021750_G_A
18:44894422_C_T	18:37627274_C_CT
18:44894422_C_T	18:37628168_G_C
18:44894422_C_T	18:37637553_G_C
18:44894422_C_T	18:42371070_A_G
18:44894422_C_T	18:42421909_C_T
18:44894422_C_T	18:42443643_C_A
18:44894422_C_T	18:42462467_T_C
18:44894422_C_T	18:42663629_C_T
18:44894422_C_T	18:42664912_G_A
18:44894422_C_T	18:44818332_T_C
18:44894422_C_T	18:44818996_T_A
18:44894422_C_T	18:44819555_T_G
18:44894422_C_T	18:44819660_C_A
18:44894422_C_T	18:44820032_T_C
18:44894422_C_T	18:44820214_A_G
18:44894422_C_T	18:44820672_C_G
18:44894422_C_T	18:44821590_A_C
18:44894422_C_T	18:44821653_G_A
18:44894422_C_T	18:44833498_G_A
18:44894422_C_T	18:44839888_G_A
18:44894422_C_T	18:44856030_C_T
18:44894422_C_T	18:44856529_C_T
18:44894422_C_T	18:44857203_C_G
18:44894422_C_T	18:44857476_C_T
18:44894422_C_T	18:44858634_C_T
18:44894422_C_T	18:44862757_C_T
18:44894422_C_T	18:44862895_C_T
18:44894422_C_T	18:44863964_C_T
18:44894422_C_T	18:44865012_T_G
18:44894422_C_T	18:44866736_C_T
18:44894422_C_T	18:44868325_C_T
18:44894422_C_T	18:44868657_T_A
18:44894422_C_T	18:44869536_A_G
18:44894422_C_T	18:44870499_T_C
18:44894422_C_T	18:44871276_T_A
18:44894422_C_T	18:44872206_A_G
18:44894422_C_T	18:44872413_G_A
18:44894422_C_T	18:44872493_G_T
18:44894422_C_T	18:44872516_C_T
18:44894422_C_T	18:44872584_C_T
18:44894422_C_T	18:44873077_T_C
18:44894422_C_T	18:44873088_T_C
18:44894422_C_T	18:44873363_G_A
18:44894422_C_T	18:44874472_G_C
18:44894422_C_T	18:44874567_C_CTTTAT
18:44894422_C_T	18:44874596_C_CT
18:44894422_C_T	18:44874762_C_A
18:44894422_C_T	18:44875738_C_T
18:44894422_C_T	18:44876073_C_T
18:44894422_C_T	18:44876506_G_A
18:44894422_C_T	18:44877277_C_A
18:44894422_C_T	18:44877795_T_G
18:44894422_C_T	18:44877797_T_G
18:44894422_C_T	18:44878674_G_A
18:44894422_C_T	18:44878964_A_G
18:44894422_C_T	18:44879369_A_C
18:44894422_C_T	18:44879485_T_G
18:44894422_C_T	18:44879650_A_G
18:44894422_C_T	18:44879846_C_G
18:44894422_C_T	18:44879954_A_G
18:44894422_C_T	18:44879973_T_C
18:44894422_C_T	18:44880056_A_G
18:44894422_C_T	18:44880331_T_C
18:44894422_C_T	18:44880444_C_A
18:44894422_C_T	18:44880492_A_C
18:44894422_C_T	18:44881460_G_A
18:44894422_C_T	18:44882625_C_T
18:44894422_C_T	18:44882633_G_GT
18:44894422_C_T	18:44883655_T_C
18:44894422_C_T	18:44884049_A_ACT
18:44894422_C_T	18:44884074_C_G
18:44894422_C_T	18:44884220_G_A
18:44894422_C_T	18:44884874_C_T
18:44894422_C_T	18:44885048_C_T
18:44894422_C_T	18:44887078_G_C
18:44894422_C_T	18:44887089_G_A
18:44894422_C_T	18:44887542_G_A
18:44894422_C_T	18:44888455_C_G
18:44894422_C_T	18:44889208_C_T
18:44894422_C_T	18:44889441_G_A
18:44894422_C_T	18:44889811_T_C
18:44894422_C_T	18:44891703_A_T
18:44894422_C_T	18:44891781_T_G
18:44894422_C_T	18:44891936_T_C
18:44894422_C_T	18:44894189_G_A
18:44894422_C_T	18:44894244_A_G
18:44894422_C_T	18:44894550_C_G
18:44894422_C_T	18:44894583_C_T
18:44894422_C_T	18:44895853_A_G
18:44894422_C_T	18:44895906_T_A
18:44894422_C_T	18:44896320_G_A
18:44894422_C_T	18:44897101_A_T
18:44894422_C_T	18:44897715_A_T
18:44894422_C_T	18:44898600_C_T
18:44894422_C_T	18:44898765_T_C
18:44894422_C_T	18:44899151_T_C
18:44894422_C_T	18:44899258_T_G
18:44894422_C_T	18:44899325_C_T
18:44894422_C_T	18:44901510_A_AT
18:44894422_C_T	18:44901877_T_G
18:44894422_C_T	18:44902098_G_A
18:44894422_C_T	18:44902493_T_C
18:44894422_C_T	18:44902739_C_T
18:44894422_C_T	18:44903065_C_T
18:44894422_C_T	18:44903080_T_G
18:44894422_C_T	18:44903703_T_C
18:44894422_C_T	18:44903775_CGGGATTAT_C
18:44894422_C_T	18:44904220_T_A
18:44894422_C_T	18:44904396_C_T
18:44894422_C_T	18:44904407_A_G
18:44894422_C_T	18:44904832_A_C
18:44894422_C_T	18:44905068_C_G
18:44894422_C_T	18:44907283_A_G
18:44894422_C_T	18:44909766_G_A
18:44894422_C_T	18:44911895_C_G
18:44894422_C_T	18:44912463_C_T
18:44894422_C_T	18:44912590_T_A
18:44894422_C_T	18:44912592_G_A
18:44894422_C_T	18:44914573_C_G
18:44894422_C_T	18:44914621_G_A
18:44894422_C_T	18:44916984_C_CT
18:44894422_C_T	18:44918211_T_G
18:44894422_C_T	18:44919327_T_C
18:44894422_C_T	18:44919744_C_T
18:44894422_C_T	18:44920187_C_T
18:44894422_C_T	18:44920320_G_A
18:44894422_C_T	18:44920540_C_A
18:44894422_C_T	18:44922416_TA_T
18:44894422_C_T	18:44924931_G_A
18:44894422_C_T	18:44925036_C_T
18:44894422_C_T	18:44925053_C_T
18:44894422_C_T	18:44925335_A_AG
18:44894422_C_T	18:44925336_A_ATTTG
18:44894422_C_T	18:44925337_C_CAAT
18:44894422_C_T	18:44925339_G_T
18:44894422_C_T	18:44925341_G_GATT
18:44894422_C_T	18:44925342_C_G
18:44894422_C_T	18:44925527_A_G
18:44894422_C_T	18:44926860_G_T
18:44894422_C_T	18:44926901_A_G
18:44894422_C_T	18:44926921_C_T
18:44894422_C_T	18:44926933_C_T
18:44894422_C_T	18:44926993_A_G
18:44894422_C_T	18:44927137_A_G
18:44894422_C_T	18:44927505_C_T
18:44894422_C_T	18:44927899_A_AC
18:44894422_C_T	18:44927980_A_G
18:44894422_C_T	18:44930028_T_C
18:44894422_C_T	18:44930051_T_G
18:44894422_C_T	18:44930052_T_C
18:44894422_C_T	18:44930510_C_T
18:44894422_C_T	18:44931534_A_C
18:44894422_C_T	18:44931899_C_T
18:44894422_C_T	18:44932018_A_G
18:44894422_C_T	18:44932406_G_C
18:44894422_C_T	18:44932492_G_C
18:44894422_C_T	18:44932591_T_A
18:44894422_C_T	18:44933349_A_G
18:44894422_C_T	18:44933557_A_G
18:44894422_C_T	18:44935103_C_A
18:44894422_C_T	18:44935435_C_T
18:44894422_C_T	18:44935775_A_G
18:44894422_C_T	18:45596285_C_A
18:44894422_C_T	18:50241917_T_C
17:45269766_A_G	17:36654312_AC_A
17:45269766_A_G	17:39944425_C_CA
17:45269766_A_G	17:40031749_A_C
17:45269766_A_G	17:41086679_AAAG_A
17:45269766_A_G	17:41087416_C_CTT
17:45269766_A_G	17:41088172_C_CA
17:45269766_A_G	17:41089375_C_A
17:45269766_A_G	17:41091622_C_T
17:45269766_A_G	17:41094461_C_T
17:45269766_A_G	17:41151190_T_C
17:45269766_A_G	17:41154261_G_A
17:45269766_A_G	17:41156153_A_T
17:45269766_A_G	17:41170898_T_C
17:45269766_A_G	17:41171481_G_A
17:45269766_A_G	17:41172907_A_G
17:45269766_A_G	17:41173226_A_T
17:45269766_A_G	17:41174025_A_C
17:45269766_A_G	17:41176688_T_C
17:45269766_A_G	17:41176831_G_A
17:45269766_A_G	17:41179864_C_T
17:45269766_A_G	17:41180772_C_T
17:45269766_A_G	17:41181297_T_C
17:45269766_A_G	17:41181746_A_G
17:45269766_A_G	17:41181835_C_T
17:45269766_A_G	17:41181898_A_G
17:45269766_A_G	17:41182662_G_A
17:45269766_A_G	17:41184263_G_GT
17:45269766_A_G	17:41186030_GA_G
17:45269766_A_G	17:41187567_T_G
17:45269766_A_G	17:41187684_A_C
17:45269766_A_G	17:41187974_G_C
17:45269766_A_G	17:41188342_A_G
17:45269766_A_G	17:41188786_G_A
17:45269766_A_G	17:41189045_A_G
17:45269766_A_G	17:41189383_G_T
17:45269766_A_G	17:41190140_A_AACAC
17:45269766_A_G	17:41190715_G_A
17:45269766_A_G	17:41191129_G_T
17:45269766_A_G	17:41192016_C_CAT
17:45269766_A_G	17:41193910_A_T
17:45269766_A_G	17:41194885_T_C
17:45269766_A_G	17:41195025_T_A
17:45269766_A_G	17:41195711_G_C
17:45269766_A_G	17:41195773_A_G
17:45269766_A_G	17:41196408_G_A
17:45269766_A_G	17:41197274_C_A
17:45269766_A_G	17:41198621_A_G
17:45269766_A_G	17:41199913_T_C
17:45269766_A_G	17:41200109_T_C
17:45269766_A_G	17:41200537_T_C
17:45269766_A_G	17:41200704_GT_G
17:45269766_A_G	17:41201702_C_T
17:45269766_A_G	17:41202688_G_A
17:45269766_A_G	17:41203325_T_A
17:45269766_A_G	17:41203591_T_C
17:45269766_A_G	17:41204377_A_G
17:45269766_A_G	17:41204390_T_C
17:45269766_A_G	17:41205772_G_A
17:45269766_A_G	17:41205941_A_G
17:45269766_A_G	17:41206056_T_C
17:45269766_A_G	17:41206761_AT_A
17:45269766_A_G	17:41209578_T_C
17:45269766_A_G	17:41210396_A_C
17:45269766_A_G	17:41211653_A_G
17:45269766_A_G	17:41212169_C_T
17:45269766_A_G	17:41212338_A_C
17:45269766_A_G	17:41212547_C_T
17:45269766_A_G	17:41212805_C_T
17:45269766_A_G	17:41213626_G_T
17:45269766_A_G	17:41213660_T_C
17:45269766_A_G	17:41213893_C_T
17:45269766_A_G	17:41213996_C_T
17:45269766_A_G	17:41214209_CAA_C
17:45269766_A_G	17:41215825_C_T
17:45269766_A_G	17:41216205_G_T
17:45269766_A_G	17:41216933_T_C
17:45269766_A_G	17:41217874_C_T
17:45269766_A_G	17:41218333_G_A
17:45269766_A_G	17:41218572_T_C
17:45269766_A_G	17:41219341_G_T
17:45269766_A_G	17:41219560_C_T
17:45269766_A_G	17:41219780_T_C
17:45269766_A_G	17:41219804_T_C
17:45269766_A_G	17:41220223_A_G
17:45269766_A_G	17:41222462_A_G
17:45269766_A_G	17:41222723_T_C
17:45269766_A_G	17:41223094_T_C
17:45269766_A_G	17:41223538_G_GAATGTTCACTGTAACAATGCTTGT
17:45269766_A_G	17:41224833_G_C
17:45269766_A_G	17:41225781_A_T
17:45269766_A_G	17:41225839_T_C
17:45269766_A_G	17:41226601_G_C
17:45269766_A_G	17:41226675_A_T
17:45269766_A_G	17:41226736_GGGGTT_G
17:45269766_A_G	17:41229352_C_CT
17:45269766_A_G	17:41229386_T_C
17:45269766_A_G	17:41229760_AT_A
17:45269766_A_G	17:41229763_T_A
17:45269766_A_G	17:41229773_T_C
17:45269766_A_G	17:41229812_A_G
17:45269766_A_G	17:41229857_G_A
17:45269766_A_G	17:41229908_T_A
17:45269766_A_G	17:41230105_CT_C
17:45269766_A_G	17:41230228_G_A
17:45269766_A_G	17:41230336_A_G
17:45269766_A_G	17:41230376_A_G
17:45269766_A_G	17:41230524_T_G
17:45269766_A_G	17:41230537_A_T
17:45269766_A_G	17:41230990_A_G
17:45269766_A_G	17:41231221_A_C
17:45269766_A_G	17:41231516_C_T
17:45269766_A_G	17:41231902_G_A
17:45269766_A_G	17:41234470_A_G
17:45269766_A_G	17:41235799_G_A
17:45269766_A_G	17:41237953_G_A
17:45269766_A_G	17:41239472_G_A
17:45269766_A_G	17:41239491_T_C
17:45269766_A_G	17:41239628_A_G
17:45269766_A_G	17:41241390_C_A
17:45269766_A_G	17:41241503_T_C
17:45269766_A_G	17:41241568_T_TC
17:45269766_A_G	17:41242075_AAAG_A
17:45269766_A_G	17:41242285_T_G
17:45269766_A_G	17:41243190_T_G
17:45269766_A_G	17:41244936_G_A
17:45269766_A_G	17:41245237_A_G
17:45269766_A_G	17:41247122_A_ACCT
17:45269766_A_G	17:41247604_A_C
17:45269766_A_G	17:41248164_C_T
17:45269766_A_G	17:41248393_C_CAAAAAAAAAAA
17:45269766_A_G	17:41248484_G_C
17:45269766_A_G	17:41248588_CA_C
17:45269766_A_G	17:41249094_A_G
17:45269766_A_G	17:41249363_TA_T
17:45269766_A_G	17:41250678_C_CT
17:45269766_A_G	17:41250923_T_C
17:45269766_A_G	17:41251495_C_G
17:45269766_A_G	17:41251646_T_A
17:45269766_A_G	17:41252612_T_A
17:45269766_A_G	17:41252613_T_C
17:45269766_A_G	17:41254174_A_G
17:45269766_A_G	17:41254405_C_T
17:45269766_A_G	17:41254486_T_G
17:45269766_A_G	17:41255102_A_G
17:45269766_A_G	17:41255111_A_T
17:45269766_A_G	17:41256075_AAAAAAAAAAAAG_A
17:45269766_A_G	17:41256100_AAAG_A
17:45269766_A_G	17:41257134_T_C
17:45269766_A_G	17:41257458_A_C
17:45269766_A_G	17:41258043_C_T
17:45269766_A_G	17:41259049_C_T
17:45269766_A_G	17:41260352_C_CA
17:45269766_A_G	17:41260808_A_G
17:45269766_A_G	17:41261058_T_TCTATCTATCTACCTAC
17:45269766_A_G	17:41261233_C_T
17:45269766_A_G	17:41263044_A_G
17:45269766_A_G	17:41263566_T_C
17:45269766_A_G	17:41264146_G_A
17:45269766_A_G	17:41264364_A_G
17:45269766_A_G	17:41264740_TGA_T
17:45269766_A_G	17:41264743_CT_C
17:45269766_A_G	17:41264749_C_G
17:45269766_A_G	17:41264750_A_T
17:45269766_A_G	17:41264753_C_T
17:45269766_A_G	17:41264755_TGAAAC_T
17:45269766_A_G	17:41265776_A_G
17:45269766_A_G	17:41266407_C_CT
17:45269766_A_G	17:41267050_G_A
17:45269766_A_G	17:41267518_CA_C
17:45269766_A_G	17:41268206_A_C
17:45269766_A_G	17:41270229_T_G
17:45269766_A_G	17:41270277_C_T
17:45269766_A_G	17:41270463_G_A
17:45269766_A_G	17:41270666_C_A
17:45269766_A_G	17:41271293_GA_G
17:45269766_A_G	17:41273095_G_A
17:45269766_A_G	17:41273348_T_C
17:45269766_A_G	17:41273379_G_C
17:45269766_A_G	17:41273537_A_C
17:45269766_A_G	17:41274778_G_A
17:45269766_A_G	17:41274906_G_A
17:45269766_A_G	17:41275081_G_GA
17:45269766_A_G	17:41275151_G_C
17:45269766_A_G	17:41275645_A_G
17:45269766_A_G	17:41276247_A_G
17:45269766_A_G	17:41276348_T_C
17:45269766_A_G	17:41277187_G_C
17:45269766_A_G	17:41278005_G_GTGT
17:45269766_A_G	17:41278116_T_C
17:45269766_A_G	17:41278377_G_A
17:45269766_A_G	17:41278916_A_G
17:45269766_A_G	17:41279298_A_G
17:45269766_A_G	17:41279561_G_C
17:45269766_A_G	17:41279770_A_G
17:45269766_A_G	17:41279837_C_A
17:45269766_A_G	17:41279882_A_G
17:45269766_A_G	17:41280073_G_A
17:45269766_A_G	17:41280682_A_G
17:45269766_A_G	17:41281680_T_C
17:45269766_A_G	17:41281754_G_A
17:45269766_A_G	17:41283377_C_T
17:45269766_A_G	17:41283854_G_A
17:45269766_A_G	17:41283865_A_G
17:45269766_A_G	17:41284699_A_G
17:45269766_A_G	17:41284742_T_C
17:45269766_A_G	17:41284792_T_A
17:45269766_A_G	17:41286822_T_G
17:45269766_A_G	17:41287145_T_C
17:45269766_A_G	17:41287315_G_GC
17:45269766_A_G	17:41287880_A_G
17:45269766_A_G	17:41287924_C_A
17:45269766_A_G	17:41288843_A_G
17:45269766_A_G	17:41289764_A_G
17:45269766_A_G	17:41290613_G_T
17:45269766_A_G	17:41290674_G_C
17:45269766_A_G	17:41291194_CT_C
17:45269766_A_G	17:41291779_G_T
17:45269766_A_G	17:41292323_T_C
17:45269766_A_G	17:41292427_C_G
17:45269766_A_G	17:41292739_G_A
17:45269766_A_G	17:41293613_C_T
17:45269766_A_G	17:41294955_G_A
17:45269766_A_G	17:41294957_G_A
17:45269766_A_G	17:41295489_G_A
17:45269766_A_G	17:41296197_A_G
17:45269766_A_G	17:41297652_A_C
17:45269766_A_G	17:41297992_G_T
17:45269766_A_G	17:41298434_T_C
17:45269766_A_G	17:41298499_G_A
17:45269766_A_G	17:41298515_C_T
17:45269766_A_G	17:41299407_T_C
17:45269766_A_G	17:41299589_C_T
17:45269766_A_G	17:41299607_A_G
17:45269766_A_G	17:41299831_C_CCT
17:45269766_A_G	17:41299928_G_C
17:45269766_A_G	17:41300799_C_A
17:45269766_A_G	17:41301286_T_TG
17:45269766_A_G	17:41301428_T_G
17:45269766_A_G	17:41301709_C_T
17:45269766_A_G	17:41302750_T_C
17:45269766_A_G	17:41302940_C_G
17:45269766_A_G	17:41303071_C_T
17:45269766_A_G	17:41304463_T_C
17:45269766_A_G	17:41305397_C_T
17:45269766_A_G	17:41305571_T_TC
17:45269766_A_G	17:41305826_G_T
17:45269766_A_G	17:41305883_G_A
17:45269766_A_G	17:41306523_C_T
17:45269766_A_G	17:41306697_TTAAG_T
17:45269766_A_G	17:41307473_A_C
17:45269766_A_G	17:41307687_C_G
17:45269766_A_G	17:41307702_G_C
17:45269766_A_G	17:41307703_C_T
17:45269766_A_G	17:41307772_G_A
17:45269766_A_G	17:41308274_A_G
17:45269766_A_G	17:41309752_G_T
17:45269766_A_G	17:41310495_T_C
17:45269766_A_G	17:41311469_T_G
17:45269766_A_G	17:41312859_T_C
17:45269766_A_G	17:41313612_A_G
17:45269766_A_G	17:41316747_C_G
17:45269766_A_G	17:41317432_C_T
17:45269766_A_G	17:41317802_CT_C
17:45269766_A_G	17:41317811_T_TAGACTGTCTA
17:45269766_A_G	17:41317896_T_A
17:45269766_A_G	17:41318800_T_C
17:45269766_A_G	17:41318932_G_A
17:45269766_A_G	17:41321387_C_T
17:45269766_A_G	17:41321846_C_T
17:45269766_A_G	17:41325020_T_C
17:45269766_A_G	17:41325342_A_G
17:45269766_A_G	17:41325490_G_A
17:45269766_A_G	17:41326087_T_G
17:45269766_A_G	17:41326508_A_G
17:45269766_A_G	17:41326898_G_A
17:45269766_A_G	17:41326940_G_A
17:45269766_A_G	17:41327621_A_G
17:45269766_A_G	17:41327648_T_C
17:45269766_A_G	17:41327650_G_GT
17:45269766_A_G	17:41328095_A_G
17:45269766_A_G	17:41328818_T_A
17:45269766_A_G	17:41329010_A_G
17:45269766_A_G	17:41329172_T_C
17:45269766_A_G	17:41329847_G_A
17:45269766_A_G	17:41330024_T_C
17:45269766_A_G	17:41330265_A_G
17:45269766_A_G	17:41330383_CT_C
17:45269766_A_G	17:41330820_C_G
17:45269766_A_G	17:41331306_C_T
17:45269766_A_G	17:41331460_G_A
17:45269766_A_G	17:41331597_T_C
17:45269766_A_G	17:41331816_C_T
17:45269766_A_G	17:41331919_T_TCTTGAGTCCTGAGCATCA
17:45269766_A_G	17:41332330_T_C
17:45269766_A_G	17:41333786_A_G
17:45269766_A_G	17:41334016_C_A
17:45269766_A_G	17:41334749_C_T
17:45269766_A_G	17:41334925_T_C
17:45269766_A_G	17:41335472_A_G
17:45269766_A_G	17:41337472_C_T
17:45269766_A_G	17:41337900_A_C
17:45269766_A_G	17:41339487_G_A
17:45269766_A_G	17:41339697_T_C
17:45269766_A_G	17:41340689_A_G
17:45269766_A_G	17:41341984_A_G
17:45269766_A_G	17:41342313_A_C
17:45269766_A_G	17:41344312_A_T
17:45269766_A_G	17:41344502_C_T
17:45269766_A_G	17:41346283_G_A
17:45269766_A_G	17:41346798_T_C
17:45269766_A_G	17:41347816_T_C
17:45269766_A_G	17:41347821_G_A
17:45269766_A_G	17:41348148_A_C
17:45269766_A_G	17:41348222_T_TA
17:45269766_A_G	17:41349312_G_A
17:45269766_A_G	17:41349336_T_A
17:45269766_A_G	17:41349535_C_CA
17:45269766_A_G	17:41349713_A_G
17:45269766_A_G	17:41351099_G_A
17:45269766_A_G	17:41351400_T_A
17:45269766_A_G	17:41351731_A_G
17:45269766_A_G	17:41352643_C_T
17:45269766_A_G	17:41353088_G_A
17:45269766_A_G	17:41353806_C_T
17:45269766_A_G	17:41353919_A_G
17:45269766_A_G	17:41354011_A_G
17:45269766_A_G	17:41354888_A_G
17:45269766_A_G	17:41356559_A_G
17:45269766_A_G	17:41356947_A_G
17:45269766_A_G	17:41357647_A_G
17:45269766_A_G	17:41358152_G_A
17:45269766_A_G	17:41359589_C_T
17:45269766_A_G	17:41361342_G_A
17:45269766_A_G	17:41362272_C_G
17:45269766_A_G	17:41362721_C_T
17:45269766_A_G	17:41364910_A_G
17:45269766_A_G	17:41370074_T_G
17:45269766_A_G	17:41370337_A_T
17:45269766_A_G	17:41370984_C_A
17:45269766_A_G	17:41371751_CAA_C
17:45269766_A_G	17:41371844_A_G
17:45269766_A_G	17:41371958_T_C
17:45269766_A_G	17:41372116_C_CT
17:45269766_A_G	17:41373899_C_G
17:45269766_A_G	17:41374463_G_A
17:45269766_A_G	17:41374609_CT_C
17:45269766_A_G	17:41374780_GT_G
17:45269766_A_G	17:41374793_GT_G
17:45269766_A_G	17:41375555_T_G
17:45269766_A_G	17:41375597_A_G
17:45269766_A_G	17:41376104_C_T
17:45269766_A_G	17:41377185_C_T
17:45269766_A_G	17:41377739_T_A
17:45269766_A_G	17:41377871_C_T
17:45269766_A_G	17:41377969_C_T
17:45269766_A_G	17:41378392_AAAG_A
17:45269766_A_G	17:41379112_A_G
17:45269766_A_G	17:41380756_C_T
17:45269766_A_G	17:41382596_G_A
17:45269766_A_G	17:41383176_C_CA
17:45269766_A_G	17:41383726_C_CTGTG
17:45269766_A_G	17:41383772_G_A
17:45269766_A_G	17:41384118_A_G
17:45269766_A_G	17:41384405_C_T
17:45269766_A_G	17:41384487_TCAAACAAA_T
17:45269766_A_G	17:41385485_T_C
17:45269766_A_G	17:41385976_C_T
17:45269766_A_G	17:41386553_GA_G
17:45269766_A_G	17:41386574_A_G
17:45269766_A_G	17:41387033_A_G
17:45269766_A_G	17:41387051_A_G
17:45269766_A_G	17:41387074_CAA_C
17:45269766_A_G	17:41387375_A_G
17:45269766_A_G	17:41387445_T_C
17:45269766_A_G	17:41387610_T_C
17:45269766_A_G	17:41387716_G_A
17:45269766_A_G	17:41387871_G_A
17:45269766_A_G	17:41388568_C_G
17:45269766_A_G	17:41389393_G_T
17:45269766_A_G	17:41391759_G_A
17:45269766_A_G	17:41392153_T_C
17:45269766_A_G	17:41393247_T_A
17:45269766_A_G	17:41393260_G_A
17:45269766_A_G	17:41393265_T_C
17:45269766_A_G	17:41393275_C_A
17:45269766_A_G	17:41393295_T_C
17:45269766_A_G	17:41393438_G_A
17:45269766_A_G	17:41394075_C_T
17:45269766_A_G	17:41394177_C_T
17:45269766_A_G	17:41394798_C_T
17:45269766_A_G	17:41394877_C_T
17:45269766_A_G	17:41395491_G_T
17:45269766_A_G	17:41395592_T_A
17:45269766_A_G	17:41396491_T_C
17:45269766_A_G	17:41396505_T_G
17:45269766_A_G	17:41397495_G_A
17:45269766_A_G	17:41397883_CT_C
17:45269766_A_G	17:41398579_C_T
17:45269766_A_G	17:41399445_G_C
17:45269766_A_G	17:41399932_C_G
17:45269766_A_G	17:41400913_T_C
17:45269766_A_G	17:41401482_G_T
17:45269766_A_G	17:41401570_A_T
17:45269766_A_G	17:41401582_A_G
17:45269766_A_G	17:41401730_G_A
17:45269766_A_G	17:41401733_T_G
17:45269766_A_G	17:41402020_C_T
17:45269766_A_G	17:41402144_G_A
17:45269766_A_G	17:41402342_C_T
17:45269766_A_G	17:41402874_T_C
17:45269766_A_G	17:41403329_C_G
17:45269766_A_G	17:41403711_C_T
17:45269766_A_G	17:41403767_C_G
17:45269766_A_G	17:41404231_G_T
17:45269766_A_G	17:41405417_A_G
17:45269766_A_G	17:41408001_G_C
17:45269766_A_G	17:41408054_G_A
17:45269766_A_G	17:41408266_T_C
17:45269766_A_G	17:41408297_G_A
17:45269766_A_G	17:41408581_A_G
17:45269766_A_G	17:41408858_A_G
17:45269766_A_G	17:41409416_T_C
17:45269766_A_G	17:41409653_T_G
17:45269766_A_G	17:41409774_G_A
17:45269766_A_G	17:41410460_C_T
17:45269766_A_G	17:41410918_C_T
17:45269766_A_G	17:41411602_G_C
17:45269766_A_G	17:41412250_A_C
17:45269766_A_G	17:41413074_C_CTTG
17:45269766_A_G	17:41414025_A_G
17:45269766_A_G	17:41414293_G_A
17:45269766_A_G	17:41414324_C_G
17:45269766_A_G	17:41414679_A_G
17:45269766_A_G	17:41415016_A_T
17:45269766_A_G	17:41415023_T_C
17:45269766_A_G	17:41415522_A_G
17:45269766_A_G	17:41416058_T_C
17:45269766_A_G	17:41417072_GGTTAA_G
17:45269766_A_G	17:41417113_A_T
17:45269766_A_G	17:41417382_A_G
17:45269766_A_G	17:41418334_A_G
17:45269766_A_G	17:41419385_A_G
17:45269766_A_G	17:41420035_A_G
17:45269766_A_G	17:41420143_G_T
17:45269766_A_G	17:41421876_C_G
17:45269766_A_G	17:41421904_T_C
17:45269766_A_G	17:41422131_C_T
17:45269766_A_G	17:41422985_T_C
17:45269766_A_G	17:41423017_G_A
17:45269766_A_G	17:41423944_C_T
17:45269766_A_G	17:41424033_A_C
17:45269766_A_G	17:41424052_G_A
17:45269766_A_G	17:41424101_C_A
17:45269766_A_G	17:41424195_T_TA
17:45269766_A_G	17:41424253_G_A
17:45269766_A_G	17:41424565_G_A
17:45269766_A_G	17:41424919_C_G
17:45269766_A_G	17:41425739_C_T
17:45269766_A_G	17:41425893_A_T
17:45269766_A_G	17:41425901_A_G
17:45269766_A_G	17:41426157_A_G
17:45269766_A_G	17:41427403_A_C
17:45269766_A_G	17:41427469_A_G
17:45269766_A_G	17:41427721_A_G
17:45269766_A_G	17:41428061_T_C
17:45269766_A_G	17:41428666_G_A
17:45269766_A_G	17:41429038_CCTAA_C
17:45269766_A_G	17:41430179_C_G
17:45269766_A_G	17:41431808_A_G
17:45269766_A_G	17:41432820_A_G
17:45269766_A_G	17:41432968_CT_C
17:45269766_A_G	17:41433660_G_T
17:45269766_A_G	17:41433935_G_GC
17:45269766_A_G	17:41434874_G_T
17:45269766_A_G	17:41434990_G_T
17:45269766_A_G	17:41435192_C_T
17:45269766_A_G	17:41435437_G_C
17:45269766_A_G	17:41435665_C_T
17:45269766_A_G	17:41436183_A_G
17:45269766_A_G	17:41436440_T_C
17:45269766_A_G	17:41436595_A_T
17:45269766_A_G	17:41437398_A_G
17:45269766_A_G	17:41437547_T_C
17:45269766_A_G	17:41437552_T_C
17:45269766_A_G	17:41438584_C_G
17:45269766_A_G	17:41438698_G_A
17:45269766_A_G	17:41439802_G_A
17:45269766_A_G	17:41442751_A_G
17:45269766_A_G	17:41443014_T_C
17:45269766_A_G	17:41445145_G_A
17:45269766_A_G	17:41445410_A_T
17:45269766_A_G	17:41445459_G_C
17:45269766_A_G	17:41445460_C_A
17:45269766_A_G	17:41445462_C_G
17:45269766_A_G	17:41449294_T_A
17:45269766_A_G	17:41457386_A_AC
17:45269766_A_G	17:42058897_G_A
17:45269766_A_G	17:42061523_TA_T
17:45269766_A_G	17:42066535_G_T
17:45269766_A_G	17:42071463_C_T
17:45269766_A_G	17:42072559_A_G
17:45269766_A_G	17:42074464_T_A
17:45269766_A_G	17:42075724_G_A
17:45269766_A_G	17:42135906_C_CA
17:45269766_A_G	17:42165346_G_A
17:45269766_A_G	17:42230673_T_A
17:45269766_A_G	17:42261504_C_G
17:45269766_A_G	17:42339672_C_T
17:45269766_A_G	17:42890141_G_A
17:45269766_A_G	17:42895556_G_C
17:45269766_A_G	17:42898479_G_C
17:45269766_A_G	17:42900986_G_C
17:45269766_A_G	17:42903105_T_C
17:45269766_A_G	17:42911987_G_A
17:45269766_A_G	17:42915984_C_T
17:45269766_A_G	17:42984377_G_A
17:45269766_A_G	17:42988177_G_A
17:45269766_A_G	17:43101281_A_C
17:45269766_A_G	17:43101382_C_T
17:45269766_A_G	17:43102286_A_C
17:45269766_A_G	17:43102588_C_T
17:45269766_A_G	17:43104469_A_G
17:45269766_A_G	17:43105631_G_C
17:45269766_A_G	17:43106844_T_C
17:45269766_A_G	17:43112822_CG_C
17:45269766_A_G	17:43121077_C_T
17:45269766_A_G	17:43121490_A_C
17:45269766_A_G	17:43121502_A_G
17:45269766_A_G	17:43122016_T_C
17:45269766_A_G	17:43124499_GA_G
17:45269766_A_G	17:43126607_G_A
17:45269766_A_G	17:43127715_A_C
17:45269766_A_G	17:43128906_T_A
17:45269766_A_G	17:43130624_G_GGTTT
17:45269766_A_G	17:43133627_C_G
17:45269766_A_G	17:43133628_C_T
17:45269766_A_G	17:43134624_A_G
17:45269766_A_G	17:43135449_A_G
17:45269766_A_G	17:43137770_A_G
17:45269766_A_G	17:43141342_C_T
17:45269766_A_G	17:43141966_A_G
17:45269766_A_G	17:43144195_C_T
17:45269766_A_G	17:43144218_T_C
17:45269766_A_G	17:43147275_A_G
17:45269766_A_G	17:43149988_T_C
17:45269766_A_G	17:43151400_T_C
17:45269766_A_G	17:43152719_C_G
17:45269766_A_G	17:43152877_T_C
17:45269766_A_G	17:43153006_A_G
17:45269766_A_G	17:43155914_G_A
17:45269766_A_G	17:43156716_T_C
17:45269766_A_G	17:43157329_A_G
17:45269766_A_G	17:43157709_G_A
17:45269766_A_G	17:43161114_A_G
17:45269766_A_G	17:43161353_C_T
17:45269766_A_G	17:43163756_A_G
17:45269766_A_G	17:43163851_T_C
17:45269766_A_G	17:43165887_T_C
17:45269766_A_G	17:43166450_G_T
17:45269766_A_G	17:43169392_A_G
17:45269766_A_G	17:43172478_CTT_C
17:45269766_A_G	17:43172849_T_C
17:45269766_A_G	17:43173273_T_C
17:45269766_A_G	17:43176804_C_T
17:45269766_A_G	17:43177951_T_C
17:45269766_A_G	17:43183028_G_A
17:45269766_A_G	17:43188117_T_G
17:45269766_A_G	17:43196584_T_C
17:45269766_A_G	17:43222942_G_C
17:45269766_A_G	17:43223292_G_A
17:45269766_A_G	17:43223316_C_CAT
17:45269766_A_G	17:43232566_A_G
17:45269766_A_G	17:43244389_C_T
17:45269766_A_G	17:43244700_A_C
17:45269766_A_G	17:43247957_A_C
17:45269766_A_G	17:43249444_C_T
17:45269766_A_G	17:43255681_C_G
17:45269766_A_G	17:43257270_C_T
17:45269766_A_G	17:43259431_CT_C
17:45269766_A_G	17:43260880_A_G
17:45269766_A_G	17:43319770_C_T
17:45269766_A_G	17:43337469_C_CA
17:45269766_A_G	17:43341110_C_T
17:45269766_A_G	17:43341913_G_T
17:45269766_A_G	17:43343249_T_C
17:45269766_A_G	17:43352642_T_C
17:45269766_A_G	17:43352855_AAAAAAAC_A
17:45269766_A_G	17:43353127_CT_C
17:45269766_A_G	17:43353423_C_T
17:45269766_A_G	17:43354681_G_A
17:45269766_A_G	17:43357938_C_T
17:45269766_A_G	17:43358166_C_T
17:45269766_A_G	17:43358418_T_C
17:45269766_A_G	17:43359891_T_C
17:45269766_A_G	17:43381472_G_A
17:45269766_A_G	17:43394394_G_GCCGCCGA
17:45269766_A_G	17:43436619_CA_C
17:45269766_A_G	17:43566688_T_C
17:45269766_A_G	17:43828732_CCACAGTATA_C
17:45269766_A_G	17:43922897_G_A
17:45269766_A_G	17:43926495_C_T
17:45269766_A_G	17:43926576_G_A
17:45269766_A_G	17:43939159_TAAAATTTA_T
17:45269766_A_G	17:43950018_T_A
17:45269766_A_G	17:44977608_T_C
17:45269766_A_G	17:44994859_C_T
17:45269766_A_G	17:45058068_G_T
17:45269766_A_G	17:45169297_A_G
17:45269766_A_G	17:45169299_A_G
17:45269766_A_G	17:45182003_G_A
17:45269766_A_G	17:45182004_C_T
17:45269766_A_G	17:45188090_C_T
17:45269766_A_G	17:45188765_G_A
17:45269766_A_G	17:45190299_C_T
17:45269766_A_G	17:45190511_C_T
17:45269766_A_G	17:45201622_C_T
17:45269766_A_G	17:45203468_C_T
17:45269766_A_G	17:45210143_A_ATTG
17:45269766_A_G	17:45222077_G_A
17:45269766_A_G	17:45223217_C_T
17:45269766_A_G	17:45224957_G_A
17:45269766_A_G	17:45229087_G_A
17:45269766_A_G	17:45230427_G_A
17:45269766_A_G	17:45248292_C_T
17:45269766_A_G	17:45251967_CTAGT_C
17:45269766_A_G	17:45252540_G_GT
17:45269766_A_G	17:45252889_T_C
17:45269766_A_G	17:45272595_ATT_A
17:45269766_A_G	17:45276558_G_A
17:45269766_A_G	17:45287504_C_T
17:45269766_A_G	17:45295067_A_G
17:45269766_A_G	17:45297113_G_T
17:45269766_A_G	17:45302080_C_T
17:45269766_A_G	17:45559843_G_A
17:45269766_A_G	17:45697434_G_T
17:45269766_A_G	17:46852882_C_CTATTAT
17:45269766_A_G	17:46866478_TA_T
17:45269766_A_G	17:46876179_CTT_C
17:45269766_A_G	17:46884282_C_T
17:45269766_A_G	17:46965486_C_CA
17:45269766_A_G	17:46979321_CATATAT_C
17:45269766_A_G	17:47006066_T_TTGA
17:45269766_A_G	17:47051984_G_T
17:45269766_A_G	17:47055290_G_A
17:45269766_A_G	17:47056651_C_T
17:45269766_A_G	17:47058064_C_T
17:45269766_A_G	17:47059163_AT_A
17:45269766_A_G	17:47060057_T_G
17:45269766_A_G	17:47061318_C_T
17:45269766_A_G	17:47062477_T_C
17:45269766_A_G	17:47118995_G_C
17:45269766_A_G	17:47347871_G_C
17:45269766_A_G	17:47402716_A_G
17:45269766_A_G	17:47411575_G_C
17:45269766_A_G	17:47423711_G_A
17:45269766_A_G	17:47425841_AAAAAGAAAAG_A
17:45269766_A_G	17:47507412_G_A
17:45269766_A_G	17:47549398_C_T
17:45269766_A_G	17:47550976_G_A
17:45269766_A_G	17:47552043_C_G
17:45269766_A_G	17:47554366_A_G
17:45269766_A_G	17:47556197_T_A
17:45269766_A_G	17:47556305_C_T
17:45269766_A_G	17:47557627_T_C
17:45269766_A_G	17:47558901_G_A
17:45269766_A_G	17:47559207_T_C
17:45269766_A_G	17:47559359_G_T
17:45269766_A_G	17:47560071_C_G
17:45269766_A_G	17:47560404_C_T
17:45269766_A_G	17:47560440_A_C
17:45269766_A_G	17:47560573_AGGGAGTT_A
17:45269766_A_G	17:47560665_C_G
17:45269766_A_G	17:47565281_C_T
17:45269766_A_G	17:47565648_T_C
17:45269766_A_G	17:47565653_T_C
17:45269766_A_G	17:47713912_A_G
17:45269766_A_G	17:48363743_A_C
17:45269766_A_G	17:54663660_C_T
19:24369025_C_T	19:15701078_A_G
19:24369025_C_T	19:15702308_T_C
19:24369025_C_T	19:15706164_G_C
19:24369025_C_T	19:15709024_T_C
19:24369025_C_T	19:15709069_G_A
19:24369025_C_T	19:15714834_G_C
19:24369025_C_T	19:15716234_T_C
19:24369025_C_T	19:15716452_C_T
19:24369025_C_T	19:15716640_G_A
19:24369025_C_T	19:15716966_T_C
19:24369025_C_T	19:15717864_C_G
19:24369025_C_T	19:15717958_C_CTTTT
19:24369025_C_T	19:15717961_T_TTTTC
19:24369025_C_T	19:15717969_C_T
19:24369025_C_T	19:15718061_T_C
19:24369025_C_T	19:15718122_G_C
19:24369025_C_T	19:15718166_A_C
19:24369025_C_T	19:15718243_T_C
19:24369025_C_T	19:15718349_T_G
19:24369025_C_T	19:15718499_T_C
19:24369025_C_T	19:15718523_G_T
19:24369025_C_T	19:15718529_G_C
19:24369025_C_T	19:15718655_A_G
19:24369025_C_T	19:15718657_T_C
19:24369025_C_T	19:15718744_C_T
19:24369025_C_T	19:15718858_T_G
19:24369025_C_T	19:15718984_A_AG
19:24369025_C_T	19:15719024_A_T
19:24369025_C_T	19:15719076_C_G
19:24369025_C_T	19:15719118_C_T
19:24369025_C_T	19:15719203_A_G
19:24369025_C_T	19:15719405_C_T
19:24369025_C_T	19:15719413_A_G
19:24369025_C_T	19:15719433_C_T
19:24369025_C_T	19:15719517_G_A
19:24369025_C_T	19:15719613_C_CTAAG
19:24369025_C_T	19:15719641_A_C
19:24369025_C_T	19:15719642_A_G
19:24369025_C_T	19:15719726_A_G
19:24369025_C_T	19:15719735_G_C
19:24369025_C_T	19:15719736_G_C
19:24369025_C_T	19:15719738_T_C
19:24369025_C_T	19:15719839_C_G
19:24369025_C_T	19:15720020_G_A
19:24369025_C_T	19:15720159_A_AAC
19:24369025_C_T	19:15720685_C_G
19:24369025_C_T	19:16411754_C_T
19:24369025_C_T	19:23941806_G_A
19:24369025_C_T	19:23997809_G_C
19:24369025_C_T	19:24034888_C_T
19:24369025_C_T	19:24039369_A_T
19:24369025_C_T	19:24058847_C_T
19:24369025_C_T	19:24156471_A_T
19:24369025_C_T	19:24156921_G_A
19:24369025_C_T	19:24197377_C_A
19:24369025_C_T	19:24197566_G_C
19:24369025_C_T	19:24297898_C_A
19:24369025_C_T	19:24298248_A_T
19:24369025_C_T	19:24350193_T_A
19:24369025_C_T	19:24401895_C_T
19:24369025_C_T	19:24419455_A_T
19:24369025_C_T	19:24419509_A_T
19:24369025_C_T	19:27736591_C_T
19:24369025_C_T	19:27741140_C_CT
19:24369025_C_T	19:27755292_G_C
19:24369025_C_T	19:27814951_G_T
19:24369025_C_T	19:27815122_T_C
19:24369025_C_T	19:27842558_A_T
19:24369025_C_T	19:27847259_A_AT
19:24369025_C_T	19:27874157_C_G
19:24369025_C_T	19:27876541_G_C
19:24369025_C_T	19:27898399_G_T
19:24369025_C_T	19:27969185_A_G
19:24369025_C_T	19:27992766_A_G
19:24369025_C_T	19:27994958_G_T
19:24369025_C_T	19:28111358_A_T
19:24369025_C_T	19:28114083_G_A
19:24369025_C_T	19:28129562_C_T
19:24369025_C_T	19:28147307_A_G
19:24369025_C_T	19:29683699_C_T
19:24369025_C_T	19:30972962_T_A
19:24369025_C_T	19:30973453_C_CT
19:24369025_C_T	19:30975571_TTTCTTC_T
19:24369025_C_T	19:30976510_C_CTT
19:24369025_C_T	19:30976614_G_GA
19:24369025_C_T	19:30979472_T_TA
19:24369025_C_T	19:30986424_C_G
19:24369025_C_T	19:31783218_A_G
19:24369025_C_T	19:31787960_A_C
1:77934335_T_C	1:77249940_G_A
1:77934335_T_C	1:77718705_T_A
1:77934335_T_C	1:77726109_T_C
1:77934335_T_C	1:77736131_G_A
1:77934335_T_C	1:77736974_G_T
1:77934335_T_C	1:77738382_G_T
1:77934335_T_C	1:77744590_AT_A
1:77934335_T_C	1:77918936_T_A
1:77934335_T_C	1:77919310_A_G
1:77934335_T_C	1:77926295_A_C
1:77934335_T_C	1:77929479_G_T
1:77934335_T_C	1:77938087_G_A
1:77934335_T_C	1:77938422_A_T
1:77934335_T_C	1:77938469_T_G
1:77934335_T_C	1:77938659_GAGCCCGCCC_G
1:77934335_T_C	1:77939381_T_C
1:77934335_T_C	1:77939418_A_G
1:77934335_T_C	1:77942001_G_C
1:77934335_T_C	1:77942591_T_TA
1:77934335_T_C	1:77942592_T_A
1:77934335_T_C	1:77944612_GT_G
1:77934335_T_C	1:77944732_C_G
1:77934335_T_C	1:77947239_A_G
1:77934335_T_C	1:77949123_G_A
1:77934335_T_C	1:77949129_A_T
1:77934335_T_C	1:77949806_C_T
1:77934335_T_C	1:77949844_CA_C
1:77934335_T_C	1:77951330_A_T
1:77934335_T_C	1:77951460_G_T
1:77934335_T_C	1:77952299_T_C
1:77934335_T_C	1:77954397_G_C
1:77934335_T_C	1:77954804_A_G
1:77934335_T_C	1:77960140_T_C
1:77934335_T_C	1:77964339_C_T
1:77934335_T_C	1:77966120_CA_C
1:77934335_T_C	1:77967507_T_A
1:77934335_T_C	1:77974484_G_A
1:77934335_T_C	1:77974530_C_T
1:77934335_T_C	1:77974551_C_CA
1:77934335_T_C	1:77981099_C_A
1:77934335_T_C	1:78444764_C_CGGCCG
1:77934335_T_C	1:78450517_C_A
1:77934335_T_C	1:78654201_T_G
1:77934335_T_C	1:78656895_TC_T
1:77934335_T_C	1:81920323_T_C
1:77934335_T_C	1:81921413_C_T
1:77934335_T_C	1:81921567_C_T
1:77934335_T_C	1:81925679_G_T
1:77934335_T_C	1:82475765_C_T
1:77934335_T_C	1:82500277_G_T
1:77934335_T_C	1:82502547_G_A
1:77934335_T_C	1:82505397_G_A
1:77934335_T_C	1:82514743_C_T
1:77934335_T_C	1:82516613_T_A
1:77934335_T_C	1:82519103_G_A
1:77934335_T_C	1:82529558_C_T
1:77934335_T_C	1:83002072_GA_G
1:77934335_T_C	1:83032206_A_T
1:77934335_T_C	1:83035362_G_A
1:77934335_T_C	1:83037568_T_C
1:77934335_T_C	1:83037587_G_A
1:77934335_T_C	1:83037900_A_G
1:77934335_T_C	1:83038818_C_T
1:77934335_T_C	1:83039084_A_C
1:77934335_T_C	1:83039589_T_C
1:77934335_T_C	1:83043284_T_TATTA
1:77934335_T_C	1:83045791_ATT_A
1:77934335_T_C	1:83045795_AT_A
1:77934335_T_C	1:83045797_T_A
1:77934335_T_C	1:83046913_C_T
1:77934335_T_C	1:83047911_T_TA
1:77934335_T_C	1:83049844_G_A
1:77934335_T_C	1:83051489_C_T
1:77934335_T_C	1:83053513_C_G
1:77934335_T_C	1:83053751_G_A
1:77934335_T_C	1:84025294_C_G
1:77934335_T_C	1:84025460_A_G
1:77934335_T_C	1:84025564_T_C
2:213130571_G_A	2:203164583_T_C
2:213130571_G_A	2:203199053_C_CT
2:213130571_G_A	2:203208345_G_A
2:213130571_G_A	2:203208693_A_G
2:213130571_G_A	2:203213093_T_C
2:213130571_G_A	2:203222966_G_A
2:213130571_G_A	2:203224161_C_A
2:213130571_G_A	2:203437820_G_GAAAA
2:213130571_G_A	2:204198670_T_C
2:213130571_G_A	2:204221766_ATTT_A
2:213130571_G_A	2:204236984_A_T
2:213130571_G_A	2:204249399_A_G
2:213130571_G_A	2:204257926_C_T
2:213130571_G_A	2:204268505_C_T
2:213130571_G_A	2:204276327_T_C
2:213130571_G_A	2:204278620_C_CCAG
2:213130571_G_A	2:204278708_T_A
2:213130571_G_A	2:204278824_CTT_C
2:213130571_G_A	2:204305093_T_C
2:213130571_G_A	2:204306452_T_C
2:213130571_G_A	2:204315394_G_A
2:213130571_G_A	2:204315618_G_T
2:213130571_G_A	2:204316532_C_T
2:213130571_G_A	2:204319839_C_G
2:213130571_G_A	2:204320731_CAAAACAAAAACA_C
2:213130571_G_A	2:204326283_A_AATCAG
2:213130571_G_A	2:204327211_T_C
2:213130571_G_A	2:204355523_T_C
2:213130571_G_A	2:204357497_CT_C
2:213130571_G_A	2:204360201_A_G
2:213130571_G_A	2:204366453_A_G
2:213130571_G_A	2:204366581_G_C
2:213130571_G_A	2:204366776_G_A
2:213130571_G_A	2:204372337_A_C
2:213130571_G_A	2:204377871_C_G
2:213130571_G_A	2:205800578_A_G
2:213130571_G_A	2:206232244_C_T
2:213130571_G_A	2:208018717_G_A
2:213130571_G_A	2:208020264_A_G
2:213130571_G_A	2:208330430_A_G
2:213130571_G_A	2:211525913_A_C
2:213130571_G_A	2:211531070_C_G
2:213130571_G_A	2:212264560_C_T
2:213130571_G_A	2:212671545_A_G
2:213130571_G_A	2:213052141_TATA_T
2:213130571_G_A	2:213052177_G_T
2:213130571_G_A	2:213053239_G_A
2:213130571_G_A	2:213057499_C_T
2:213130571_G_A	2:213064607_G_GGACT
2:213130571_G_A	2:213065294_C_T
2:213130571_G_A	2:213065329_C_T
2:213130571_G_A	2:213065465_C_T
2:213130571_G_A	2:213065550_G_A
2:213130571_G_A	2:213067136_C_T
2:213130571_G_A	2:213067231_G_A
2:213130571_G_A	2:213067749_A_C
2:213130571_G_A	2:213068427_T_C
2:213130571_G_A	2:213068580_A_G
2:213130571_G_A	2:213068720_A_C
2:213130571_G_A	2:213068734_C_T
2:213130571_G_A	2:213069051_T_C
2:213130571_G_A	2:213069327_T_C
2:213130571_G_A	2:213069621_A_G
2:213130571_G_A	2:213069927_T_C
2:213130571_G_A	2:213072626_T_C
2:213130571_G_A	2:213076051_T_C
2:213130571_G_A	2:213076288_T_C
2:213130571_G_A	2:213076339_A_C
2:213130571_G_A	2:213076354_A_AAAAACC
2:213130571_G_A	2:213076431_C_T
2:213130571_G_A	2:213076592_A_C
2:213130571_G_A	2:213076640_G_A
2:213130571_G_A	2:213077276_TA_T
2:213130571_G_A	2:213077286_A_G
2:213130571_G_A	2:213077339_A_C
2:213130571_G_A	2:213077504_C_T
2:213130571_G_A	2:213077540_A_G
2:213130571_G_A	2:213077696_A_G
2:213130571_G_A	2:213077904_G_C
2:213130571_G_A	2:213077945_G_GA
2:213130571_G_A	2:213078229_C_A
2:213130571_G_A	2:213078248_G_T
2:213130571_G_A	2:213078614_T_C
2:213130571_G_A	2:213078668_T_C
2:213130571_G_A	2:213078772_T_C
2:213130571_G_A	2:213078788_C_T
2:213130571_G_A	2:213078883_C_T
2:213130571_G_A	2:213078888_A_G
2:213130571_G_A	2:213078902_T_G
2:213130571_G_A	2:213078992_C_T
2:213130571_G_A	2:213079021_A_G
2:213130571_G_A	2:213079089_A_G
2:213130571_G_A	2:213079149_C_T
2:213130571_G_A	2:213079329_T_C
2:213130571_G_A	2:213079416_TG_T
2:213130571_G_A	2:213079938_A_G
2:213130571_G_A	2:213080510_T_C
2:213130571_G_A	2:213080809_C_T
2:213130571_G_A	2:213080814_T_C
2:213130571_G_A	2:213080994_C_T
2:213130571_G_A	2:213081740_G_A
2:213130571_G_A	2:213081987_C_T
2:213130571_G_A	2:213082269_T_C
2:213130571_G_A	2:213082372_A_G
2:213130571_G_A	2:213082649_A_G
2:213130571_G_A	2:213082960_C_T
2:213130571_G_A	2:213083104_T_A
2:213130571_G_A	2:213083191_C_G
2:213130571_G_A	2:213083282_A_G
2:213130571_G_A	2:213083326_C_G
2:213130571_G_A	2:213083638_T_C
2:213130571_G_A	2:213084680_C_CA
2:213130571_G_A	2:213084695_G_A
2:213130571_G_A	2:213084870_T_TGTA
2:213130571_G_A	2:213085178_G_A
2:213130571_G_A	2:213085697_A_C
2:213130571_G_A	2:213085996_T_C
2:213130571_G_A	2:213088329_A_G
2:213130571_G_A	2:213088582_G_C
2:213130571_G_A	2:213088846_A_G
2:213130571_G_A	2:213089002_T_C
2:213130571_G_A	2:213089095_T_C
2:213130571_G_A	2:213089291_C_A
2:213130571_G_A	2:213089339_G_A
2:213130571_G_A	2:213089454_T_G
2:213130571_G_A	2:213089563_A_T
2:213130571_G_A	2:213089875_T_A
2:213130571_G_A	2:213089956_A_C
2:213130571_G_A	2:213090070_A_C
2:213130571_G_A	2:213090189_GA_G
2:213130571_G_A	2:213090238_C_CAAG
2:213130571_G_A	2:213090274_G_A
2:213130571_G_A	2:213090681_T_G
2:213130571_G_A	2:213090883_C_T
2:213130571_G_A	2:213091216_A_G
2:213130571_G_A	2:213091246_A_G
2:213130571_G_A	2:213091417_A_G
2:213130571_G_A	2:213091581_T_TGA
2:213130571_G_A	2:213091598_C_T
2:213130571_G_A	2:213091716_A_T
2:213130571_G_A	2:213092028_T_C
2:213130571_G_A	2:213092080_A_G
2:213130571_G_A	2:213092176_T_C
2:213130571_G_A	2:213092242_C_T
2:213130571_G_A	2:213092474_A_C
2:213130571_G_A	2:213093403_C_A
2:213130571_G_A	2:213093889_T_C
2:213130571_G_A	2:213094412_T_C
2:213130571_G_A	2:213095018_G_A
2:213130571_G_A	2:213095828_T_G
2:213130571_G_A	2:213096239_C_G
2:213130571_G_A	2:213096345_T_C
2:213130571_G_A	2:213097172_A_C
2:213130571_G_A	2:213097908_C_A
2:213130571_G_A	2:213097913_G_A
2:213130571_G_A	2:213098546_A_T
2:213130571_G_A	2:213100606_C_G
2:213130571_G_A	2:213100746_G_C
2:213130571_G_A	2:213100965_T_C
2:213130571_G_A	2:213101137_G_T
2:213130571_G_A	2:213101175_A_G
2:213130571_G_A	2:213101298_T_C
2:213130571_G_A	2:213101989_C_T
2:213130571_G_A	2:213103463_C_G
2:213130571_G_A	2:213103721_A_G
2:213130571_G_A	2:213104227_G_A
2:213130571_G_A	2:213104624_G_A
2:213130571_G_A	2:213105147_G_C
2:213130571_G_A	2:213105352_C_G
2:213130571_G_A	2:213105401_A_G
2:213130571_G_A	2:213106848_T_A
2:213130571_G_A	2:213110424_A_G
2:213130571_G_A	2:213111513_T_C
2:213130571_G_A	2:213117629_C_T
2:213130571_G_A	2:213122059_G_A
2:213130571_G_A	2:213122718_T_C
2:213130571_G_A	2:213123423_C_T
2:213130571_G_A	2:213124298_G_A
2:213130571_G_A	2:213124802_A_AAAAG
2:213130571_G_A	2:213124806_A_AG
2:213130571_G_A	2:213125286_C_G
2:213130571_G_A	2:213130540_G_T
2:213130571_G_A	2:213132258_C_T
2:213130571_G_A	2:213135887_AAAATCTATGATGACAG_A
2:213130571_G_A	2:213136662_C_G
2:213130571_G_A	2:213144547_A_G
2:213130571_G_A	2:213149749_T_A
2:213130571_G_A	2:213151230_C_T
2:213130571_G_A	2:213151472_G_A
2:213130571_G_A	2:213152757_A_G
2:213130571_G_A	2:213184956_TA_T
2:213130571_G_A	2:213201295_G_C
2:213130571_G_A	2:213201642_G_C
2:213130571_G_A	2:213203057_C_A
2:213130571_G_A	2:213203853_C_T
2:213130571_G_A	2:213204574_T_C
2:213130571_G_A	2:213207921_C_T
2:213130571_G_A	2:213209325_G_A
2:213130571_G_A	2:213211407_G_A
2:213130571_G_A	2:213211834_T_C
2:213130571_G_A	2:213212130_G_T
2:213130571_G_A	2:213217316_G_T
2:213130571_G_A	2:213218396_C_T
2:213130571_G_A	2:217243312_A_G
2:213130571_G_A	2:217664020_T_C
2:213130571_G_A	2:217665368_C_T
2:213130571_G_A	2:217665788_T_C
2:213130571_G_A	2:217666174_A_C
2:213130571_G_A	2:217668981_G_A
2:213130571_G_A	2:217669595_C_T
2:213130571_G_A	2:217671349_G_A
2:213130571_G_A	2:217672824_G_A
2:213130571_G_A	2:217674006_A_ACACACT
2:213130571_G_A	2:217674017_C_CTCACAT
2:213130571_G_A	2:217674989_G_T
2:213130571_G_A	2:217676628_T_A
2:213130571_G_A	2:217682779_C_A
2:213130571_G_A	2:218433524_T_C
2:213130571_G_A	2:218439027_C_A
2:213130571_G_A	2:218444361_C_T
2:213130571_G_A	2:218454138_A_C
2:213130571_G_A	2:218458111_G_A
2:213130571_G_A	2:218461406_C_T
2:213130571_G_A	2:218461792_T_C
2:213130571_G_A	2:218463321_C_T
2:213130571_G_A	2:222524442_G_A
2:213130571_G_A	2:222530150_T_C
2:213130571_G_A	2:222533936_A_G
2:213130571_G_A	2:222534219_T_C
2:213130571_G_A	2:222536406_C_T
2:213130571_G_A	2:222538149_A_G
2:213130571_G_A	2:222541155_A_G
17:75821951_A_C	17:66695563_ATT_A
17:75821951_A_C	17:68455349_G_A
17:75821951_A_C	17:68462497_C_A
17:75821951_A_C	17:68468982_C_T
17:75821951_A_C	17:68554203_A_G
17:75821951_A_C	17:68568472_A_T
17:75821951_A_C	17:68590720_T_C
17:75821951_A_C	17:68594820_G_A
17:75821951_A_C	17:68606316_G_A
17:75821951_A_C	17:68606890_A_G
17:75821951_A_C	17:68610482_G_A
17:75821951_A_C	17:68647821_G_A
17:75821951_A_C	17:70055360_A_G
17:75821951_A_C	17:70058207_AG_A
17:75821951_A_C	17:70062772_T_C
17:75821951_A_C	17:70065371_T_C
17:75821951_A_C	17:70065393_A_G
17:75821951_A_C	17:70065847_T_C
17:75821951_A_C	17:70065892_T_C
17:75821951_A_C	17:70066291_T_C
17:75821951_A_C	17:70066907_A_ACT
17:75821951_A_C	17:70067312_A_T
17:75821951_A_C	17:70068008_A_G
17:75821951_A_C	17:70076969_A_G
17:75821951_A_C	17:70086350_C_T
17:75821951_A_C	17:70086597_T_G
17:75821951_A_C	17:70086953_C_CA
17:75821951_A_C	17:70087454_A_C
17:75821951_A_C	17:70088613_C_T
17:75821951_A_C	17:70088857_G_A
17:75821951_A_C	17:70090940_G_C
17:75821951_A_C	17:70091969_G_A
17:75821951_A_C	17:70093315_C_T
17:75821951_A_C	17:70094638_A_G
17:75821951_A_C	17:70905962_G_A
17:75821951_A_C	17:72092176_A_C
17:75821951_A_C	17:72092823_G_A
17:75821951_A_C	17:72125837_TA_T
17:75821951_A_C	17:72129463_G_A
17:75821951_A_C	17:72140767_G_A
17:75821951_A_C	17:74498980_AT_A
17:75821951_A_C	17:74499266_G_T
17:75821951_A_C	17:75352173_A_G
17:75821951_A_C	17:75353102_A_G
17:75821951_A_C	17:75353160_A_G
17:75821951_A_C	17:75353461_CA_C
17:75821951_A_C	17:75399117_A_G
17:75821951_A_C	17:75399552_A_G
17:75821951_A_C	17:75400100_T_A
17:75821951_A_C	17:75400439_G_A
17:75821951_A_C	17:75400690_T_C
17:75821951_A_C	17:75400706_G_A
17:75821951_A_C	17:75400737_C_T
17:75821951_A_C	17:75401190_G_A
17:75821951_A_C	17:75401310_C_T
17:75821951_A_C	17:75401598_A_G
17:75821951_A_C	17:75401923_C_A
17:75821951_A_C	17:75402540_A_T
17:75821951_A_C	17:75402742_T_G
17:75821951_A_C	17:75402784_T_G
17:75821951_A_C	17:75402913_T_C
17:75821951_A_C	17:75403480_T_C
17:75821951_A_C	17:75405234_A_G
17:75821951_A_C	17:75405372_A_AGG
17:75821951_A_C	17:75405577_A_AGC
17:75821951_A_C	17:75406045_T_G
17:75821951_A_C	17:75406866_T_C
17:75821951_A_C	17:75408099_T_C
17:75821951_A_C	17:75409169_CGT_C
17:75821951_A_C	17:75409282_C_G
17:75821951_A_C	17:75409769_C_CAG
17:75821951_A_C	17:75411884_A_G
17:75821951_A_C	17:75412091_C_T
17:75821951_A_C	17:75412109_T_C
17:75821951_A_C	17:75412143_A_G
17:75821951_A_C	17:75412257_TG_T
17:75821951_A_C	17:75412312_T_C
17:75821951_A_C	17:75412334_T_C
17:75821951_A_C	17:75412385_G_A
17:75821951_A_C	17:75412415_T_C
17:75821951_A_C	17:75412482_T_C
17:75821951_A_C	17:75412521_A_G
17:75821951_A_C	17:75412525_C_T
17:75821951_A_C	17:75412605_G_A
17:75821951_A_C	17:75412678_A_G
17:75821951_A_C	17:75412714_G_A
17:75821951_A_C	17:75412932_T_C
17:75821951_A_C	17:75413096_G_A
17:75821951_A_C	17:75413177_A_G
17:75821951_A_C	17:75413302_G_C
17:75821951_A_C	17:75413439_A_G
17:75821951_A_C	17:75413961_A_C
17:75821951_A_C	17:75414067_T_C
17:75821951_A_C	17:75414192_C_T
17:75821951_A_C	17:75414358_T_C
17:75821951_A_C	17:75414398_G_C
17:75821951_A_C	17:75414443_A_G
17:75821951_A_C	17:75414585_A_C
17:75821951_A_C	17:75414862_T_C
17:75821951_A_C	17:75414980_A_G
17:75821951_A_C	17:75414990_A_G
17:75821951_A_C	17:75415037_C_T
17:75821951_A_C	17:75415835_T_C
17:75821951_A_C	17:75416755_G_A
17:75821951_A_C	17:75777339_C_G
17:75821951_A_C	17:75781239_A_G
17:75821951_A_C	17:75781751_G_A
17:75821951_A_C	17:75783651_C_T
17:75821951_A_C	17:75809954_A_G
17:75821951_A_C	17:75810573_T_C
17:75821951_A_C	17:75811180_G_A
17:75821951_A_C	17:75811261_C_T
17:75821951_A_C	17:75811381_C_T
17:75821951_A_C	17:75812405_C_CA
17:75821951_A_C	17:75812430_G_A
17:75821951_A_C	17:75812500_G_A
17:75821951_A_C	17:75812568_A_T
17:75821951_A_C	17:75812677_G_C
17:75821951_A_C	17:75813153_A_G
17:75821951_A_C	17:75814578_C_G
17:75821951_A_C	17:75814764_G_A
17:75821951_A_C	17:75815794_C_G
17:75821951_A_C	17:75817008_T_C
17:75821951_A_C	17:75818701_C_CAGACACG
17:75821951_A_C	17:75818940_C_G
17:75821951_A_C	17:75819724_G_GGCCCTGCCCCACA
17:75821951_A_C	17:75820100_G_A
17:75821951_A_C	17:75821858_G_A
17:75821951_A_C	17:75822212_C_T
17:75821951_A_C	17:75822454_A_G
17:75821951_A_C	17:75822689_C_G
17:75821951_A_C	17:75822847_G_A
17:75821951_A_C	17:75824034_A_G
17:75821951_A_C	17:75824095_A_G
17:75821951_A_C	17:75824994_TTG_T
17:75821951_A_C	17:75825016_A_G
17:75821951_A_C	17:75825046_C_CGT
17:75821951_A_C	17:75825082_C_T
17:75821951_A_C	17:75825160_G_C
17:75821951_A_C	17:75825177_T_A
17:75821951_A_C	17:75825279_T_C
17:75821951_A_C	17:75825701_G_C
17:75821951_A_C	17:75825749_A_G
17:75821951_A_C	17:75825808_G_C
17:75821951_A_C	17:75826190_G_A
17:75821951_A_C	17:75826471_C_T
17:75821951_A_C	17:75826979_G_A
17:75821951_A_C	17:75829766_G_A
17:75821951_A_C	17:75830679_C_T
17:75821951_A_C	17:75833443_T_C
17:75821951_A_C	17:75838415_C_T
17:75821951_A_C	17:75841426_C_T
17:75821951_A_C	17:75844453_C_T
17:75821951_A_C	17:75846667_G_A
17:75821951_A_C	17:75850619_G_C
17:75821951_A_C	17:75850864_A_G
17:75821951_A_C	17:75851466_T_C
17:75821951_A_C	17:75852053_T_C
17:75821951_A_C	17:75852266_A_G
17:75821951_A_C	17:75853502_C_G
17:75821951_A_C	17:75857232_A_G
17:75821951_A_C	17:75862560_A_G
17:75821951_A_C	17:75863749_G_T
17:75821951_A_C	17:75864949_C_T
17:75821951_A_C	17:75869192_G_T
17:75821951_A_C	17:75870047_C_T
17:75821951_A_C	17:75870952_T_C
17:75821951_A_C	17:75873430_T_C
17:75821951_A_C	17:75879063_G_A
17:75821951_A_C	17:75879237_G_T
17:75821951_A_C	17:75880183_G_T
17:75821951_A_C	17:75880497_C_T
17:75821951_A_C	17:75883546_C_T
17:75821951_A_C	17:75883725_C_T
17:75821951_A_C	17:75884564_CAT_C
17:75821951_A_C	17:75884584_T_C
17:75821951_A_C	17:75884839_T_C
17:75821951_A_C	17:75884981_A_G
17:75821951_A_C	17:75885555_T_G
17:75821951_A_C	17:75885588_AGCAACTGTAAATGTGACCTTATTCTGGAATAGCATCTTT_A
17:75821951_A_C	17:75885592_A_G
17:75821951_A_C	17:75885593_C_A
17:75821951_A_C	17:75885642_A_G
17:75821951_A_C	17:75885704_A_AT
17:75821951_A_C	17:75888594_G_C
17:75821951_A_C	17:75888872_C_T
17:75821951_A_C	17:76194372_T_C
17:75821951_A_C	17:76194793_G_A
17:75821951_A_C	17:76194848_C_T
17:75821951_A_C	17:76195356_C_T
17:75821951_A_C	17:76195746_G_A
17:75821951_A_C	17:76196948_A_T
17:75821951_A_C	17:76199323_G_A
17:75821951_A_C	17:76203489_T_C
17:75821951_A_C	17:76204027_C_T
17:75821951_A_C	17:76282256_G_T
17:75821951_A_C	17:76484156_G_GA
17:75821951_A_C	17:76484948_C_T
17:75821951_A_C	17:79137983_G_A
17:75821951_A_C	17:79168499_G_A
17:75821951_A_C	17:79413122_G_C
22:24897743_G_A	22:18071660_T_TA
22:24897743_G_A	22:18071939_GT_G
22:24897743_G_A	22:18073568_T_C
22:24897743_G_A	22:18073592_G_C
22:24897743_G_A	22:18077829_G_T
22:24897743_G_A	22:18080154_A_G
22:24897743_G_A	22:18081136_G_A
22:24897743_G_A	22:18134976_A_T
22:24897743_G_A	22:18262362_C_T
22:24897743_G_A	22:20872372_G_GGACTGCCATAATGCGTCGACATTGACGTGAGC
22:24897743_G_A	22:24624421_GT_G
22:24897743_G_A	22:24642266_C_T
22:24897743_G_A	22:24645934_G_T
22:24897743_G_A	22:24657872_T_C
22:24897743_G_A	22:24666311_A_G
22:24897743_G_A	22:24692915_C_CT
22:24897743_G_A	22:24695468_T_C
22:24897743_G_A	22:24697901_C_A
22:24897743_G_A	22:24719125_A_G
22:24897743_G_A	22:24719289_C_T
22:24897743_G_A	22:24719434_G_T
22:24897743_G_A	22:24719511_A_G
22:24897743_G_A	22:24723472_C_T
22:24897743_G_A	22:24792663_A_T
22:24897743_G_A	22:24814352_T_C
22:24897743_G_A	22:24819230_C_T
22:24897743_G_A	22:24820268_G_A
22:24897743_G_A	22:24825511_C_T
22:24897743_G_A	22:24830028_T_C
22:24897743_G_A	22:24830595_T_C
22:24897743_G_A	22:24832547_A_G
22:24897743_G_A	22:24833760_T_G
22:24897743_G_A	22:24834564_G_C
22:24897743_G_A	22:24837301_T_C
22:24897743_G_A	22:24837909_C_CT
22:24897743_G_A	22:24839372_G_C
22:24897743_G_A	22:24839386_G_A
22:24897743_G_A	22:24840118_T_G
22:24897743_G_A	22:24840253_G_A
22:24897743_G_A	22:24840734_A_G
22:24897743_G_A	22:24842452_T_G
22:24897743_G_A	22:24843731_G_C
22:24897743_G_A	22:24843802_T_TA
22:24897743_G_A	22:24843886_C_G
22:24897743_G_A	22:24846391_T_C
22:24897743_G_A	22:24847606_T_A
22:24897743_G_A	22:24848460_A_G
22:24897743_G_A	22:24850897_C_T
22:24897743_G_A	22:24852233_T_A
22:24897743_G_A	22:24853673_C_T
22:24897743_G_A	22:24855182_C_T
22:24897743_G_A	22:24855541_G_A
22:24897743_G_A	22:24856329_T_C
22:24897743_G_A	22:24858500_C_T
22:24897743_G_A	22:24862738_A_G
22:24897743_G_A	22:24864914_T_C
22:24897743_G_A	22:24865187_C_T
22:24897743_G_A	22:24865951_C_CTT
22:24897743_G_A	22:24867882_G_C
22:24897743_G_A	22:24868589_A_G
22:24897743_G_A	22:24869659_A_G
22:24897743_G_A	22:24870064_T_A
22:24897743_G_A	22:24870126_T_C
22:24897743_G_A	22:24871831_A_G
22:24897743_G_A	22:24873526_G_A
22:24897743_G_A	22:24874697_T_C
22:24897743_G_A	22:24875123_T_C
22:24897743_G_A	22:24876531_C_CA
22:24897743_G_A	22:24876800_T_C
22:24897743_G_A	22:24876846_C_T
22:24897743_G_A	22:24878430_C_T
22:24897743_G_A	22:24878804_T_C
22:24897743_G_A	22:24879289_A_G
22:24897743_G_A	22:24879557_T_C
22:24897743_G_A	22:24879656_T_C
22:24897743_G_A	22:24879664_A_AT
22:24897743_G_A	22:24879810_CAAAACAAAAACA_C
22:24897743_G_A	22:24881233_T_C
22:24897743_G_A	22:24881685_A_G
22:24897743_G_A	22:24881781_C_T
22:24897743_G_A	22:24881834_AT_A
22:24897743_G_A	22:24882187_G_A
22:24897743_G_A	22:24884656_T_C
22:24897743_G_A	22:24885223_C_T
22:24897743_G_A	22:24885930_T_TAA
22:24897743_G_A	22:24886387_A_G
22:24897743_G_A	22:24886476_T_C
22:24897743_G_A	22:24887087_A_T
22:24897743_G_A	22:24887160_CAT_C
22:24897743_G_A	22:24887500_C_T
22:24897743_G_A	22:24887780_A_C
22:24897743_G_A	22:24888796_A_G
22:24897743_G_A	22:24891292_C_G
22:24897743_G_A	22:24894856_G_A
22:24897743_G_A	22:24900045_C_G
22:24897743_G_A	22:24901795_C_T
22:24897743_G_A	22:24902606_G_A
22:24897743_G_A	22:24902976_T_TGTTA
22:24897743_G_A	22:24905713_AT_A
22:24897743_G_A	22:24906963_CT_C
22:24897743_G_A	22:24908352_A_G
22:24897743_G_A	22:24912248_A_G
22:24897743_G_A	22:25293013_T_C
22:24897743_G_A	22:25489203_G_A
22:24897743_G_A	22:25493978_C_T
22:24897743_G_A	22:27957277_T_C
22:24897743_G_A	22:27957942_G_A
22:24897743_G_A	22:30266540_G_A
22:24897743_G_A	22:30564171_T_C
22:24897743_G_A	22:33354600_C_T
22:24897743_G_A	22:33476009_G_A
22:24897743_G_A	22:34530384_T_C
22:24897743_G_A	22:34530886_C_T
22:24897743_G_A	22:34531343_T_C
22:24897743_G_A	22:34531361_GT_G
22:24897743_G_A	22:34531560_CTT_C
22:24897743_G_A	22:34534279_C_T
22:24897743_G_A	22:34537450_C_T
22:24897743_G_A	22:34538579_C_T
22:24897743_G_A	22:34543770_T_TG
22:24897743_G_A	22:34546682_G_A
22:24897743_G_A	22:34547312_G_A
22:24897743_G_A	22:34547965_T_A
22:24897743_G_A	22:34548880_C_T
22:24897743_G_A	22:34548975_C_T
22:24897743_G_A	22:34550148_T_C
22:24897743_G_A	22:34554100_C_A
22:24897743_G_A	22:34559875_A_C
22:24897743_G_A	22:34560083_G_C
22:24897743_G_A	22:34561720_C_G
22:24897743_G_A	22:34562299_T_C
22:24897743_G_A	22:34562967_A_G
22:24897743_G_A	22:34564361_A_C
22:24897743_G_A	22:34565528_C_G
22:24897743_G_A	22:34567763_G_A
22:24897743_G_A	22:34570637_A_T
22:24897743_G_A	22:34573078_A_G
22:24897743_G_A	22:34573118_G_A
22:24897743_G_A	22:34573694_T_C
22:24897743_G_A	22:34573702_AACAG_A
22:24897743_G_A	22:34573838_A_AT
22:24897743_G_A	22:34574205_C_T
22:24897743_G_A	22:34574209_T_C
22:24897743_G_A	22:34574673_T_C
22:24897743_G_A	22:34574714_A_G
22:24897743_G_A	22:34575064_C_T
22:24897743_G_A	22:34575158_G_A
22:24897743_G_A	22:34575330_T_C
22:24897743_G_A	22:34576016_G_A
22:24897743_G_A	22:34576352_A_G
22:24897743_G_A	22:34576359_G_T
22:24897743_G_A	22:34576668_T_C
22:24897743_G_A	22:34576687_A_G
22:24897743_G_A	22:34577182_T_G
22:24897743_G_A	22:34577185_A_G
22:24897743_G_A	22:34578477_T_A
22:24897743_G_A	22:34578693_T_C
22:24897743_G_A	22:34579123_G_A
22:24897743_G_A	22:34579988_C_T
22:24897743_G_A	22:34580844_C_T
22:24897743_G_A	22:34581741_G_T
22:24897743_G_A	22:34582099_T_A
22:24897743_G_A	22:34582694_A_C
22:24897743_G_A	22:34582726_T_C
22:24897743_G_A	22:34583176_A_G
22:24897743_G_A	22:34583775_G_C
22:24897743_G_A	22:34610794_T_C
22:24897743_G_A	22:34613685_A_C
22:24897743_G_A	22:34619587_C_G
22:24897743_G_A	22:34621660_A_G
22:24897743_G_A	22:34622965_T_C
22:24897743_G_A	22:34623860_C_T
22:24897743_G_A	22:34624124_T_A
22:24897743_G_A	22:34624271_AAAAC_A
22:24897743_G_A	22:34624410_CTT_C
22:24897743_G_A	22:34625022_CTCTT_C
22:24897743_G_A	22:34625130_C_A
22:24897743_G_A	22:34625156_G_A
22:24897743_G_A	22:34625162_T_A
22:24897743_G_A	22:34625308_G_A
22:24897743_G_A	22:34625784_C_T
22:24897743_G_A	22:34626486_G_A
22:24897743_G_A	22:34626538_T_C
22:24897743_G_A	22:34626648_A_G
22:24897743_G_A	22:34627732_C_T
22:24897743_G_A	22:34627741_A_G
22:24897743_G_A	22:34628101_A_G
22:24897743_G_A	22:34629122_T_TA
22:24897743_G_A	22:34630066_T_C
22:24897743_G_A	22:34630087_T_C
22:24897743_G_A	22:34630104_T_G
22:24897743_G_A	22:34630123_A_G
22:24897743_G_A	22:34631427_C_CT
22:24897743_G_A	22:34631657_A_G
22:24897743_G_A	22:34631750_G_C
22:24897743_G_A	22:34633191_T_A
22:24897743_G_A	22:34633738_C_G
22:24897743_G_A	22:34634899_A_G
22:24897743_G_A	22:34635193_C_T
22:24897743_G_A	22:34636072_C_A
22:24897743_G_A	22:34636198_A_G
22:24897743_G_A	22:34636899_C_T
22:24897743_G_A	22:34638420_TAAAC_T
22:24897743_G_A	22:34640046_T_C
22:24897743_G_A	22:34640618_G_A
22:24897743_G_A	22:34642530_G_A
22:24897743_G_A	22:34642721_C_T
22:24897743_G_A	22:34724433_G_GTA
12:48693423_T_C	12:47164069_CATTTTAAAATAAAATTTTAAAATGGT_C
12:48693423_T_C	12:47215359_A_G
12:48693423_T_C	12:47267838_T_C
12:48693423_T_C	12:47761313_A_AT
12:48693423_T_C	12:48376213_G_A
12:48693423_T_C	12:48376969_C_A
12:48693423_T_C	12:48380331_T_TG
12:48693423_T_C	12:48383814_G_A
12:48693423_T_C	12:48411102_G_T
12:48693423_T_C	12:48411158_T_C
12:48693423_T_C	12:48412445_TTC_T
12:48693423_T_C	12:48413593_A_G
12:48693423_T_C	12:48418556_G_T
12:48693423_T_C	12:48421772_A_G
12:48693423_T_C	12:48421773_T_C
12:48693423_T_C	12:48421856_C_T
12:48693423_T_C	12:48443048_T_C
12:48693423_T_C	12:48447105_C_A
12:48693423_T_C	12:48450203_G_T
12:48693423_T_C	12:48451418_C_CAG
12:48693423_T_C	12:48461635_G_T
12:48693423_T_C	12:48479832_C_G
12:48693423_T_C	12:48481587_T_C
12:48693423_T_C	12:48483484_A_C
12:48693423_T_C	12:48485940_G_C
12:48693423_T_C	12:48491048_A_G
12:48693423_T_C	12:48492193_T_C
12:48693423_T_C	12:48493089_T_C
12:48693423_T_C	12:48496997_G_A
12:48693423_T_C	12:48498327_G_A
12:48693423_T_C	12:48498413_C_T
12:48693423_T_C	12:48499131_G_T
12:48693423_T_C	12:48503104_T_C
12:48693423_T_C	12:48512672_AT_A
12:48693423_T_C	12:48524804_A_G
12:48693423_T_C	12:48531917_T_A
12:48693423_T_C	12:48539482_T_G
12:48693423_T_C	12:48547128_C_T
12:48693423_T_C	12:48550227_A_G
12:48693423_T_C	12:48553671_CT_C
12:48693423_T_C	12:48556626_G_A
12:48693423_T_C	12:48557141_C_T
12:48693423_T_C	12:48558325_A_G
12:48693423_T_C	12:48558514_C_CT
12:48693423_T_C	12:48562299_C_A
12:48693423_T_C	12:48564939_GA_G
12:48693423_T_C	12:48566156_C_T
12:48693423_T_C	12:48576054_G_A
12:48693423_T_C	12:48578631_G_C
12:48693423_T_C	12:48579665_G_T
12:48693423_T_C	12:48580859_G_A
12:48693423_T_C	12:48597365_A_G
12:48693423_T_C	12:48598650_T_C
12:48693423_T_C	12:48598938_G_A
12:48693423_T_C	12:48602115_C_T
12:48693423_T_C	12:48604682_A_G
12:48693423_T_C	12:48605924_TTGTC_T
12:48693423_T_C	12:48607491_T_TCCCG
12:48693423_T_C	12:48607494_C_CG
12:48693423_T_C	12:48612465_C_T
12:48693423_T_C	12:48615603_C_A
12:48693423_T_C	12:48621384_A_C
12:48693423_T_C	12:48622704_G_A
12:48693423_T_C	12:48623530_G_GTA
12:48693423_T_C	12:48628739_A_G
12:48693423_T_C	12:48629044_C_T
12:48693423_T_C	12:48633589_A_C
12:48693423_T_C	12:48635177_T_C
12:48693423_T_C	12:48636666_C_A
12:48693423_T_C	12:48641160_C_T
12:48693423_T_C	12:48643351_C_A
12:48693423_T_C	12:48644810_G_A
12:48693423_T_C	12:48645532_G_C
12:48693423_T_C	12:48645533_C_T
12:48693423_T_C	12:48646858_T_TTA
12:48693423_T_C	12:48647835_G_T
12:48693423_T_C	12:48648271_G_T
12:48693423_T_C	12:48651621_A_G
12:48693423_T_C	12:48653408_C_T
12:48693423_T_C	12:48661688_G_A
12:48693423_T_C	12:48662406_TA_T
12:48693423_T_C	12:48663670_G_T
12:48693423_T_C	12:48670294_C_T
12:48693423_T_C	12:48681097_T_G
12:48693423_T_C	12:48692802_C_A
12:48693423_T_C	12:48696384_A_G
12:48693423_T_C	12:48703091_A_C
12:48693423_T_C	12:48706368_T_G
12:48693423_T_C	12:48706498_C_T
12:48693423_T_C	12:48706584_C_T
12:48693423_T_C	12:48708259_G_T
12:48693423_T_C	12:48712932_T_A
12:48693423_T_C	12:48714255_C_A
12:48693423_T_C	12:48715767_G_A
12:48693423_T_C	12:48716297_C_T
12:48693423_T_C	12:48717083_T_C
12:48693423_T_C	12:48717539_A_G
12:48693423_T_C	12:48717555_C_T
12:48693423_T_C	12:48718710_G_T
12:48693423_T_C	12:48718729_A_G
12:48693423_T_C	12:48719081_A_G
12:48693423_T_C	12:48719452_G_A
12:48693423_T_C	12:48719536_G_C
12:48693423_T_C	12:48719677_T_C
12:48693423_T_C	12:48719793_C_A
12:48693423_T_C	12:48720392_G_A
12:48693423_T_C	12:48721276_C_T
12:48693423_T_C	12:48721289_G_A
12:48693423_T_C	12:48721451_T_C
12:48693423_T_C	12:48730600_T_C
12:48693423_T_C	12:48730875_T_C
12:48693423_T_C	12:48732459_A_G
12:48693423_T_C	12:48732943_T_C
12:48693423_T_C	12:48733084_A_G
12:48693423_T_C	12:48734564_T_C
12:48693423_T_C	12:48735538_C_G
12:48693423_T_C	12:48736260_A_C
12:48693423_T_C	12:48736303_C_A
12:48693423_T_C	12:48736439_T_C
12:48693423_T_C	12:48737245_A_C
12:48693423_T_C	12:48737834_G_A
12:48693423_T_C	12:48738236_A_G
12:48693423_T_C	12:48738780_C_A
12:48693423_T_C	12:48738781_G_A
12:48693423_T_C	12:48747249_T_G
12:48693423_T_C	12:48758379_C_T
12:48693423_T_C	12:48761914_A_G
12:48693423_T_C	12:48762062_A_AT
12:48693423_T_C	12:48771877_G_A
12:48693423_T_C	12:48775009_C_CTTCT
12:48693423_T_C	12:48775010_T_TTCTG
12:48693423_T_C	12:48777000_C_T
12:48693423_T_C	12:48778006_G_GA
12:48693423_T_C	12:48780358_T_C
12:48693423_T_C	12:48795929_C_T
12:48693423_T_C	12:48806318_A_G
12:48693423_T_C	12:48883665_C_T
12:48693423_T_C	12:48930162_T_TA
12:48693423_T_C	12:49736702_C_G
12:48693423_T_C	12:50179021_G_A
12:48693423_T_C	12:50179630_T_C
12:48693423_T_C	12:50180450_T_C
12:48693423_T_C	12:50213254_C_T
12:48693423_T_C	12:50215905_C_T
12:48693423_T_C	12:50216801_T_C
12:48693423_T_C	12:50217430_T_TA
12:48693423_T_C	12:50218433_A_G
12:48693423_T_C	12:50218644_C_T
12:48693423_T_C	12:50219489_T_C
12:48693423_T_C	12:50219508_T_C
12:48693423_T_C	12:50223013_C_T
12:48693423_T_C	12:50223579_T_C
12:48693423_T_C	12:50225250_A_G
12:48693423_T_C	12:50226467_G_A
12:48693423_T_C	12:50227988_G_A
12:48693423_T_C	12:50228790_T_C
12:48693423_T_C	12:50229149_G_A
12:48693423_T_C	12:50231057_T_G
12:48693423_T_C	12:50233256_G_A
12:48693423_T_C	12:50238204_A_G
12:48693423_T_C	12:50239459_A_G
12:48693423_T_C	12:50240304_G_A
12:48693423_T_C	12:50241013_G_A
12:48693423_T_C	12:50241435_G_A
12:48693423_T_C	12:50243342_C_G
12:48693423_T_C	12:50243672_A_G
12:48693423_T_C	12:50243795_A_G
12:48693423_T_C	12:50244024_G_A
12:48693423_T_C	12:50244043_C_T
12:48693423_T_C	12:50244767_A_T
12:48693423_T_C	12:50245706_A_G
12:48693423_T_C	12:50246482_C_A
12:48693423_T_C	12:50246701_G_A
12:48693423_T_C	12:50246773_C_A
12:48693423_T_C	12:50246872_AG_A
12:48693423_T_C	12:50248043_T_A
12:48693423_T_C	12:50248052_C_T
12:48693423_T_C	12:50248870_TC_T
12:48693423_T_C	12:50249531_G_A
12:48693423_T_C	12:50249603_C_T
12:48693423_T_C	12:50249958_CTTT_C
12:48693423_T_C	12:50250389_C_T
12:48693423_T_C	12:50250443_T_G
12:48693423_T_C	12:50250690_A_AT
12:48693423_T_C	12:50250815_C_T
12:48693423_T_C	12:50251066_T_C
12:48693423_T_C	12:50251109_A_G
12:48693423_T_C	12:50251120_T_C
12:48693423_T_C	12:50251571_G_T
12:48693423_T_C	12:50251910_G_T
12:48693423_T_C	12:50251958_C_T
12:48693423_T_C	12:50251962_C_T
12:48693423_T_C	12:50251984_A_G
12:48693423_T_C	12:50252470_A_G
12:48693423_T_C	12:50252802_T_C
12:48693423_T_C	12:50252877_T_TATATACCCGAAA
12:48693423_T_C	12:50252878_G_GAAC
12:48693423_T_C	12:50252915_G_A
12:48693423_T_C	12:50253151_C_CA
12:48693423_T_C	12:50253515_A_G
12:48693423_T_C	12:50254064_G_A
12:48693423_T_C	12:50254148_C_T
12:48693423_T_C	12:50254468_C_T
12:48693423_T_C	12:50255165_A_G
12:48693423_T_C	12:50255558_T_C
12:48693423_T_C	12:50256063_C_T
12:48693423_T_C	12:50257095_T_C
12:48693423_T_C	12:50257547_G_C
12:48693423_T_C	12:50257946_C_T
12:48693423_T_C	12:50258205_G_A
12:48693423_T_C	12:50258325_T_G
12:48693423_T_C	12:50258542_G_T
12:48693423_T_C	12:50259062_T_A
12:48693423_T_C	12:50259144_G_A
12:48693423_T_C	12:50259515_G_C
12:48693423_T_C	12:50259529_A_C
12:48693423_T_C	12:50260264_C_T
12:48693423_T_C	12:50260825_T_C
12:48693423_T_C	12:50266164_G_A
12:48693423_T_C	12:50507179_C_T
12:48693423_T_C	12:50539419_T_G
12:48693423_T_C	12:50539453_G_A
12:48693423_T_C	12:50541127_A_G
12:48693423_T_C	12:50542705_AAAAAAAT_A
12:48693423_T_C	12:50546125_G_T
12:48693423_T_C	12:50546710_A_G
12:48693423_T_C	12:50551158_G_A
12:48693423_T_C	12:50552529_C_T
12:48693423_T_C	12:50552997_A_G
12:48693423_T_C	12:50559128_A_G
12:48693423_T_C	12:50564869_CT_C
12:48693423_T_C	12:50570127_A_G
12:48693423_T_C	12:50573433_G_C
12:48693423_T_C	12:50573500_A_G
12:48693423_T_C	12:50573506_A_C
12:48693423_T_C	12:50574763_C_T
12:48693423_T_C	12:50656518_C_T
12:48693423_T_C	12:50882355_G_A
12:48693423_T_C	12:50882437_G_A
12:48693423_T_C	12:50883918_CT_C
12:48693423_T_C	12:50884796_T_C
12:48693423_T_C	12:50885635_A_G
12:48693423_T_C	12:50885840_T_C
12:48693423_T_C	12:50893417_GT_G
12:48693423_T_C	12:50893518_CT_C
12:48693423_T_C	12:50896258_T_TA
12:48693423_T_C	12:50897146_C_T
12:48693423_T_C	12:50898728_G_A
12:48693423_T_C	12:50904446_G_T
12:48693423_T_C	12:50904447_A_T
12:48693423_T_C	12:50909254_C_T
12:48693423_T_C	12:50919297_T_C
12:48693423_T_C	12:50923885_G_A
12:48693423_T_C	12:50931056_ATTGT_A
12:48693423_T_C	12:50933112_T_C
12:48693423_T_C	12:50937037_A_G
12:48693423_T_C	12:50939276_A_C
12:48693423_T_C	12:50939807_A_T
12:48693423_T_C	12:50940983_T_G
12:48693423_T_C	12:50946955_A_G
12:48693423_T_C	12:50957170_A_G
12:48693423_T_C	12:50959002_A_G
12:48693423_T_C	12:50959088_AT_A
12:48693423_T_C	12:50959199_C_T
12:48693423_T_C	12:50964106_C_T
12:48693423_T_C	12:50969174_G_GT
12:48693423_T_C	12:50970535_AT_A
12:48693423_T_C	12:50971086_G_A
12:48693423_T_C	12:50972319_C_G
12:48693423_T_C	12:50982084_G_A
12:48693423_T_C	12:50982864_G_A
12:48693423_T_C	12:50983942_A_AT
12:48693423_T_C	12:50987294_A_C
12:48693423_T_C	12:51008201_AT_A
12:48693423_T_C	12:51011256_A_T
12:48693423_T_C	12:51018116_C_A
12:48693423_T_C	12:51019171_T_C
12:48693423_T_C	12:51021260_G_A
12:48693423_T_C	12:51031817_C_G
12:48693423_T_C	12:51040397_G_C
12:48693423_T_C	12:51042890_C_A
12:48693423_T_C	12:51046224_G_A
12:48693423_T_C	12:51046728_G_GT
12:48693423_T_C	12:51051351_G_A
12:48693423_T_C	12:51051921_T_C
12:48693423_T_C	12:51052008_C_T
12:48693423_T_C	12:51064064_A_G
12:48693423_T_C	12:51073523_G_A
12:48693423_T_C	12:51074199_T_C
12:48693423_T_C	12:51074873_T_A
12:48693423_T_C	12:51080940_T_C
12:48693423_T_C	12:51086275_G_A
12:48693423_T_C	12:51086931_T_C
12:48693423_T_C	12:51088979_T_G
12:48693423_T_C	12:51089287_G_T
12:48693423_T_C	12:51089734_T_A
12:48693423_T_C	12:51104310_G_A
12:48693423_T_C	12:51112182_C_A
12:48693423_T_C	12:51114427_C_A
12:48693423_T_C	12:51117593_C_A
12:48693423_T_C	12:51121629_CA_C
12:48693423_T_C	12:51128832_A_G
12:48693423_T_C	12:51138687_A_C
12:48693423_T_C	12:51144432_T_C
12:48693423_T_C	12:51153577_G_A
12:48693423_T_C	12:51157863_G_T
12:48693423_T_C	12:51160715_C_T
12:48693423_T_C	12:51161744_C_T
12:48693423_T_C	12:51162452_CAA_C
12:48693423_T_C	12:51164810_A_G
12:48693423_T_C	12:51172133_T_C
12:48693423_T_C	12:51172480_C_T
12:48693423_T_C	12:51180143_C_T
12:48693423_T_C	12:51183311_C_T
12:48693423_T_C	12:51184577_A_G
12:48693423_T_C	12:51187290_C_T
12:48693423_T_C	12:51188526_G_T
12:48693423_T_C	12:51191727_G_A
12:48693423_T_C	12:51193013_C_G
12:48693423_T_C	12:51197051_C_CA
12:48693423_T_C	12:51201749_T_C
12:48693423_T_C	12:51201758_A_G
12:48693423_T_C	12:51203376_T_C
12:48693423_T_C	12:51204938_T_C
12:48693423_T_C	12:51205763_C_T
12:48693423_T_C	12:51205943_AC_A
12:48693423_T_C	12:51208764_G_T
12:48693423_T_C	12:51209087_C_CTAGT
12:48693423_T_C	12:51209838_C_G
12:48693423_T_C	12:51211692_A_G
12:48693423_T_C	12:51216890_T_C
12:48693423_T_C	12:51217421_T_A
12:48693423_T_C	12:51219701_G_A
12:48693423_T_C	12:51220373_G_T
12:48693423_T_C	12:51220897_C_G
12:48693423_T_C	12:51221127_A_G
12:48693423_T_C	12:52931812_T_C
12:48693423_T_C	12:54728129_C_T
5:158338972_G_A	5:149908171_A_G
5:158338972_G_A	5:149938387_ACT_A
5:158338972_G_A	5:149992784_T_C
5:158338972_G_A	5:149998744_C_A
5:158338972_G_A	5:149998747_G_A
5:158338972_G_A	5:149998757_C_A
5:158338972_G_A	5:149999021_G_A
5:158338972_G_A	5:150002637_T_C
5:158338972_G_A	5:150002712_C_T
5:158338972_G_A	5:150003017_G_A
5:158338972_G_A	5:150012640_G_T
5:158338972_G_A	5:150013057_G_T
5:158338972_G_A	5:150013164_G_A
5:158338972_G_A	5:151353112_G_T
5:158338972_G_A	5:151353852_GGTTGTTA_G
5:158338972_G_A	5:151353872_C_T
5:158338972_G_A	5:151354642_A_G
5:158338972_G_A	5:151354689_T_C
5:158338972_G_A	5:151354997_G_GT
5:158338972_G_A	5:151355946_AT_A
5:158338972_G_A	5:151357746_G_GT
5:158338972_G_A	5:151358047_A_G
5:158338972_G_A	5:151358479_A_G
5:158338972_G_A	5:151359158_G_A
5:158338972_G_A	5:151362555_T_C
5:158338972_G_A	5:151362738_C_T
5:158338972_G_A	5:151362748_C_T
5:158338972_G_A	5:151364073_C_G
5:158338972_G_A	5:151364583_G_A
5:158338972_G_A	5:151365020_C_T
5:158338972_G_A	5:151366696_C_G
5:158338972_G_A	5:151368004_G_A
5:158338972_G_A	5:151368009_C_T
5:158338972_G_A	5:151369203_C_G
5:158338972_G_A	5:151369205_G_C
5:158338972_G_A	5:151369527_ACT_A
5:158338972_G_A	5:151370020_C_G
5:158338972_G_A	5:151371203_A_T
5:158338972_G_A	5:151372602_G_A
5:158338972_G_A	5:151372954_C_G
5:158338972_G_A	5:151374362_A_G
5:158338972_G_A	5:151374447_G_C
5:158338972_G_A	5:151377491_G_A
5:158338972_G_A	5:151379907_C_G
5:158338972_G_A	5:151379943_CAA_C
5:158338972_G_A	5:151380624_CTA_C
5:158338972_G_A	5:151384007_A_G
5:158338972_G_A	5:151384126_T_C
5:158338972_G_A	5:151385026_A_G
5:158338972_G_A	5:151387519_G_A
5:158338972_G_A	5:151387909_C_A
5:158338972_G_A	5:151388273_C_CT
5:158338972_G_A	5:151388485_A_C
5:158338972_G_A	5:151388569_A_C
5:158338972_G_A	5:151392357_G_GT
5:158338972_G_A	5:151393184_C_G
5:158338972_G_A	5:151394183_C_T
5:158338972_G_A	5:151394477_G_C
5:158338972_G_A	5:151395769_G_A
5:158338972_G_A	5:151396178_T_C
5:158338972_G_A	5:151396765_G_A
5:158338972_G_A	5:151399402_C_T
5:158338972_G_A	5:151403194_A_G
5:158338972_G_A	5:151404549_AT_A
5:158338972_G_A	5:151404551_T_A
5:158338972_G_A	5:151405161_TC_T
5:158338972_G_A	5:151405630_T_C
5:158338972_G_A	5:151405696_A_G
5:158338972_G_A	5:151406523_C_T
5:158338972_G_A	5:151410888_A_G
5:158338972_G_A	5:151412019_A_G
5:158338972_G_A	5:151412569_G_C
5:158338972_G_A	5:151413033_C_T
5:158338972_G_A	5:151414299_T_G
5:158338972_G_A	5:151414630_C_T
5:158338972_G_A	5:151419333_A_AT
5:158338972_G_A	5:151419598_C_G
5:158338972_G_A	5:151425896_T_C
5:158338972_G_A	5:151427205_C_T
5:158338972_G_A	5:151427950_C_CT
5:158338972_G_A	5:151428318_C_A
5:158338972_G_A	5:151428947_G_A
5:158338972_G_A	5:151432902_T_A
5:158338972_G_A	5:151433537_TTTAAC_T
5:158338972_G_A	5:151434569_A_G
5:158338972_G_A	5:151435142_T_A
5:158338972_G_A	5:153697347_T_C
5:158338972_G_A	5:153705243_A_G
5:158338972_G_A	5:153708963_G_A
5:158338972_G_A	5:153712867_A_G
5:158338972_G_A	5:153713762_A_G
5:158338972_G_A	5:156501641_A_G
5:158338972_G_A	5:156947785_G_C
5:158338972_G_A	5:156974988_A_G
5:158338972_G_A	5:157008540_C_T
5:158338972_G_A	5:157117594_G_A
5:158338972_G_A	5:157124589_G_A
5:158338972_G_A	5:157139270_C_CT
5:158338972_G_A	5:157161160_C_G
5:158338972_G_A	5:157615627_G_T
5:158338972_G_A	5:157725044_A_G
5:158338972_G_A	5:157728489_T_C
5:158338972_G_A	5:157728495_C_A
5:158338972_G_A	5:157728630_A_T
5:158338972_G_A	5:157728884_G_T
5:158338972_G_A	5:157729200_T_C
5:158338972_G_A	5:157729536_A_T
5:158338972_G_A	5:157729782_C_T
5:158338972_G_A	5:157729976_G_A
5:158338972_G_A	5:157731971_C_T
5:158338972_G_A	5:157733342_T_C
5:158338972_G_A	5:157734340_T_A
5:158338972_G_A	5:157734418_C_T
5:158338972_G_A	5:157734426_T_A
5:158338972_G_A	5:157734762_G_A
5:158338972_G_A	5:157734860_G_A
5:158338972_G_A	5:157734988_G_A
5:158338972_G_A	5:157735216_G_T
5:158338972_G_A	5:157735236_T_G
5:158338972_G_A	5:157735269_ACTTGT_A
5:158338972_G_A	5:157735987_G_A
5:158338972_G_A	5:157736709_C_A
5:158338972_G_A	5:157737247_C_T
5:158338972_G_A	5:157737302_C_CTCTT
5:158338972_G_A	5:157737562_C_A
5:158338972_G_A	5:157738117_T_C
5:158338972_G_A	5:157738128_A_C
5:158338972_G_A	5:157739164_T_G
5:158338972_G_A	5:157739713_GT_G
5:158338972_G_A	5:157740111_T_C
5:158338972_G_A	5:157740919_T_C
5:158338972_G_A	5:157741170_G_A
5:158338972_G_A	5:157742251_T_A
5:158338972_G_A	5:157742281_C_T
5:158338972_G_A	5:157742916_T_C
5:158338972_G_A	5:157743295_C_T
5:158338972_G_A	5:157743781_G_T
5:158338972_G_A	5:157744154_C_CA
5:158338972_G_A	5:157744390_C_A
5:158338972_G_A	5:157745169_G_C
5:158338972_G_A	5:157745181_T_C
5:158338972_G_A	5:157746290_T_C
5:158338972_G_A	5:157746310_C_T
5:158338972_G_A	5:157746349_C_A
5:158338972_G_A	5:157746890_G_A
5:158338972_G_A	5:157747449_A_G
5:158338972_G_A	5:157747793_G_A
5:158338972_G_A	5:157748205_G_C
5:158338972_G_A	5:157748270_A_G
5:158338972_G_A	5:157748506_C_T
5:158338972_G_A	5:157749109_G_C
5:158338972_G_A	5:157749488_T_A
5:158338972_G_A	5:157750134_C_T
5:158338972_G_A	5:157750349_A_G
5:158338972_G_A	5:157750554_T_C
5:158338972_G_A	5:157750669_A_T
5:158338972_G_A	5:157750814_G_T
5:158338972_G_A	5:157751003_A_G
5:158338972_G_A	5:157751137_G_A
5:158338972_G_A	5:157753414_A_G
5:158338972_G_A	5:157755067_A_AT
5:158338972_G_A	5:157755468_T_C
5:158338972_G_A	5:157755755_C_T
5:158338972_G_A	5:157757231_T_A
5:158338972_G_A	5:157757671_G_A
5:158338972_G_A	5:157758218_A_T
5:158338972_G_A	5:157758443_A_G
5:158338972_G_A	5:157758540_T_C
5:158338972_G_A	5:157759696_G_T
5:158338972_G_A	5:157760247_T_C
5:158338972_G_A	5:157761059_G_A
5:158338972_G_A	5:157761271_CT_C
5:158338972_G_A	5:157761556_C_T
5:158338972_G_A	5:157761994_T_C
5:158338972_G_A	5:157762163_G_GT
5:158338972_G_A	5:157762226_A_G
5:158338972_G_A	5:157763125_T_G
5:158338972_G_A	5:157763336_T_C
5:158338972_G_A	5:157763505_C_G
5:158338972_G_A	5:157765139_AT_A
5:158338972_G_A	5:157765743_T_A
5:158338972_G_A	5:157765934_A_G
5:158338972_G_A	5:157766303_T_C
5:158338972_G_A	5:157766879_T_C
5:158338972_G_A	5:157768252_A_G
5:158338972_G_A	5:157768371_C_T
5:158338972_G_A	5:157768459_A_C
5:158338972_G_A	5:157768557_A_G
5:158338972_G_A	5:157768640_T_C
5:158338972_G_A	5:157769205_A_C
5:158338972_G_A	5:157769507_T_C
5:158338972_G_A	5:157770028_C_A
5:158338972_G_A	5:157770388_C_CA
5:158338972_G_A	5:157770585_C_T
5:158338972_G_A	5:157770631_TC_T
5:158338972_G_A	5:157771037_A_C
5:158338972_G_A	5:157771163_G_C
5:158338972_G_A	5:157771271_G_A
5:158338972_G_A	5:157771908_G_A
5:158338972_G_A	5:157772407_A_G
5:158338972_G_A	5:157772545_G_GA
5:158338972_G_A	5:157773355_A_C
5:158338972_G_A	5:157773593_G_A
5:158338972_G_A	5:157773608_A_G
5:158338972_G_A	5:157774008_G_A
5:158338972_G_A	5:157774532_A_G
5:158338972_G_A	5:157774990_G_A
5:158338972_G_A	5:157776333_C_A
5:158338972_G_A	5:157776985_T_A
5:158338972_G_A	5:157777225_A_G
5:158338972_G_A	5:157777324_T_C
5:158338972_G_A	5:157778258_TTTTA_T
5:158338972_G_A	5:157778832_T_C
5:158338972_G_A	5:157779196_C_G
5:158338972_G_A	5:157779476_C_A
5:158338972_G_A	5:157779571_T_TC
5:158338972_G_A	5:157779572_T_TC
5:158338972_G_A	5:157779657_A_G
5:158338972_G_A	5:157779700_C_T
5:158338972_G_A	5:157780088_G_C
5:158338972_G_A	5:157780812_CTTAT_C
5:158338972_G_A	5:157781160_C_T
5:158338972_G_A	5:157781194_G_A
5:158338972_G_A	5:157781626_G_T
5:158338972_G_A	5:157782246_C_T
5:158338972_G_A	5:157782466_T_C
5:158338972_G_A	5:157785566_C_A
5:158338972_G_A	5:157786805_G_T
5:158338972_G_A	5:157788161_T_C
5:158338972_G_A	5:157789025_T_C
5:158338972_G_A	5:157791463_C_T
5:158338972_G_A	5:157791857_T_C
5:158338972_G_A	5:157792978_G_A
5:158338972_G_A	5:157793862_G_A
5:158338972_G_A	5:157794348_A_T
5:158338972_G_A	5:157796086_C_T
5:158338972_G_A	5:157797077_T_C
5:158338972_G_A	5:157797080_CCA_C
5:158338972_G_A	5:157797722_T_C
5:158338972_G_A	5:157799604_A_G
5:158338972_G_A	5:157800106_G_A
5:158338972_G_A	5:157800464_A_T
5:158338972_G_A	5:157800662_A_G
5:158338972_G_A	5:157800843_C_T
5:158338972_G_A	5:157800944_A_G
5:158338972_G_A	5:157801016_T_C
5:158338972_G_A	5:157802270_T_A
5:158338972_G_A	5:158033012_T_A
5:158338972_G_A	5:158033644_A_T
5:158338972_G_A	5:158249637_A_C
5:158338972_G_A	5:158268315_T_C
5:158338972_G_A	5:158454689_T_C
5:158338972_G_A	5:158479017_C_CA
5:158338972_G_A	5:158479359_G_GA
5:158338972_G_A	5:158491655_C_T
5:158338972_G_A	5:158872487_T_C
5:158338972_G_A	5:158874041_G_C
5:158338972_G_A	5:158879069_C_T
5:158338972_G_A	5:158890718_A_G
5:158338972_G_A	5:158892198_T_C
5:158338972_G_A	5:158892640_T_C
5:158338972_G_A	5:158901016_A_G
5:158338972_G_A	5:158902969_C_A
5:158338972_G_A	5:158912262_G_A
5:158338972_G_A	5:158915511_C_T
5:158338972_G_A	5:158916574_G_A
5:158338972_G_A	5:158917633_G_A
5:158338972_G_A	5:158918389_A_G
5:158338972_G_A	5:159708832_T_C
5:158338972_G_A	5:160527950_G_A
5:158338972_G_A	5:161229749_TGATAGATA_T
5:158338972_G_A	5:162352947_G_A
5:158338972_G_A	5:166435481_G_A
5:158338972_G_A	5:166493501_G_C
20:16080222_A_T	20:11848828_G_T
20:16080222_A_T	20:11859815_CTG_C
20:16080222_A_T	20:11861148_T_G
20:16080222_A_T	20:11861273_G_GA
20:16080222_A_T	20:11861555_T_C
20:16080222_A_T	20:11863500_G_A
20:16080222_A_T	20:11864373_C_T
20:16080222_A_T	20:11871190_G_C
20:16080222_A_T	20:11873317_C_T
20:16080222_A_T	20:11873805_C_T
20:16080222_A_T	20:11883794_C_A
20:16080222_A_T	20:11886643_C_T
20:16080222_A_T	20:11891724_C_T
20:16080222_A_T	20:11908020_C_T
20:16080222_A_T	20:11908101_T_G
20:16080222_A_T	20:12361440_C_G
20:16080222_A_T	20:12986186_T_C
20:16080222_A_T	20:12989250_C_T
20:16080222_A_T	20:12989258_A_G
20:16080222_A_T	20:12989901_T_C
20:16080222_A_T	20:12990057_T_A
20:16080222_A_T	20:12991897_G_T
20:16080222_A_T	20:12992360_T_TA
20:16080222_A_T	20:12992957_T_G
20:16080222_A_T	20:12993338_G_A
20:16080222_A_T	20:12993345_T_C
20:16080222_A_T	20:12997372_G_A
20:16080222_A_T	20:12998259_G_A
20:16080222_A_T	20:12998349_T_G
20:16080222_A_T	20:12999726_G_A
20:16080222_A_T	20:13001531_T_C
20:16080222_A_T	20:13003255_A_G
20:16080222_A_T	20:13003638_T_C
20:16080222_A_T	20:13009926_C_T
20:16080222_A_T	20:13018450_G_A
20:16080222_A_T	20:13038723_C_T
20:16080222_A_T	20:13039522_C_G
20:16080222_A_T	20:13039663_C_T
20:16080222_A_T	20:13039810_T_C
20:16080222_A_T	20:13039962_G_A
20:16080222_A_T	20:13039997_C_T
20:16080222_A_T	20:13040212_T_C
20:16080222_A_T	20:13060085_C_T
20:16080222_A_T	20:14518364_C_G
20:16080222_A_T	20:16077035_AGG_AG
20:16080222_A_T	20:16077035_AG_A
20:16080222_A_T	20:16078767_C_T
20:16080222_A_T	20:16080071_C_T
20:16080222_A_T	20:16080832_C_T
20:16080222_A_T	20:16082320_C_A
20:16080222_A_T	20:16083092_TTTGTTG_T
20:16080222_A_T	20:16087405_G_T
20:16080222_A_T	20:16088701_C_T
20:16080222_A_T	20:16089066_A_C
20:16080222_A_T	20:16089295_A_C
20:16080222_A_T	20:16089340_A_G
20:16080222_A_T	20:16089422_G_A
20:16080222_A_T	20:16089483_C_G
20:16080222_A_T	20:16089757_G_T
20:16080222_A_T	20:16089952_T_C
20:16080222_A_T	20:16089983_G_A
20:16080222_A_T	20:16090078_A_C
20:16080222_A_T	20:16090161_T_G
20:16080222_A_T	20:16090267_G_A
20:16080222_A_T	20:16090293_T_C
20:16080222_A_T	20:16090420_A_G
20:16080222_A_T	20:16090609_A_T
20:16080222_A_T	20:16090627_G_A
20:16080222_A_T	20:16090658_C_T
20:16080222_A_T	20:16090741_A_G
20:16080222_A_T	20:16090801_T_A
20:16080222_A_T	20:16090971_A_G
20:16080222_A_T	20:16091031_G_A
20:16080222_A_T	20:16091110_C_T
20:16080222_A_T	20:16091395_C_G
20:16080222_A_T	20:16091423_A_C
20:16080222_A_T	20:16091459_C_T
20:16080222_A_T	20:16091510_T_G
20:16080222_A_T	20:16091654_G_A
20:16080222_A_T	20:16091836_T_A
20:16080222_A_T	20:16091883_G_A
20:16080222_A_T	20:16091960_A_G
20:16080222_A_T	20:16092010_ACATGGGGATAC_A
20:16080222_A_T	20:16092209_G_A
20:16080222_A_T	20:16092498_A_T
20:16080222_A_T	20:16092616_A_G
20:16080222_A_T	20:16092806_A_T
20:16080222_A_T	20:16093527_G_T
20:16080222_A_T	20:16093876_G_A
20:16080222_A_T	20:16093928_C_T
20:16080222_A_T	20:16094172_GCAGACTGCCC_G
20:16080222_A_T	20:16094361_C_T
20:16080222_A_T	20:16094380_C_G
20:16080222_A_T	20:16094505_T_C
20:16080222_A_T	20:16094598_C_T
20:16080222_A_T	20:16094740_C_T
20:16080222_A_T	20:16094836_G_A
20:16080222_A_T	20:16095056_G_A
20:16080222_A_T	20:16095087_A_G
20:16080222_A_T	20:16095090_A_T
20:16080222_A_T	20:16095628_C_G
20:16080222_A_T	20:16096330_T_A
20:16080222_A_T	20:16096472_G_A
20:16080222_A_T	20:16097070_G_A
20:16080222_A_T	20:16097400_T_C
20:16080222_A_T	20:16097860_T_C
20:16080222_A_T	20:16098487_T_A
20:16080222_A_T	20:16098498_C_A
20:16080222_A_T	20:16098540_C_CT
20:16080222_A_T	20:16098969_C_CA
20:16080222_A_T	20:16099119_C_T
20:16080222_A_T	20:16099731_G_A
20:16080222_A_T	20:16099770_CA_C
20:16080222_A_T	20:16099875_T_C
20:16080222_A_T	20:16100176_A_G
20:16080222_A_T	20:16100748_T_C
20:16080222_A_T	20:16102315_A_G
20:16080222_A_T	20:16102316_C_A
20:16080222_A_T	20:16103872_AAG_A
20:16080222_A_T	20:16104100_A_G
20:16080222_A_T	20:16106040_A_G
20:16080222_A_T	20:16107413_G_A
20:16080222_A_T	20:16107671_G_T
20:16080222_A_T	20:16109751_T_C
20:16080222_A_T	20:16110052_C_CT
20:16080222_A_T	20:16112675_C_T
20:16080222_A_T	20:16113324_G_A
20:16080222_A_T	20:16113503_A_G
20:16080222_A_T	20:16113578_CAT_C
20:16080222_A_T	20:16115378_A_G
20:16080222_A_T	20:16115561_T_C
20:16080222_A_T	20:16116059_CT_C
20:16080222_A_T	20:16116060_T_A
20:16080222_A_T	20:16116459_G_C
20:16080222_A_T	20:16116961_A_G
20:16080222_A_T	20:16117362_A_C
20:16080222_A_T	20:16117688_T_A
20:16080222_A_T	20:16118388_A_T
20:16080222_A_T	20:16118453_T_C
20:16080222_A_T	20:16118688_G_GT
20:16080222_A_T	20:16119347_G_T
20:16080222_A_T	20:16120763_A_G
20:16080222_A_T	20:16121044_G_T
20:16080222_A_T	20:16121722_A_G
20:16080222_A_T	20:16122266_G_A
20:16080222_A_T	20:16123235_AT_A
20:16080222_A_T	20:16129192_T_C
20:16080222_A_T	20:16129684_C_A
20:16080222_A_T	20:16129851_A_G
20:16080222_A_T	20:16130632_TA_T
20:16080222_A_T	20:16131086_A_G
20:16080222_A_T	20:16131305_G_A
20:16080222_A_T	20:16131414_CT_C
20:16080222_A_T	20:16131814_C_T
20:16080222_A_T	20:16133075_G_A
20:16080222_A_T	20:16133105_G_A
20:16080222_A_T	20:16133338_A_G
20:16080222_A_T	20:16133671_G_C
20:16080222_A_T	20:16133672_G_A
20:16080222_A_T	20:16135308_T_A
20:16080222_A_T	20:16135525_A_G
20:16080222_A_T	20:16135750_TC_T
20:16080222_A_T	20:16136920_G_T
20:16080222_A_T	20:16137298_C_A
20:16080222_A_T	20:16137887_A_G
20:16080222_A_T	20:16137939_G_A
20:16080222_A_T	20:16138022_T_G
20:16080222_A_T	20:16138140_G_T
20:16080222_A_T	20:16138285_A_G
20:16080222_A_T	20:16138336_A_G
20:16080222_A_T	20:16138431_C_G
20:16080222_A_T	20:16139030_G_T
20:16080222_A_T	20:16139353_C_T
20:16080222_A_T	20:16139392_T_C
20:16080222_A_T	20:16139714_A_T
20:16080222_A_T	20:16140781_A_G
20:16080222_A_T	20:16141156_G_T
20:16080222_A_T	20:16141588_A_C
20:16080222_A_T	20:16141932_A_C
20:16080222_A_T	20:16141991_G_T
20:16080222_A_T	20:16142184_C_T
20:16080222_A_T	20:16142333_A_C
20:16080222_A_T	20:16142702_A_C
20:16080222_A_T	20:16146742_T_C
20:16080222_A_T	20:16150006_G_A
20:16080222_A_T	20:16178198_T_C
20:16080222_A_T	20:16178988_C_T
20:16080222_A_T	20:16182609_A_G
20:16080222_A_T	20:16183677_A_G
20:16080222_A_T	20:16187191_G_A
20:16080222_A_T	20:18508304_A_G
20:16080222_A_T	20:18766971_A_C
20:16080222_A_T	20:18768942_C_T
20:16080222_A_T	20:18770870_G_A
20:16080222_A_T	20:18773134_T_G
20:16080222_A_T	20:22502717_C_A
20:16080222_A_T	20:22507024_A_G
20:16080222_A_T	20:22507155_T_A
20:16080222_A_T	20:22507891_G_A
20:16080222_A_T	20:22508182_G_A
20:16080222_A_T	20:22508990_C_T
20:16080222_A_T	20:22509223_G_T
20:16080222_A_T	20:22509433_G_A
20:16080222_A_T	20:22510261_G_A
20:16080222_A_T	20:22515330_C_G
20:16080222_A_T	20:22515495_T_C
20:16080222_A_T	20:22515527_C_T
20:16080222_A_T	20:22516729_C_T
20:16080222_A_T	20:22518523_A_C
20:16080222_A_T	20:22519013_T_C
20:16080222_A_T	20:22519364_C_T
20:16080222_A_T	20:22521069_A_C
20:16080222_A_T	20:22526662_TA_T
20:16080222_A_T	20:25638138_C_T
20:16080222_A_T	20:25645659_T_C
20:16080222_A_T	20:25660906_G_T
20:16080222_A_T	20:25688130_A_G
20:16080222_A_T	20:25694536_T_G
20:16080222_A_T	20:25716363_T_C
20:16080222_A_T	20:25719149_G_A
20:16080222_A_T	20:25736643_A_C
20:16080222_A_T	20:25736664_T_C
20:16080222_A_T	20:25832184_A_G
20:16080222_A_T	20:25832577_A_G
20:16080222_A_T	20:25834073_G_A
20:16080222_A_T	20:25842403_C_G
20:16080222_A_T	20:25849504_C_T
20:16080222_A_T	20:25852763_C_T
20:16080222_A_T	20:25857685_A_G
20:16080222_A_T	20:25859950_T_C
20:16080222_A_T	20:25871074_G_A
20:16080222_A_T	20:25874361_C_T
20:16080222_A_T	20:25879084_A_G
20:16080222_A_T	20:25920889_A_G
20:16080222_A_T	20:25930567_A_C
20:16080222_A_T	20:25933971_G_A
20:16080222_A_T	20:25978849_C_A
2:50504962_C_T	2:43458611_T_C
2:50504962_C_T	2:45184405_GT_G
2:50504962_C_T	2:45189763_G_A
2:50504962_C_T	2:45189866_G_A
2:50504962_C_T	2:45189872_G_A
2:50504962_C_T	2:45190056_A_AC
2:50504962_C_T	2:45191962_G_A
2:50504962_C_T	2:45192600_A_C
2:50504962_C_T	2:45262908_T_A
2:50504962_C_T	2:45263111_A_T
2:50504962_C_T	2:45263312_T_G
2:50504962_C_T	2:45265313_G_T
2:50504962_C_T	2:45311319_C_T
2:50504962_C_T	2:45312196_G_A
2:50504962_C_T	2:45312362_G_C
2:50504962_C_T	2:45314906_G_T
2:50504962_C_T	2:47582935_T_A
2:50504962_C_T	2:47693388_C_G
2:50504962_C_T	2:50080180_G_T
2:50504962_C_T	2:50142797_C_T
2:50504962_C_T	2:50201110_A_G
2:50504962_C_T	2:50201547_G_C
2:50504962_C_T	2:50210408_A_G
2:50504962_C_T	2:50210597_G_A
2:50504962_C_T	2:50210702_A_G
2:50504962_C_T	2:50213678_T_C
2:50504962_C_T	2:50215757_TAAAAA_T
2:50504962_C_T	2:50217995_T_C
2:50504962_C_T	2:50228366_T_C
2:50504962_C_T	2:50228588_T_C
2:50504962_C_T	2:50229809_T_C
2:50504962_C_T	2:50230159_C_T
2:50504962_C_T	2:50230916_T_C
2:50504962_C_T	2:50231111_C_A
2:50504962_C_T	2:50231869_G_A
2:50504962_C_T	2:50232266_A_C
2:50504962_C_T	2:50232386_G_A
2:50504962_C_T	2:50232465_C_T
2:50504962_C_T	2:50233352_A_C
2:50504962_C_T	2:50233606_T_C
2:50504962_C_T	2:50238962_A_G
2:50504962_C_T	2:50239195_A_G
2:50504962_C_T	2:50239577_C_G
2:50504962_C_T	2:50240091_T_C
2:50504962_C_T	2:50240255_T_C
2:50504962_C_T	2:50240511_G_A
2:50504962_C_T	2:50241865_T_A
2:50504962_C_T	2:50243651_C_G
2:50504962_C_T	2:50243779_T_C
2:50504962_C_T	2:50244798_CTT_C
2:50504962_C_T	2:50245211_T_G
2:50504962_C_T	2:50246679_G_C
2:50504962_C_T	2:50247056_G_A
2:50504962_C_T	2:50247620_G_A
2:50504962_C_T	2:50247942_A_G
2:50504962_C_T	2:50248301_G_A
2:50504962_C_T	2:50248355_T_A
2:50504962_C_T	2:50248461_C_G
2:50504962_C_T	2:50248648_C_T
2:50504962_C_T	2:50248913_A_G
2:50504962_C_T	2:50248980_T_C
2:50504962_C_T	2:50250335_A_G
2:50504962_C_T	2:50250447_T_C
2:50504962_C_T	2:50250919_A_T
2:50504962_C_T	2:50251332_A_G
2:50504962_C_T	2:50251363_A_T
2:50504962_C_T	2:50252452_A_G
2:50504962_C_T	2:50253694_T_C
2:50504962_C_T	2:50253909_C_T
2:50504962_C_T	2:50254129_T_C
2:50504962_C_T	2:50254170_C_T
2:50504962_C_T	2:50254518_T_TCCTC
2:50504962_C_T	2:50256512_G_T
2:50504962_C_T	2:50258802_T_C
2:50504962_C_T	2:50260862_C_T
2:50504962_C_T	2:50261600_C_G
2:50504962_C_T	2:50262230_C_T
2:50504962_C_T	2:50262386_C_A
2:50504962_C_T	2:50263305_C_T
2:50504962_C_T	2:50264710_C_A
2:50504962_C_T	2:50270417_C_T
2:50504962_C_T	2:50270925_A_G
2:50504962_C_T	2:50271025_T_C
2:50504962_C_T	2:50271210_C_T
2:50504962_C_T	2:50271600_A_G
2:50504962_C_T	2:50272047_T_C
2:50504962_C_T	2:50272736_A_G
2:50504962_C_T	2:50273897_C_T
2:50504962_C_T	2:50274067_C_A
2:50504962_C_T	2:50274113_T_G
2:50504962_C_T	2:50274422_T_C
2:50504962_C_T	2:50274714_T_C
2:50504962_C_T	2:50274774_C_T
2:50504962_C_T	2:50274931_A_T
2:50504962_C_T	2:50274961_A_T
2:50504962_C_T	2:50275078_G_A
2:50504962_C_T	2:50275688_A_T
2:50504962_C_T	2:50276116_A_G
2:50504962_C_T	2:50277060_C_G
2:50504962_C_T	2:50277297_C_CTTTT
2:50504962_C_T	2:50277925_GT_G
2:50504962_C_T	2:50278183_T_C
2:50504962_C_T	2:50279944_CA_C
2:50504962_C_T	2:50280283_T_C
2:50504962_C_T	2:50280338_G_A
2:50504962_C_T	2:50280973_G_A
2:50504962_C_T	2:50280975_A_G
2:50504962_C_T	2:50281384_GA_G
2:50504962_C_T	2:50281638_T_C
2:50504962_C_T	2:50283485_T_G
2:50504962_C_T	2:50283623_A_C
2:50504962_C_T	2:50283820_T_A
2:50504962_C_T	2:50283888_T_A
2:50504962_C_T	2:50284017_T_C
2:50504962_C_T	2:50284321_A_G
2:50504962_C_T	2:50284581_T_A
2:50504962_C_T	2:50284770_T_C
2:50504962_C_T	2:50284790_T_G
2:50504962_C_T	2:50284911_T_C
2:50504962_C_T	2:50285638_A_G
2:50504962_C_T	2:50286968_A_C
2:50504962_C_T	2:50287680_G_C
2:50504962_C_T	2:50289420_T_G
2:50504962_C_T	2:50289617_T_C
2:50504962_C_T	2:50290025_T_C
2:50504962_C_T	2:50290153_A_G
2:50504962_C_T	2:50290328_C_A
2:50504962_C_T	2:50290491_G_A
2:50504962_C_T	2:50290908_T_C
2:50504962_C_T	2:50290965_C_T
2:50504962_C_T	2:50291086_C_T
2:50504962_C_T	2:50291286_A_G
2:50504962_C_T	2:50291571_C_CT
2:50504962_C_T	2:50291690_T_C
2:50504962_C_T	2:50293860_A_T
2:50504962_C_T	2:50295539_CT_C
2:50504962_C_T	2:50296401_C_T
2:50504962_C_T	2:50296842_G_C
2:50504962_C_T	2:50296992_T_TG
2:50504962_C_T	2:50297205_A_G
2:50504962_C_T	2:50297633_A_G
2:50504962_C_T	2:50297684_G_A
2:50504962_C_T	2:50297691_A_G
2:50504962_C_T	2:50297736_G_A
2:50504962_C_T	2:50298113_T_C
2:50504962_C_T	2:50298261_C_T
2:50504962_C_T	2:50298963_C_T
2:50504962_C_T	2:50299472_C_T
2:50504962_C_T	2:50299668_T_TA
2:50504962_C_T	2:50299752_T_A
2:50504962_C_T	2:50302097_G_A
2:50504962_C_T	2:50302483_G_T
2:50504962_C_T	2:50302935_G_GA
2:50504962_C_T	2:50304010_G_C
2:50504962_C_T	2:50306723_C_T
2:50504962_C_T	2:50307245_G_A
2:50504962_C_T	2:50308645_G_A
2:50504962_C_T	2:50310730_G_C
2:50504962_C_T	2:50311527_C_T
2:50504962_C_T	2:50312181_T_A
2:50504962_C_T	2:50314967_A_G
2:50504962_C_T	2:50315048_C_T
2:50504962_C_T	2:50315495_C_T
2:50504962_C_T	2:50317460_G_C
2:50504962_C_T	2:50320135_T_C
2:50504962_C_T	2:50320253_TA_T
2:50504962_C_T	2:50320605_G_A
2:50504962_C_T	2:50321021_T_C
2:50504962_C_T	2:50321370_C_T
2:50504962_C_T	2:50322232_C_T
2:50504962_C_T	2:50322259_C_T
2:50504962_C_T	2:50327489_G_A
2:50504962_C_T	2:50328375_C_A
2:50504962_C_T	2:50330318_T_A
2:50504962_C_T	2:50331780_T_C
2:50504962_C_T	2:50332598_C_T
2:50504962_C_T	2:50335901_G_C
2:50504962_C_T	2:50340040_C_T
2:50504962_C_T	2:50342832_G_T
2:50504962_C_T	2:50344014_T_C
2:50504962_C_T	2:50344723_A_G
2:50504962_C_T	2:50346704_GA_G
2:50504962_C_T	2:50352229_A_G
2:50504962_C_T	2:50353545_A_C
2:50504962_C_T	2:50353624_T_C
2:50504962_C_T	2:50353839_C_T
2:50504962_C_T	2:50354203_T_G
2:50504962_C_T	2:50354280_C_T
2:50504962_C_T	2:50356016_A_G
2:50504962_C_T	2:50357734_T_C
2:50504962_C_T	2:50358675_T_G
2:50504962_C_T	2:50359043_T_TC
2:50504962_C_T	2:50361388_C_T
2:50504962_C_T	2:50362557_G_A
2:50504962_C_T	2:50365788_T_C
2:50504962_C_T	2:50366181_T_C
2:50504962_C_T	2:50366400_G_A
2:50504962_C_T	2:50368821_C_T
2:50504962_C_T	2:50370160_C_T
2:50504962_C_T	2:50370382_C_T
2:50504962_C_T	2:50372073_T_C
2:50504962_C_T	2:50372437_TAC_T
2:50504962_C_T	2:50372773_C_T
2:50504962_C_T	2:50373620_A_G
2:50504962_C_T	2:50374275_A_G
2:50504962_C_T	2:50375549_A_T
2:50504962_C_T	2:50375695_A_G
2:50504962_C_T	2:50376687_G_T
2:50504962_C_T	2:50377861_T_C
2:50504962_C_T	2:50379868_T_G
2:50504962_C_T	2:50379965_G_T
2:50504962_C_T	2:50380312_C_T
2:50504962_C_T	2:50380339_C_T
2:50504962_C_T	2:50381744_T_C
2:50504962_C_T	2:50383127_T_A
2:50504962_C_T	2:50386983_C_T
2:50504962_C_T	2:50388284_A_G
2:50504962_C_T	2:50388317_A_C
2:50504962_C_T	2:50388475_G_A
2:50504962_C_T	2:50388887_A_G
2:50504962_C_T	2:50391920_T_A
2:50504962_C_T	2:50393271_T_C
2:50504962_C_T	2:50393362_T_A
2:50504962_C_T	2:50393743_T_G
2:50504962_C_T	2:50398283_C_T
2:50504962_C_T	2:50399684_A_T
2:50504962_C_T	2:50400182_G_A
2:50504962_C_T	2:50400767_C_T
2:50504962_C_T	2:50406954_A_G
2:50504962_C_T	2:50408668_C_T
2:50504962_C_T	2:50409249_C_CTT
2:50504962_C_T	2:50411882_C_T
2:50504962_C_T	2:50414613_T_C
2:50504962_C_T	2:50414798_T_C
2:50504962_C_T	2:50415509_C_G
2:50504962_C_T	2:50416338_C_G
2:50504962_C_T	2:50416835_A_G
2:50504962_C_T	2:50421851_T_C
2:50504962_C_T	2:50422537_G_A
2:50504962_C_T	2:50422603_G_A
2:50504962_C_T	2:50423607_T_C
2:50504962_C_T	2:50427701_G_A
2:50504962_C_T	2:50428913_T_C
2:50504962_C_T	2:50429610_T_C
2:50504962_C_T	2:50431223_T_C
2:50504962_C_T	2:50432392_A_C
2:50504962_C_T	2:50432556_C_T
2:50504962_C_T	2:50432727_G_A
2:50504962_C_T	2:50432756_G_T
2:50504962_C_T	2:50433297_C_T
2:50504962_C_T	2:50433751_C_T
2:50504962_C_T	2:50434045_T_C
2:50504962_C_T	2:50434266_A_T
2:50504962_C_T	2:50434439_C_CT
2:50504962_C_T	2:50434759_C_G
2:50504962_C_T	2:50436850_T_C
2:50504962_C_T	2:50437078_T_C
2:50504962_C_T	2:50438026_C_G
2:50504962_C_T	2:50438466_A_T
2:50504962_C_T	2:50438540_C_G
2:50504962_C_T	2:50438701_C_T
2:50504962_C_T	2:50438984_CAG_C
2:50504962_C_T	2:50439009_C_A
2:50504962_C_T	2:50440176_T_C
2:50504962_C_T	2:50441688_C_T
2:50504962_C_T	2:50446739_C_T
2:50504962_C_T	2:50447032_C_T
2:50504962_C_T	2:50447070_T_TA
2:50504962_C_T	2:50447871_T_A
2:50504962_C_T	2:50448046_T_C
2:50504962_C_T	2:50448322_TA_T
2:50504962_C_T	2:50448539_C_T
2:50504962_C_T	2:50448577_C_T
2:50504962_C_T	2:50449138_C_T
2:50504962_C_T	2:50450879_C_T
2:50504962_C_T	2:50451121_G_A
2:50504962_C_T	2:50451132_A_G
2:50504962_C_T	2:50452586_C_T
2:50504962_C_T	2:50453026_T_G
2:50504962_C_T	2:50453517_T_A
2:50504962_C_T	2:50453656_C_G
2:50504962_C_T	2:50454281_C_G
2:50504962_C_T	2:50454972_T_C
2:50504962_C_T	2:50455641_G_A
2:50504962_C_T	2:50456190_T_C
2:50504962_C_T	2:50456468_TG_T
2:50504962_C_T	2:50457975_A_T
2:50504962_C_T	2:50458179_G_A
2:50504962_C_T	2:50458368_AG_A
2:50504962_C_T	2:50458375_C_A
2:50504962_C_T	2:50458391_C_T
2:50504962_C_T	2:50459553_T_G
2:50504962_C_T	2:50459860_G_A
2:50504962_C_T	2:50459963_A_G
2:50504962_C_T	2:50460096_T_G
2:50504962_C_T	2:50461186_C_T
2:50504962_C_T	2:50461448_G_A
2:50504962_C_T	2:50461684_C_A
2:50504962_C_T	2:50464483_C_T
2:50504962_C_T	2:50465522_C_T
2:50504962_C_T	2:50465645_T_A
2:50504962_C_T	2:50465810_T_A
2:50504962_C_T	2:50465966_C_T
2:50504962_C_T	2:50467246_T_C
2:50504962_C_T	2:50467391_T_A
2:50504962_C_T	2:50468157_C_T
2:50504962_C_T	2:50468912_C_T
2:50504962_C_T	2:50470001_A_C
2:50504962_C_T	2:50470487_G_A
2:50504962_C_T	2:50472796_T_C
2:50504962_C_T	2:50472901_A_C
2:50504962_C_T	2:50473624_G_C
2:50504962_C_T	2:50473697_G_A
2:50504962_C_T	2:50473865_GC_G
2:50504962_C_T	2:50473979_G_T
2:50504962_C_T	2:50475043_G_C
2:50504962_C_T	2:50475419_T_C
2:50504962_C_T	2:50475428_G_A
2:50504962_C_T	2:50476294_TA_T
2:50504962_C_T	2:50476423_G_T
2:50504962_C_T	2:50476780_CT_C
2:50504962_C_T	2:50476879_T_A
2:50504962_C_T	2:50477156_T_G
2:50504962_C_T	2:50477573_ATT_A
2:50504962_C_T	2:50478086_G_C
2:50504962_C_T	2:50478151_A_AATT
2:50504962_C_T	2:50478487_G_A
2:50504962_C_T	2:50478505_C_CT
2:50504962_C_T	2:50478542_T_C
2:50504962_C_T	2:50478618_G_A
2:50504962_C_T	2:50479122_G_A
2:50504962_C_T	2:50479200_C_A
2:50504962_C_T	2:50479488_T_C
2:50504962_C_T	2:50479540_G_T
2:50504962_C_T	2:50479994_G_C
2:50504962_C_T	2:50480333_C_T
2:50504962_C_T	2:50480355_A_T
2:50504962_C_T	2:50480508_A_G
2:50504962_C_T	2:50480593_G_A
2:50504962_C_T	2:50481141_C_T
2:50504962_C_T	2:50482571_A_C
2:50504962_C_T	2:50484360_C_T
2:50504962_C_T	2:50484908_G_A
2:50504962_C_T	2:50485031_AT_A
2:50504962_C_T	2:50487105_C_T
2:50504962_C_T	2:50487213_C_A
2:50504962_C_T	2:50487767_GTTTT_G
2:50504962_C_T	2:50488073_G_A
2:50504962_C_T	2:50489162_C_T
2:50504962_C_T	2:50489215_T_A
2:50504962_C_T	2:50490295_TACACACACACAC_T
2:50504962_C_T	2:50490608_G_A
2:50504962_C_T	2:50491942_C_T
2:50504962_C_T	2:50491963_C_T
2:50504962_C_T	2:50492403_A_T
2:50504962_C_T	2:50493136_ATTTATTTT_A
2:50504962_C_T	2:50493692_CACACACACACACACACACAT_C
2:50504962_C_T	2:50493806_A_G
2:50504962_C_T	2:50494567_T_G
2:50504962_C_T	2:50494892_G_A
2:50504962_C_T	2:50497392_C_T
2:50504962_C_T	2:50497517_G_T
2:50504962_C_T	2:50497811_GT_G
2:50504962_C_T	2:50497928_T_C
2:50504962_C_T	2:50499132_G_C
2:50504962_C_T	2:50500361_A_G
2:50504962_C_T	2:50501124_G_C
2:50504962_C_T	2:50501740_G_A
2:50504962_C_T	2:50503037_T_C
2:50504962_C_T	2:50504694_CTCTT_C
2:50504962_C_T	2:50505371_A_ATATATATATTATATATATGTAT
2:50504962_C_T	2:50505380_A_T
2:50504962_C_T	2:50505658_G_A
2:50504962_C_T	2:50509086_A_T
2:50504962_C_T	2:50509697_T_C
2:50504962_C_T	2:50510868_T_C
2:50504962_C_T	2:50511020_A_C
2:50504962_C_T	2:50511655_G_C
2:50504962_C_T	2:50514133_T_C
2:50504962_C_T	2:50518273_G_GA
2:50504962_C_T	2:50519278_T_C
2:50504962_C_T	2:50520824_C_T
2:50504962_C_T	2:50521944_G_A
2:50504962_C_T	2:50522118_T_C
2:50504962_C_T	2:50523656_C_CTATTAT
2:50504962_C_T	2:50524019_CTT_C
2:50504962_C_T	2:50524088_C_T
2:50504962_C_T	2:50524190_A_T
2:50504962_C_T	2:50524218_T_TGGGG
2:50504962_C_T	2:50524392_G_A
2:50504962_C_T	2:50524684_C_A
2:50504962_C_T	2:50525067_G_A
2:50504962_C_T	2:50525665_AT_A
2:50504962_C_T	2:50526928_T_C
2:50504962_C_T	2:50527550_G_C
2:50504962_C_T	2:50527748_T_C
2:50504962_C_T	2:50527753_T_C
2:50504962_C_T	2:50529244_G_GA
2:50504962_C_T	2:50529604_C_T
2:50504962_C_T	2:50529982_C_G
2:50504962_C_T	2:50530395_A_T
2:50504962_C_T	2:50530466_G_C
2:50504962_C_T	2:50530596_G_C
2:50504962_C_T	2:50530681_G_C
2:50504962_C_T	2:50531064_C_CA
2:50504962_C_T	2:50531439_G_A
2:50504962_C_T	2:50535126_A_T
2:50504962_C_T	2:51698568_A_G
2:50504962_C_T	2:51698759_T_C
2:50504962_C_T	2:51698854_C_T
2:50504962_C_T	2:51699054_C_T
2:50504962_C_T	2:51702905_T_G
2:50504962_C_T	2:51707157_A_C
2:50504962_C_T	2:51709555_T_C
2:50504962_C_T	2:51719844_A_G
2:50504962_C_T	2:51721576_CAGAT_C
2:50504962_C_T	2:51723275_A_G
2:50504962_C_T	2:51728315_A_G
2:50504962_C_T	2:51729505_T_G
2:50504962_C_T	2:51729681_G_T
2:50504962_C_T	2:51729825_A_G
2:50504962_C_T	2:51730887_A_G
2:50504962_C_T	2:51731416_A_G
2:50504962_C_T	2:51731633_G_A
2:50504962_C_T	2:51732873_T_C
2:50504962_C_T	2:51734676_C_G
2:50504962_C_T	2:51735079_G_A
2:50504962_C_T	2:51735138_A_G
2:50504962_C_T	2:51735494_A_G
2:50504962_C_T	2:51735855_A_T
2:50504962_C_T	2:51736677_A_G
2:50504962_C_T	2:51737485_GA_G
2:50504962_C_T	2:51737745_G_GC
2:50504962_C_T	2:51737752_C_G
2:50504962_C_T	2:51738003_G_T
2:50504962_C_T	2:51738156_G_T
2:50504962_C_T	2:51738482_A_C
2:50504962_C_T	2:51742218_A_G
2:50504962_C_T	2:51743252_TTA_T
2:50504962_C_T	2:51743492_ATATT_A
2:50504962_C_T	2:51744912_T_A
2:50504962_C_T	2:51747186_T_C
2:50504962_C_T	2:51748119_T_G
2:50504962_C_T	2:51750985_C_G
2:50504962_C_T	2:51751815_T_A
2:50504962_C_T	2:51752279_CT_C
2:50504962_C_T	2:51753083_T_G
2:50504962_C_T	2:51754482_A_G
2:50504962_C_T	2:51756079_G_A
2:50504962_C_T	2:51756550_A_G
2:50504962_C_T	2:51814687_C_G
2:50504962_C_T	2:51866251_CA_C
2:50504962_C_T	2:51866546_A_G
2:50504962_C_T	2:51870503_C_T
2:50504962_C_T	2:55533113_G_A
2:50504962_C_T	2:55896897_C_T
2:50504962_C_T	2:55939979_A_T
2:50504962_C_T	2:55940199_G_C
2:50504962_C_T	2:55959964_A_T
2:50504962_C_T	2:55960837_C_G
2:50504962_C_T	2:55961274_G_A
2:50504962_C_T	2:55961783_G_A
2:50504962_C_T	2:55961933_A_T
2:50504962_C_T	2:55963246_G_C
2:50504962_C_T	2:55963438_AT_A
2:50504962_C_T	2:55964473_T_C
2:50504962_C_T	2:55965093_G_A
2:50504962_C_T	2:55966244_G_C
2:50504962_C_T	2:55968489_T_A
2:50504962_C_T	2:55968572_G_A
2:50504962_C_T	2:55970012_A_T
2:50504962_C_T	2:55971186_A_G
2:50504962_C_T	2:55976844_A_G
2:50504962_C_T	2:56011107_C_T
2:50504962_C_T	2:56011881_C_T
2:50504962_C_T	2:56013061_A_C
2:50504962_C_T	2:56015659_A_G
2:50504962_C_T	2:56017511_A_G
2:50504962_C_T	2:56020194_G_A
2:50504962_C_T	2:56020429_T_C
2:50504962_C_T	2:56020596_T_C
2:50504962_C_T	2:56020962_C_G
2:50504962_C_T	2:56021043_T_C
2:50504962_C_T	2:56022020_C_T
2:50504962_C_T	2:56022051_C_T
2:50504962_C_T	2:56022539_G_A
2:50504962_C_T	2:56022982_C_A
2:50504962_C_T	2:56023505_A_G
2:50504962_C_T	2:56026832_G_A
2:50504962_C_T	2:56029071_C_A
2:50504962_C_T	2:56030431_C_T
2:50504962_C_T	2:56030445_C_A
2:50504962_C_T	2:56031305_C_G
2:50504962_C_T	2:56032552_T_C
2:50504962_C_T	2:56032999_C_T
2:50504962_C_T	2:56072509_A_G
2:50504962_C_T	2:56075676_AT_A
2:50504962_C_T	2:57971698_A_G
2:50504962_C_T	2:58048221_T_C
2:50504962_C_T	2:58049605_C_T
2:50504962_C_T	2:58049901_T_C
2:50504962_C_T	2:58050936_G_T
2:50504962_C_T	2:58051437_T_A
2:50504962_C_T	2:58051769_C_A
2:50504962_C_T	2:58052499_G_A
2:50504962_C_T	2:58053121_G_A
2:50504962_C_T	2:58053706_C_T
2:50504962_C_T	2:58055173_G_GT
2:50504962_C_T	2:58063748_C_A
2:50504962_C_T	2:58064166_T_G
2:50504962_C_T	2:58066543_C_CA
2:50504962_C_T	2:58069464_A_T
2:50504962_C_T	2:58071224_C_T
2:50504962_C_T	2:58072660_G_T
2:50504962_C_T	2:58073603_A_C
2:50504962_C_T	2:58073897_A_G
2:50504962_C_T	2:58074053_G_A
2:50504962_C_T	2:58075701_A_C
2:50504962_C_T	2:58075721_T_A
2:50504962_C_T	2:58075743_T_C
2:50504962_C_T	2:58076229_T_C
2:50504962_C_T	2:58076796_G_T
2:50504962_C_T	2:58076951_T_C
2:50504962_C_T	2:58077827_A_G
2:50504962_C_T	2:58079389_AT_A
2:50504962_C_T	2:58081097_A_C
2:50504962_C_T	2:58082205_G_A
2:50504962_C_T	2:58083420_C_T
2:50504962_C_T	2:58085243_C_T
2:50504962_C_T	2:58085697_TA_T
2:50504962_C_T	2:58087409_G_C
2:50504962_C_T	2:58087596_A_G
2:50504962_C_T	2:58087739_T_C
2:50504962_C_T	2:58089124_C_T
2:50504962_C_T	2:58089599_T_C
2:50504962_C_T	2:58092395_T_C
2:50504962_C_T	2:58093903_A_T
2:50504962_C_T	2:58253423_G_A
2:50504962_C_T	2:58335681_T_C
2:50504962_C_T	2:58338086_A_G
2:50504962_C_T	2:58342680_ATTTG_A
2:50504962_C_T	2:58371153_T_C
2:50504962_C_T	2:58373205_C_T
2:50504962_C_T	2:58374935_GT_G
2:50504962_C_T	2:58379520_T_A
2:50504962_C_T	2:58380658_G_C
2:50504962_C_T	2:58385353_T_C
2:50504962_C_T	2:58388696_A_G
2:50504962_C_T	2:58393298_G_GTAC
2:50504962_C_T	2:58394543_T_C
2:50504962_C_T	2:58396220_A_G
2:50504962_C_T	2:58402269_G_A
2:50504962_C_T	2:58402271_A_T
2:50504962_C_T	2:58402481_C_G
2:50504962_C_T	2:58405260_A_G
2:50504962_C_T	2:58408687_C_T
2:50504962_C_T	2:58409069_A_T
2:50504962_C_T	2:58412472_T_C
2:50504962_C_T	2:58416115_C_A
2:50504962_C_T	2:58419649_C_A
2:50504962_C_T	2:58420885_A_G
2:50504962_C_T	2:58439040_A_T
2:50504962_C_T	2:58444610_C_G
2:50504962_C_T	2:58449451_T_TA
2:50504962_C_T	2:58455206_A_AT
20:38332174_A_AAAAT	20:37246038_C_T
20:38332174_A_AAAAT	20:37303042_C_A
20:38332174_A_AAAAT	20:37303219_C_T
20:38332174_A_AAAAT	20:37322010_A_G
20:38332174_A_AAAAT	20:37322794_G_A
20:38332174_A_AAAAT	20:37324234_G_C
20:38332174_A_AAAAT	20:37326677_G_T
20:38332174_A_AAAAT	20:37326786_G_A
20:38332174_A_AAAAT	20:37328009_C_T
20:38332174_A_AAAAT	20:37328459_G_A
20:38332174_A_AAAAT	20:37328777_A_ACTC
20:38332174_A_AAAAT	20:37328794_C_T
20:38332174_A_AAAAT	20:37328860_T_C
20:38332174_A_AAAAT	20:37329257_G_A
20:38332174_A_AAAAT	20:37329936_G_A
20:38332174_A_AAAAT	20:37330843_A_C
20:38332174_A_AAAAT	20:37337355_G_A
20:38332174_A_AAAAT	20:37424196_T_C
20:38332174_A_AAAAT	20:37429121_AT_A
20:38332174_A_AAAAT	20:37437694_A_AAAAG
20:38332174_A_AAAAT	20:37439804_CA_C
20:38332174_A_AAAAT	20:37447919_A_G
20:38332174_A_AAAAT	20:37453194_A_G
20:38332174_A_AAAAT	20:37455269_C_T
20:38332174_A_AAAAT	20:37455588_A_T
20:38332174_A_AAAAT	20:37456435_GA_G
20:38332174_A_AAAAT	20:37457184_C_G
20:38332174_A_AAAAT	20:37461311_G_C
20:38332174_A_AAAAT	20:37461354_C_G
20:38332174_A_AAAAT	20:37465283_A_T
20:38332174_A_AAAAT	20:37466529_G_A
20:38332174_A_AAAAT	20:37468330_CT_C
20:38332174_A_AAAAT	20:37470453_G_A
20:38332174_A_AAAAT	20:37476277_T_C
20:38332174_A_AAAAT	20:38178412_C_A
20:38332174_A_AAAAT	20:38286298_A_G
20:38332174_A_AAAAT	20:38292228_G_C
20:38332174_A_AAAAT	20:38292468_C_T
20:38332174_A_AAAAT	20:38350412_A_G
20:38332174_A_AAAAT	20:38355244_T_C
20:38332174_A_AAAAT	20:38360955_G_A
20:38332174_A_AAAAT	20:38362184_C_T
20:38332174_A_AAAAT	20:38366034_G_C
20:38332174_A_AAAAT	20:38393033_C_CA
20:38332174_A_AAAAT	20:38418331_G_A
2:184148562_T_A	2:174294267_T_A
2:184148562_T_A	2:177012578_C_T
2:184148562_T_A	2:177021401_G_A
2:184148562_T_A	2:177046430_A_C
2:184148562_T_A	2:177047801_T_G
2:184148562_T_A	2:177091272_A_T
2:184148562_T_A	2:177092976_C_A
2:184148562_T_A	2:178688226_T_A
2:184148562_T_A	2:179275177_C_A
2:184148562_T_A	2:179395555_C_A
2:184148562_T_A	2:179621184_G_A
2:184148562_T_A	2:186189411_A_G
2:184148562_T_A	2:186189586_C_G
2:184148562_T_A	2:186189735_GTGT_G
2:184148562_T_A	2:186189784_A_G
2:184148562_T_A	2:186190449_C_T
2:184148562_T_A	2:186192754_C_G
2:184148562_T_A	2:186194765_T_C
2:184148562_T_A	2:186195209_GT_G
2:184148562_T_A	2:186195271_A_G
2:184148562_T_A	2:186205189_T_C
2:184148562_T_A	2:186206027_G_A
2:184148562_T_A	2:186206558_A_C
2:184148562_T_A	2:186208391_A_G
2:184148562_T_A	2:186209612_A_G
2:184148562_T_A	2:186211576_A_C
2:184148562_T_A	2:186211841_T_C
2:184148562_T_A	2:186212808_C_A
2:184148562_T_A	2:186223503_A_G
2:184148562_T_A	2:187283811_C_A
7:155313035_C_T	7:147621392_G_A
7:155313035_C_T	7:147623774_A_C
7:155313035_C_T	7:152343802_T_G
7:155313035_C_T	7:155286721_G_C
7:155313035_C_T	7:155878534_AC_A
7:155313035_C_T	7:155973233_T_C
7:155313035_C_T	7:158460414_T_TC
7:155313035_C_T	7:158506933_A_T
7:155313035_C_T	7:158506954_A_T
7:155313035_C_T	7:158507091_T_C
7:155313035_C_T	7:158507263_CAAAA_C
7:155313035_C_T	7:158507706_G_A
7:155313035_C_T	7:158508487_CAA_C
7:155313035_C_T	7:158509054_C_A
7:155313035_C_T	7:158511988_G_A
7:155313035_C_T	7:158512856_T_C
8:108875857_C_A	8:99657763_A_G
8:108875857_C_A	8:99670112_AT_A
8:108875857_C_A	8:99696448_T_C
8:108875857_C_A	8:99712397_C_A
8:108875857_C_A	8:106378725_TA_T
8:108875857_C_A	8:106416220_AAACAAC_A
8:108875857_C_A	8:106424802_C_T
8:108875857_C_A	8:106431029_A_G
8:108875857_C_A	8:106432213_C_T
8:108875857_C_A	8:106437057_G_A
8:108875857_C_A	8:106449722_A_ATTTTCT
8:108875857_C_A	8:106456033_G_A
8:108875857_C_A	8:108176786_T_A
8:108875857_C_A	8:108881207_C_T
8:108875857_C_A	8:108988054_A_C
8:108875857_C_A	8:109117853_G_A
8:108875857_C_A	8:109223648_C_T
8:108875857_C_A	8:113656821_T_C
8:108875857_C_A	8:113659314_TCAAA_T
8:108875857_C_A	8:113665554_C_T
8:108875857_C_A	8:113677127_T_C
8:108875857_C_A	8:113677640_C_T
8:108875857_C_A	8:113689649_C_CA
8:108875857_C_A	8:113692518_C_G
8:108875857_C_A	8:113720951_C_CA
8:108875857_C_A	8:113911828_TTATATA_T
2:58110969_C_A	2:51669394_A_G
2:58110969_C_A	2:51669594_T_C
2:58110969_C_A	2:51669730_C_T
2:58110969_C_A	2:51669963_A_T
2:58110969_C_A	2:51670142_A_G
2:58110969_C_A	2:51670973_C_G
2:58110969_C_A	2:51671047_T_C
2:58110969_C_A	2:51671057_A_G
2:58110969_C_A	2:51671398_T_A
2:58110969_C_A	2:51673576_A_C
2:58110969_C_A	2:51673625_CT_C
2:58110969_C_A	2:51673643_C_T
2:58110969_C_A	2:51673864_G_C
2:58110969_C_A	2:51674029_C_T
2:58110969_C_A	2:51674147_T_C
2:58110969_C_A	2:51674451_A_G
2:58110969_C_A	2:51675021_T_A
2:58110969_C_A	2:51675198_C_G
2:58110969_C_A	2:51675335_T_C
2:58110969_C_A	2:51675468_T_C
2:58110969_C_A	2:51676683_C_T
2:58110969_C_A	2:51677024_T_A
2:58110969_C_A	2:51677549_T_G
2:58110969_C_A	2:51677624_A_G
2:58110969_C_A	2:51677823_G_GGT
2:58110969_C_A	2:51692366_T_A
2:58110969_C_A	2:51692406_T_G
2:58110969_C_A	2:51694815_G_A
2:58110969_C_A	2:51705379_G_T
2:58110969_C_A	2:51705620_G_GT
2:58110969_C_A	2:51705755_G_C
2:58110969_C_A	2:51706555_A_T
2:58110969_C_A	2:51706916_T_G
2:58110969_C_A	2:51708270_A_G
2:58110969_C_A	2:51709598_A_G
2:58110969_C_A	2:51709907_G_A
2:58110969_C_A	2:51710303_T_C
2:58110969_C_A	2:51710533_A_G
2:58110969_C_A	2:51713174_A_G
2:58110969_C_A	2:51720700_C_T
2:58110969_C_A	2:51722443_G_A
2:58110969_C_A	2:51722913_C_G
2:58110969_C_A	2:51723024_T_A
2:58110969_C_A	2:51723334_AT_A
2:58110969_C_A	2:51723744_T_C
2:58110969_C_A	2:51724073_C_A
2:58110969_C_A	2:51725168_G_A
2:58110969_C_A	2:51725234_C_A
2:58110969_C_A	2:51726593_A_G
2:58110969_C_A	2:51727352_G_A
2:58110969_C_A	2:51727360_T_A
2:58110969_C_A	2:51728688_G_A
2:58110969_C_A	2:51729164_G_A
2:58110969_C_A	2:51729256_A_C
2:58110969_C_A	2:51729261_C_G
2:58110969_C_A	2:51730189_T_G
2:58110969_C_A	2:51730215_C_G
2:58110969_C_A	2:51730986_C_T
2:58110969_C_A	2:51731190_T_G
2:58110969_C_A	2:51733596_G_C
2:58110969_C_A	2:51739721_G_A
2:58110969_C_A	2:51739881_A_C
2:58110969_C_A	2:51740020_C_T
2:58110969_C_A	2:51740997_T_C
2:58110969_C_A	2:51742516_C_T
2:58110969_C_A	2:51742861_C_T
2:58110969_C_A	2:51743858_G_A
2:58110969_C_A	2:51744098_G_A
2:58110969_C_A	2:51744518_G_A
2:58110969_C_A	2:51744959_G_C
2:58110969_C_A	2:51745854_A_C
2:58110969_C_A	2:51746132_G_T
2:58110969_C_A	2:51746136_T_A
2:58110969_C_A	2:51746397_A_C
2:58110969_C_A	2:51746721_G_A
2:58110969_C_A	2:51747419_T_C
2:58110969_C_A	2:51747487_G_A
2:58110969_C_A	2:51748289_C_T
2:58110969_C_A	2:51748770_GTA_G
2:58110969_C_A	2:51749576_G_A
2:58110969_C_A	2:51749619_T_C
2:58110969_C_A	2:51750176_C_T
2:58110969_C_A	2:51751984_G_A
2:58110969_C_A	2:51755442_C_A
2:58110969_C_A	2:51759320_C_T
2:58110969_C_A	2:53412596_C_G
2:58110969_C_A	2:54616203_C_T
2:58110969_C_A	2:55938530_TTTATC_T
2:58110969_C_A	2:55939060_T_C
2:58110969_C_A	2:55939130_G_T
2:58110969_C_A	2:55939363_A_G
2:58110969_C_A	2:56119657_C_T
2:58110969_C_A	2:56120237_A_C
2:58110969_C_A	2:56876347_T_C
2:58110969_C_A	2:56876372_G_A
2:58110969_C_A	2:57764604_C_T
2:58110969_C_A	2:57765321_T_C
2:58110969_C_A	2:57768753_G_T
2:58110969_C_A	2:57775150_G_A
2:58110969_C_A	2:57775154_G_A
2:58110969_C_A	2:57775158_G_A
2:58110969_C_A	2:57780588_C_T
2:58110969_C_A	2:57781893_A_G
2:58110969_C_A	2:57786549_T_G
2:58110969_C_A	2:57786732_A_G
2:58110969_C_A	2:57787078_C_T
2:58110969_C_A	2:57801443_T_C
2:58110969_C_A	2:57803544_T_C
2:58110969_C_A	2:57804141_T_C
2:58110969_C_A	2:57806978_G_C
2:58110969_C_A	2:57809411_G_A
2:58110969_C_A	2:57810803_T_A
2:58110969_C_A	2:57811588_TTG_T
2:58110969_C_A	2:57812416_G_C
2:58110969_C_A	2:57813115_T_G
2:58110969_C_A	2:57813950_G_A
2:58110969_C_A	2:57815012_T_A
2:58110969_C_A	2:57816546_T_A
2:58110969_C_A	2:57816655_C_T
2:58110969_C_A	2:57820132_A_G
2:58110969_C_A	2:57826028_G_A
2:58110969_C_A	2:57826900_T_C
2:58110969_C_A	2:57829030_C_A
2:58110969_C_A	2:57830176_A_G
2:58110969_C_A	2:57838346_T_G
2:58110969_C_A	2:57838353_G_C
2:58110969_C_A	2:57838792_G_C
2:58110969_C_A	2:57848994_A_T
2:58110969_C_A	2:57854044_T_C
2:58110969_C_A	2:57854345_G_A
2:58110969_C_A	2:57857318_T_C
2:58110969_C_A	2:57858035_G_A
2:58110969_C_A	2:57868749_T_C
2:58110969_C_A	2:57870391_C_G
2:58110969_C_A	2:57871492_TA_T
2:58110969_C_A	2:57876287_G_T
2:58110969_C_A	2:57877865_A_T
2:58110969_C_A	2:57880116_A_T
2:58110969_C_A	2:57882720_G_C
2:58110969_C_A	2:57888623_A_C
2:58110969_C_A	2:57891032_G_T
2:58110969_C_A	2:57892505_T_C
2:58110969_C_A	2:57893385_A_C
2:58110969_C_A	2:57896249_C_T
2:58110969_C_A	2:57898069_C_A
2:58110969_C_A	2:57899383_G_C
2:58110969_C_A	2:57902400_G_A
2:58110969_C_A	2:57902621_C_A
2:58110969_C_A	2:57904249_C_CAGCA
2:58110969_C_A	2:57905132_A_G
2:58110969_C_A	2:57905759_A_G
2:58110969_C_A	2:57908194_G_A
2:58110969_C_A	2:57942987_T_C
2:58110969_C_A	2:57945522_A_G
2:58110969_C_A	2:57947440_T_C
2:58110969_C_A	2:57947592_A_AG
2:58110969_C_A	2:57948635_A_G
2:58110969_C_A	2:57951208_T_G
2:58110969_C_A	2:57952870_A_C
2:58110969_C_A	2:57955644_C_G
2:58110969_C_A	2:57956088_G_A
2:58110969_C_A	2:57956533_T_G
2:58110969_C_A	2:57957572_G_A
2:58110969_C_A	2:57958740_AT_A
2:58110969_C_A	2:57967563_A_G
2:58110969_C_A	2:57970943_A_G
2:58110969_C_A	2:57971343_A_G
2:58110969_C_A	2:57971686_AAAAG_A
2:58110969_C_A	2:57971694_GAAAA_G
2:58110969_C_A	2:57972834_C_A
2:58110969_C_A	2:57973344_A_C
2:58110969_C_A	2:57973452_C_T
2:58110969_C_A	2:57973818_C_T
2:58110969_C_A	2:57974429_A_T
2:58110969_C_A	2:57975170_T_C
2:58110969_C_A	2:57975524_T_G
2:58110969_C_A	2:57978858_T_C
2:58110969_C_A	2:57979248_T_TC
2:58110969_C_A	2:57980955_A_T
2:58110969_C_A	2:57987201_C_G
2:58110969_C_A	2:57988194_A_T
2:58110969_C_A	2:57992112_G_A
2:58110969_C_A	2:57993568_G_A
2:58110969_C_A	2:57993643_G_A
2:58110969_C_A	2:57995420_CACTGCAACCTCTGCCT_C
2:58110969_C_A	2:57995586_C_T
2:58110969_C_A	2:57995852_A_G
2:58110969_C_A	2:57997136_G_C
2:58110969_C_A	2:57998040_A_C
2:58110969_C_A	2:58002818_G_T
2:58110969_C_A	2:58004577_A_AT
2:58110969_C_A	2:58005792_G_A
2:58110969_C_A	2:58006624_G_A
2:58110969_C_A	2:58006919_GA_G
2:58110969_C_A	2:58007475_A_T
2:58110969_C_A	2:58007759_G_A
2:58110969_C_A	2:58007905_T_A
2:58110969_C_A	2:58008155_T_C
2:58110969_C_A	2:58008872_A_C
2:58110969_C_A	2:58010040_T_A
2:58110969_C_A	2:58011697_A_G
2:58110969_C_A	2:58012833_C_T
2:58110969_C_A	2:58014723_C_T
2:58110969_C_A	2:58016412_G_A
2:58110969_C_A	2:58016879_C_T
2:58110969_C_A	2:58017224_C_T
2:58110969_C_A	2:58019903_T_C
2:58110969_C_A	2:58021528_G_A
2:58110969_C_A	2:58021882_C_A
2:58110969_C_A	2:58023009_A_T
2:58110969_C_A	2:58023134_C_T
2:58110969_C_A	2:58023218_G_A
2:58110969_C_A	2:58025739_TA_T
2:58110969_C_A	2:58025937_C_T
2:58110969_C_A	2:58026312_G_A
2:58110969_C_A	2:58027337_C_T
2:58110969_C_A	2:58027493_C_A
2:58110969_C_A	2:58029645_C_A
2:58110969_C_A	2:58030962_G_A
2:58110969_C_A	2:58032029_C_G
2:58110969_C_A	2:58032530_G_C
2:58110969_C_A	2:58032553_A_T
2:58110969_C_A	2:58032759_C_T
2:58110969_C_A	2:58033361_A_G
2:58110969_C_A	2:58035491_C_T
2:58110969_C_A	2:58035555_G_A
2:58110969_C_A	2:58036044_A_G
2:58110969_C_A	2:58037203_T_TA
2:58110969_C_A	2:58037369_A_G
2:58110969_C_A	2:58039357_T_C
2:58110969_C_A	2:58039936_C_T
2:58110969_C_A	2:58040174_T_C
2:58110969_C_A	2:58040729_C_T
2:58110969_C_A	2:58041482_C_T
2:58110969_C_A	2:58041936_C_T
2:58110969_C_A	2:58042241_G_A
2:58110969_C_A	2:58044220_G_A
2:58110969_C_A	2:58044533_G_C
2:58110969_C_A	2:58045395_T_C
2:58110969_C_A	2:58046683_G_A
2:58110969_C_A	2:58046995_A_G
2:58110969_C_A	2:58047101_G_C
2:58110969_C_A	2:58047263_C_A
2:58110969_C_A	2:58047881_CAA_C
2:58110969_C_A	2:58058069_C_G
2:58110969_C_A	2:58059803_C_A
2:58110969_C_A	2:58061127_C_T
2:58110969_C_A	2:58065936_T_A
2:58110969_C_A	2:58078939_T_G
2:58110969_C_A	2:58095252_G_C
2:58110969_C_A	2:58111064_A_G
2:58110969_C_A	2:58111922_T_G
2:58110969_C_A	2:58112266_A_T
2:58110969_C_A	2:58113995_T_C
2:58110969_C_A	2:58114255_CAT_C
2:58110969_C_A	2:58115023_GCTAT_G
2:58110969_C_A	2:58115072_G_C
2:58110969_C_A	2:58117095_T_C
2:58110969_C_A	2:58117926_C_G
2:58110969_C_A	2:58119122_A_G
2:58110969_C_A	2:58119574_C_T
2:58110969_C_A	2:58119582_G_T
2:58110969_C_A	2:58119657_C_G
2:58110969_C_A	2:58120553_T_A
2:58110969_C_A	2:58121391_C_T
2:58110969_C_A	2:58123724_T_C
2:58110969_C_A	2:58123798_T_C
2:58110969_C_A	2:58124359_G_A
2:58110969_C_A	2:58124512_G_A
2:58110969_C_A	2:58124543_A_T
2:58110969_C_A	2:58126250_C_CT
2:58110969_C_A	2:58127647_A_G
2:58110969_C_A	2:58127648_A_C
2:58110969_C_A	2:58127907_C_T
2:58110969_C_A	2:58127925_C_A
2:58110969_C_A	2:58128804_C_T
2:58110969_C_A	2:58130295_TA_T
2:58110969_C_A	2:58130327_C_T
2:58110969_C_A	2:58133522_A_G
2:58110969_C_A	2:58134048_T_A
2:58110969_C_A	2:58135010_C_G
2:58110969_C_A	2:58135011_G_A
2:58110969_C_A	2:58135023_T_C
2:58110969_C_A	2:58135872_A_G
2:58110969_C_A	2:58136220_C_G
2:58110969_C_A	2:58137618_C_T
2:58110969_C_A	2:58137930_A_G
2:58110969_C_A	2:58138581_G_A
2:58110969_C_A	2:58138651_A_G
2:58110969_C_A	2:58139593_A_G
2:58110969_C_A	2:58139865_G_C
2:58110969_C_A	2:58139906_A_T
2:58110969_C_A	2:58140977_G_A
2:58110969_C_A	2:58141384_CT_C
2:58110969_C_A	2:58142647_T_G
2:58110969_C_A	2:58143438_A_G
2:58110969_C_A	2:58143854_C_A
2:58110969_C_A	2:58144542_C_A
2:58110969_C_A	2:58145060_A_G
2:58110969_C_A	2:58145483_A_AT
2:58110969_C_A	2:58146956_T_A
2:58110969_C_A	2:58148180_G_A
2:58110969_C_A	2:58148349_C_T
2:58110969_C_A	2:58149116_G_A
2:58110969_C_A	2:58149158_T_C
2:58110969_C_A	2:58149555_G_GCTAA
2:58110969_C_A	2:58150658_G_GT
2:58110969_C_A	2:58150768_T_C
2:58110969_C_A	2:58150941_A_C
2:58110969_C_A	2:58151817_A_G
2:58110969_C_A	2:58152075_T_C
2:58110969_C_A	2:58152280_C_A
2:58110969_C_A	2:58152537_G_A
2:58110969_C_A	2:58153374_A_C
2:58110969_C_A	2:58153375_T_A
2:58110969_C_A	2:58153602_G_A
2:58110969_C_A	2:58154132_C_CG
2:58110969_C_A	2:58154133_T_TG
2:58110969_C_A	2:58154249_T_C
2:58110969_C_A	2:58154601_G_A
2:58110969_C_A	2:58154915_T_A
2:58110969_C_A	2:58155253_T_C
2:58110969_C_A	2:58155358_A_T
2:58110969_C_A	2:58155829_G_A
2:58110969_C_A	2:58156539_T_C
2:58110969_C_A	2:58156583_A_C
2:58110969_C_A	2:58156772_G_C
2:58110969_C_A	2:58158152_A_G
2:58110969_C_A	2:58158283_C_T
2:58110969_C_A	2:58159362_T_A
2:58110969_C_A	2:58159473_T_G
2:58110969_C_A	2:58159670_A_G
2:58110969_C_A	2:58159852_T_C
2:58110969_C_A	2:58160123_A_C
2:58110969_C_A	2:58160138_T_G
2:58110969_C_A	2:58160605_G_A
2:58110969_C_A	2:58160639_G_C
2:58110969_C_A	2:58160798_G_GT
2:58110969_C_A	2:58161221_A_G
2:58110969_C_A	2:58161355_C_T
2:58110969_C_A	2:58161397_C_G
2:58110969_C_A	2:58161752_C_A
2:58110969_C_A	2:58162191_A_G
2:58110969_C_A	2:58163146_G_T
2:58110969_C_A	2:58163178_A_G
2:58110969_C_A	2:58164223_A_G
2:58110969_C_A	2:58164454_G_A
2:58110969_C_A	2:58165595_G_T
2:58110969_C_A	2:58165694_T_C
2:58110969_C_A	2:58165967_TTC_T
2:58110969_C_A	2:58166181_G_A
2:58110969_C_A	2:58166468_T_C
2:58110969_C_A	2:58166643_T_G
2:58110969_C_A	2:58166760_T_C
2:58110969_C_A	2:58166769_T_C
2:58110969_C_A	2:58167140_G_A
2:58110969_C_A	2:58167143_A_G
2:58110969_C_A	2:58167258_T_G
2:58110969_C_A	2:58167260_G_C
2:58110969_C_A	2:58167440_C_T
2:58110969_C_A	2:58167698_GA_G
2:58110969_C_A	2:58168098_T_C
2:58110969_C_A	2:58168831_A_G
2:58110969_C_A	2:58168856_G_T
2:58110969_C_A	2:58169166_G_T
2:58110969_C_A	2:58169388_A_G
2:58110969_C_A	2:58169418_G_A
2:58110969_C_A	2:58169494_T_C
2:58110969_C_A	2:58169712_T_TG
2:58110969_C_A	2:58170004_T_C
2:58110969_C_A	2:58170161_C_A
2:58110969_C_A	2:58171220_A_C
2:58110969_C_A	2:58171287_A_G
2:58110969_C_A	2:58171964_T_C
2:58110969_C_A	2:58172107_C_T
2:58110969_C_A	2:58176213_A_G
2:58110969_C_A	2:58177082_C_A
2:58110969_C_A	2:58177683_T_G
2:58110969_C_A	2:58179019_C_T
2:58110969_C_A	2:58196110_A_G
2:58110969_C_A	2:58197305_T_A
2:58110969_C_A	2:58199375_T_TTTTG
2:58110969_C_A	2:58200748_A_G
2:58110969_C_A	2:58201202_G_A
2:58110969_C_A	2:58203057_C_T
2:58110969_C_A	2:58208074_A_G
2:58110969_C_A	2:58210239_T_C
2:58110969_C_A	2:58210522_C_A
2:58110969_C_A	2:58211509_A_G
2:58110969_C_A	2:58225035_GA_G
2:58110969_C_A	2:58229428_A_C
2:58110969_C_A	2:58231314_C_T
2:58110969_C_A	2:58233464_C_T
2:58110969_C_A	2:58233754_A_T
2:58110969_C_A	2:58237405_T_C
2:58110969_C_A	2:58240442_G_C
2:58110969_C_A	2:58243332_T_C
2:58110969_C_A	2:58246649_T_C
2:58110969_C_A	2:58268373_C_T
2:58110969_C_A	2:58272502_T_C
2:58110969_C_A	2:58275666_G_A
2:58110969_C_A	2:58276280_C_A
2:58110969_C_A	2:58283746_A_ACT
2:58110969_C_A	2:58284638_CTCTT_C
2:58110969_C_A	2:58295946_GAA_G
2:58110969_C_A	2:58296890_A_G
2:58110969_C_A	2:58297664_G_A
2:58110969_C_A	2:58299326_A_G
2:58110969_C_A	2:58300783_ATATATT_A
2:58110969_C_A	2:58344189_G_A
2:58110969_C_A	2:58354971_G_A
2:58110969_C_A	2:58361134_G_A
2:58110969_C_A	2:58362161_G_A
2:58110969_C_A	2:58364359_C_CAT
2:58110969_C_A	2:58476015_C_G
2:58110969_C_A	2:58480774_G_GA
2:58110969_C_A	2:58481863_T_C
2:58110969_C_A	2:58482646_T_G
2:58110969_C_A	2:58484172_A_G
2:58110969_C_A	2:58488020_T_A
2:58110969_C_A	2:58488895_T_G
2:58110969_C_A	2:58489150_T_C
2:58110969_C_A	2:58491770_C_T
2:58110969_C_A	2:58492030_T_G
2:58110969_C_A	2:58492235_A_T
2:58110969_C_A	2:58493175_G_A
2:58110969_C_A	2:58494072_C_T
2:58110969_C_A	2:58494656_T_C
2:58110969_C_A	2:58495006_C_T
2:58110969_C_A	2:58498481_G_A
2:58110969_C_A	2:58501186_C_G
2:58110969_C_A	2:58505679_C_T
2:58110969_C_A	2:59952274_T_C
2:58110969_C_A	2:59953839_C_T
2:58110969_C_A	2:59959846_T_C
2:58110969_C_A	2:59960023_T_C
2:58110969_C_A	2:59961318_T_C
2:58110969_C_A	2:59962406_C_T
2:58110969_C_A	2:59970064_T_C
2:58110969_C_A	2:59970477_T_C
2:58110969_C_A	2:59971668_A_G
2:58110969_C_A	2:59973741_A_G
2:58110969_C_A	2:59975400_A_G
2:58110969_C_A	2:59975650_G_C
2:58110969_C_A	2:59977067_T_G
2:58110969_C_A	2:59980363_T_TC
2:58110969_C_A	2:62680102_A_G
2:58110969_C_A	2:62680153_T_C
2:58110969_C_A	2:62710273_G_C
2:58110969_C_A	2:62710608_C_T
2:58110969_C_A	2:62715628_GA_G
2:58110969_C_A	2:62724681_CA_C
2:58110969_C_A	2:62724915_G_C
2:58110969_C_A	2:62727902_C_T
2:58110969_C_A	2:62748319_T_C
2:58110969_C_A	2:62752975_G_A
2:58110969_C_A	2:62756049_C_T
2:58110969_C_A	2:62757683_T_A
2:58110969_C_A	2:62758620_T_A
2:58110969_C_A	2:62758756_A_G
2:58110969_C_A	2:62760555_G_A
2:58110969_C_A	2:62766723_C_A
2:58110969_C_A	2:62771503_T_C
2:58110969_C_A	2:62773101_CAG_C
2:58110969_C_A	2:62777035_A_G
2:58110969_C_A	2:62778009_G_C
2:58110969_C_A	2:62778578_G_A
2:58110969_C_A	2:62780325_A_G
2:58110969_C_A	2:64403331_C_A
2:58110969_C_A	2:64407771_G_A
2:58110969_C_A	2:64409295_A_ATCACTTCAT
2:58110969_C_A	2:64409298_T_A
2:58110969_C_A	2:64409299_A_AAG
2:58110969_C_A	2:64415532_T_C
2:58110969_C_A	2:64417573_C_G
2:58110969_C_A	2:64905182_C_T
3:25105548_C_T	3:18095705_T_C
3:25105548_C_T	3:18098694_T_C
3:25105548_C_T	3:18107473_T_C
3:25105548_C_T	3:18108124_C_G
3:25105548_C_T	3:18108126_G_A
3:25105548_C_T	3:18109110_A_G
3:25105548_C_T	3:18110067_G_A
3:25105548_C_T	3:18110206_A_G
3:25105548_C_T	3:18112620_C_T
3:25105548_C_T	3:18114039_T_C
3:25105548_C_T	3:18116746_C_G
3:25105548_C_T	3:18116950_C_G
3:25105548_C_T	3:18117085_A_G
3:25105548_C_T	3:18117829_T_C
3:25105548_C_T	3:23031894_T_C
3:25105548_C_T	3:23093984_AC_A
3:25105548_C_T	3:23105268_G_C
3:25105548_C_T	3:24331597_A_C
3:25105548_C_T	3:24340687_C_T
3:25105548_C_T	3:24346689_T_G
3:25105548_C_T	3:24357192_C_A
3:25105548_C_T	3:25089864_C_A
3:25105548_C_T	3:25100658_G_A
3:25105548_C_T	3:25111128_C_A
3:25105548_C_T	3:25114478_C_T
3:25105548_C_T	3:25117155_T_C
3:25105548_C_T	3:25126036_CCCTT_C
3:25105548_C_T	3:25131827_G_A
3:25105548_C_T	3:25137376_C_A
3:25105548_C_T	3:25142430_C_A
3:25105548_C_T	3:25184885_A_G
3:25105548_C_T	3:25184956_A_T
3:25105548_C_T	3:25185448_T_C
3:25105548_C_T	3:25188006_T_G
3:25105548_C_T	3:25285416_G_A
3:25105548_C_T	3:25286972_T_A
3:25105548_C_T	3:25579777_C_T
3:25105548_C_T	3:32466606_G_A
3:25105548_C_T	3:32516218_G_A
7:35080408_A_T	7:29760273_G_A
7:35080408_A_T	7:29761288_G_A
7:35080408_A_T	7:29762881_G_A
7:35080408_A_T	7:29767409_T_G
7:35080408_A_T	7:29771115_C_T
7:35080408_A_T	7:29771744_T_C
7:35080408_A_T	7:29772816_G_T
7:35080408_A_T	7:29772972_C_A
7:35080408_A_T	7:29774120_G_A
7:35080408_A_T	7:29776311_C_T
7:35080408_A_T	7:29776386_A_G
7:35080408_A_T	7:29776854_G_A
7:35080408_A_T	7:29800030_T_G
7:35080408_A_T	7:29805259_A_T
7:35080408_A_T	7:29846857_A_G
7:35080408_A_T	7:29868037_C_T
7:35080408_A_T	7:29868051_G_T
7:35080408_A_T	7:29868170_C_T
7:35080408_A_T	7:29869448_C_T
7:35080408_A_T	7:29870502_T_C
7:35080408_A_T	7:29877527_T_G
7:35080408_A_T	7:29878109_C_T
7:35080408_A_T	7:29952709_TCCCAG_T
7:35080408_A_T	7:30774163_A_T
7:35080408_A_T	7:30776827_A_G
7:35080408_A_T	7:30788347_GT_G
7:35080408_A_T	7:31381969_T_C
7:35080408_A_T	7:31510688_A_G
7:35080408_A_T	7:31530960_G_A
7:35080408_A_T	7:34876255_A_G
7:35080408_A_T	7:34941004_C_A
7:35080408_A_T	7:34941118_G_C
7:35080408_A_T	7:34941644_A_G
7:35080408_A_T	7:34943327_A_G
7:35080408_A_T	7:34943344_CT_C
7:35080408_A_T	7:34944387_G_A
7:35080408_A_T	7:34944871_G_A
7:35080408_A_T	7:34944959_T_C
7:35080408_A_T	7:34945851_C_G
7:35080408_A_T	7:34946471_G_A
7:35080408_A_T	7:34947231_C_T
7:35080408_A_T	7:34947901_T_G
7:35080408_A_T	7:34948034_C_T
7:35080408_A_T	7:34949709_A_G
7:35080408_A_T	7:34952321_T_A
7:35080408_A_T	7:34952360_A_C
7:35080408_A_T	7:34952750_G_A
7:35080408_A_T	7:34953589_A_C
7:35080408_A_T	7:34953681_A_G
7:35080408_A_T	7:34955473_C_T
7:35080408_A_T	7:34958929_T_C
7:35080408_A_T	7:34958930_G_A
7:35080408_A_T	7:34958934_G_T
7:35080408_A_T	7:34958942_C_T
7:35080408_A_T	7:34958943_A_G
7:35080408_A_T	7:34959604_C_T
7:35080408_A_T	7:34959617_C_T
7:35080408_A_T	7:34960095_C_T
7:35080408_A_T	7:34961116_T_TA
7:35080408_A_T	7:34962024_C_G
7:35080408_A_T	7:34962117_C_T
7:35080408_A_T	7:34962584_T_C
7:35080408_A_T	7:34962766_C_T
7:35080408_A_T	7:34963018_C_T
7:35080408_A_T	7:34964932_T_C
7:35080408_A_T	7:34964947_C_T
7:35080408_A_T	7:34965874_T_G
7:35080408_A_T	7:34967008_CA_C
7:35080408_A_T	7:34967025_A_C
7:35080408_A_T	7:34967072_C_T
7:35080408_A_T	7:34967213_A_T
7:35080408_A_T	7:34967273_A_G
7:35080408_A_T	7:34967850_C_G
7:35080408_A_T	7:34968047_A_G
7:35080408_A_T	7:34968498_A_T
7:35080408_A_T	7:34968744_G_A
7:35080408_A_T	7:34969389_A_G
7:35080408_A_T	7:34970331_C_T
7:35080408_A_T	7:34970685_C_G
7:35080408_A_T	7:34970909_G_T
7:35080408_A_T	7:34971900_T_G
7:35080408_A_T	7:34972752_A_T
7:35080408_A_T	7:34972790_A_G
7:35080408_A_T	7:34972940_A_C
7:35080408_A_T	7:34974602_G_A
7:35080408_A_T	7:34976354_G_T
7:35080408_A_T	7:34976832_A_G
7:35080408_A_T	7:34977196_A_T
7:35080408_A_T	7:34977402_T_C
7:35080408_A_T	7:34978099_G_C
7:35080408_A_T	7:34978407_A_G
7:35080408_A_T	7:34979159_T_C
7:35080408_A_T	7:34980643_T_C
7:35080408_A_T	7:34980653_C_T
7:35080408_A_T	7:34981626_G_A
7:35080408_A_T	7:34981868_A_C
7:35080408_A_T	7:34982420_A_C
7:35080408_A_T	7:34982553_G_A
7:35080408_A_T	7:34983400_T_C
7:35080408_A_T	7:34983878_G_C
7:35080408_A_T	7:34983977_CA_C
7:35080408_A_T	7:34984003_T_C
7:35080408_A_T	7:34987758_G_A
7:35080408_A_T	7:34987782_GA_G
7:35080408_A_T	7:34988079_G_C
7:35080408_A_T	7:34989337_T_G
7:35080408_A_T	7:34989364_T_C
7:35080408_A_T	7:34990996_G_C
7:35080408_A_T	7:34991663_T_TTGA
7:35080408_A_T	7:34991676_C_A
7:35080408_A_T	7:34992635_A_G
7:35080408_A_T	7:34993286_C_T
7:35080408_A_T	7:34993336_GAATA_G
7:35080408_A_T	7:34995075_A_G
7:35080408_A_T	7:34995214_C_T
7:35080408_A_T	7:34995410_G_T
7:35080408_A_T	7:34996925_C_T
7:35080408_A_T	7:34996984_C_T
7:35080408_A_T	7:34997200_AAAAAACAAAACAAG_A
7:35080408_A_T	7:34997850_A_G
7:35080408_A_T	7:34998645_A_C
7:35080408_A_T	7:34999315_A_G
7:35080408_A_T	7:35000217_G_C
7:35080408_A_T	7:35000459_T_C
7:35080408_A_T	7:35000492_C_T
7:35080408_A_T	7:35000559_A_G
7:35080408_A_T	7:35000860_G_A
7:35080408_A_T	7:35000934_C_T
7:35080408_A_T	7:35001022_C_A
7:35080408_A_T	7:35001998_T_C
7:35080408_A_T	7:35002493_T_C
7:35080408_A_T	7:35002572_T_C
7:35080408_A_T	7:35003882_G_A
7:35080408_A_T	7:35004134_C_T
7:35080408_A_T	7:35004384_G_T
7:35080408_A_T	7:35004517_A_G
7:35080408_A_T	7:35012255_A_G
7:35080408_A_T	7:35013449_G_A
7:35080408_A_T	7:35013517_C_T
7:35080408_A_T	7:35014299_A_C
7:35080408_A_T	7:35015150_C_A
7:35080408_A_T	7:35016387_G_C
7:35080408_A_T	7:35016562_AT_A
7:35080408_A_T	7:35017222_A_G
7:35080408_A_T	7:35017671_G_A
7:35080408_A_T	7:35018292_C_T
7:35080408_A_T	7:35020183_C_T
7:35080408_A_T	7:35020188_T_C
7:35080408_A_T	7:35020280_C_T
7:35080408_A_T	7:35020451_C_T
7:35080408_A_T	7:35020843_C_T
7:35080408_A_T	7:35020938_T_C
7:35080408_A_T	7:35020983_T_C
7:35080408_A_T	7:35021176_T_C
7:35080408_A_T	7:35023287_GA_G
7:35080408_A_T	7:35026008_C_T
7:35080408_A_T	7:35028428_T_C
7:35080408_A_T	7:35029903_A_C
7:35080408_A_T	7:35032654_A_C
7:35080408_A_T	7:35033584_T_C
7:35080408_A_T	7:35033983_A_T
7:35080408_A_T	7:35035109_T_C
7:35080408_A_T	7:35035528_TG_T
7:35080408_A_T	7:35035695_G_A
7:35080408_A_T	7:35035704_T_A
7:35080408_A_T	7:35037048_CAAA_C
7:35080408_A_T	7:35037221_CAAAAAAA_C
7:35080408_A_T	7:35037327_G_A
7:35080408_A_T	7:35037958_A_G
7:35080408_A_T	7:35038091_T_C
7:35080408_A_T	7:35039201_C_T
7:35080408_A_T	7:35040038_A_G
7:35080408_A_T	7:35040694_C_T
7:35080408_A_T	7:35041230_T_C
7:35080408_A_T	7:35042260_CAAAG_C
7:35080408_A_T	7:35042733_A_T
7:35080408_A_T	7:35043726_C_A
7:35080408_A_T	7:35044080_T_C
7:35080408_A_T	7:35047579_T_A
7:35080408_A_T	7:35049131_T_C
7:35080408_A_T	7:35049357_T_C
7:35080408_A_T	7:35049551_C_T
7:35080408_A_T	7:35050227_C_T
7:35080408_A_T	7:35050364_G_A
7:35080408_A_T	7:35051815_G_A
7:35080408_A_T	7:35052515_TTATGTA_T
7:35080408_A_T	7:35053484_CTA_C
7:35080408_A_T	7:35054010_C_CA
7:35080408_A_T	7:35054029_T_C
7:35080408_A_T	7:35054514_G_T
7:35080408_A_T	7:35054951_C_T
7:35080408_A_T	7:35055679_TA_T
7:35080408_A_T	7:35055831_T_C
7:35080408_A_T	7:35055880_A_T
7:35080408_A_T	7:35056166_T_C
7:35080408_A_T	7:35056266_C_A
7:35080408_A_T	7:35057190_A_G
7:35080408_A_T	7:35057721_AT_A
7:35080408_A_T	7:35058177_A_G
7:35080408_A_T	7:35058349_C_T
7:35080408_A_T	7:35059143_A_G
7:35080408_A_T	7:35059667_T_C
7:35080408_A_T	7:35059716_G_A
7:35080408_A_T	7:35060312_C_A
7:35080408_A_T	7:35061136_G_A
7:35080408_A_T	7:35061509_C_T
7:35080408_A_T	7:35061705_CA_C
7:35080408_A_T	7:35062402_A_AT
7:35080408_A_T	7:35062566_A_G
7:35080408_A_T	7:35062819_A_G
7:35080408_A_T	7:35063649_C_T
7:35080408_A_T	7:35063721_A_G
7:35080408_A_T	7:35063781_A_G
7:35080408_A_T	7:35063794_G_A
7:35080408_A_T	7:35064459_G_T
7:35080408_A_T	7:35065113_G_T
7:35080408_A_T	7:35065527_A_C
7:35080408_A_T	7:35065558_A_G
7:35080408_A_T	7:35065852_T_C
7:35080408_A_T	7:35066531_A_G
7:35080408_A_T	7:35066729_A_T
7:35080408_A_T	7:35067280_T_TAAAA
7:35080408_A_T	7:35068057_T_C
7:35080408_A_T	7:35068422_G_T
7:35080408_A_T	7:35068980_T_C
7:35080408_A_T	7:35069923_G_A
7:35080408_A_T	7:35070342_A_T
7:35080408_A_T	7:35070620_T_C
7:35080408_A_T	7:35070935_A_C
7:35080408_A_T	7:35071129_AAC_A
7:35080408_A_T	7:35072813_G_A
7:35080408_A_T	7:35074130_G_C
7:35080408_A_T	7:35074367_A_G
7:35080408_A_T	7:35074959_A_C
7:35080408_A_T	7:35075619_G_A
7:35080408_A_T	7:35076630_AAGGGG_A
7:35080408_A_T	7:35078006_G_A
7:35080408_A_T	7:35078033_A_G
7:35080408_A_T	7:35078743_A_G
7:35080408_A_T	7:35078807_C_T
7:35080408_A_T	7:35078908_G_A
7:35080408_A_T	7:35078980_A_ATAACT
7:35080408_A_T	7:35080931_T_G
7:35080408_A_T	7:35081628_T_G
7:35080408_A_T	7:35082809_C_T
7:35080408_A_T	7:35083204_GTTAAC_G
7:35080408_A_T	7:35083634_C_A
7:35080408_A_T	7:35083870_T_C
7:35080408_A_T	7:35083946_A_G
7:35080408_A_T	7:35083952_C_T
7:35080408_A_T	7:35085919_T_C
7:35080408_A_T	7:35091875_T_C
7:35080408_A_T	7:35093706_A_AT
7:35080408_A_T	7:35094194_T_C
7:35080408_A_T	7:35095245_A_G
7:35080408_A_T	7:35105709_T_C
7:35080408_A_T	7:35106396_G_A
7:35080408_A_T	7:35108849_C_A
7:35080408_A_T	7:35113540_A_T
7:35080408_A_T	7:35113577_AT_A
7:35080408_A_T	7:35113589_GCACCA_G
7:35080408_A_T	7:35116528_T_C
7:35080408_A_T	7:35117736_T_A
7:35080408_A_T	7:35118895_T_C
7:35080408_A_T	7:35128655_C_T
7:35080408_A_T	7:35132909_G_A
7:35080408_A_T	7:35132976_C_A
7:35080408_A_T	7:35133010_G_A
7:35080408_A_T	7:35133014_G_A
7:35080408_A_T	7:35133193_G_T
7:35080408_A_T	7:35133245_A_G
7:35080408_A_T	7:35134958_G_T
7:35080408_A_T	7:35135206_G_A
7:35080408_A_T	7:35136070_T_C
7:35080408_A_T	7:35136978_T_C
7:35080408_A_T	7:35138121_G_T
7:35080408_A_T	7:35138570_A_T
7:35080408_A_T	7:35143193_A_G
7:35080408_A_T	7:35145811_T_A
7:35080408_A_T	7:35150307_T_G
7:35080408_A_T	7:35151768_A_C
7:35080408_A_T	7:35151775_G_A
7:35080408_A_T	7:35152399_C_T
7:35080408_A_T	7:35152405_A_G
7:35080408_A_T	7:35152859_G_A
7:35080408_A_T	7:35153537_A_C
7:35080408_A_T	7:35156249_A_T
7:35080408_A_T	7:35156313_A_G
7:35080408_A_T	7:35164635_GTGT_G
7:35080408_A_T	7:35165739_A_G
7:35080408_A_T	7:35168823_TAC_T
7:35080408_A_T	7:35169723_C_T
7:35080408_A_T	7:35170281_G_A
7:35080408_A_T	7:35173619_TTATATATATATA_T
7:35080408_A_T	7:35175405_T_A
7:35080408_A_T	7:35181072_C_A
7:35080408_A_T	7:35183613_C_G
7:35080408_A_T	7:35184445_C_A
7:35080408_A_T	7:35187703_A_G
7:35080408_A_T	7:35188223_C_T
7:35080408_A_T	7:35190084_G_T
7:35080408_A_T	7:35190409_A_G
7:35080408_A_T	7:35192528_G_A
7:35080408_A_T	7:35195774_CAGAG_C
7:35080408_A_T	7:35196208_G_A
7:35080408_A_T	7:35197109_CAT_C
7:35080408_A_T	7:35200804_G_A
7:35080408_A_T	7:35208756_TA_T
7:35080408_A_T	7:35208929_T_C
7:35080408_A_T	7:35209087_T_C
7:35080408_A_T	7:35209267_G_A
7:35080408_A_T	7:35209449_C_A
7:35080408_A_T	7:35209450_G_T
7:35080408_A_T	7:35210072_T_C
7:35080408_A_T	7:35210211_G_A
7:35080408_A_T	7:35211135_G_A
7:35080408_A_T	7:35214546_G_A
7:35080408_A_T	7:35215670_C_G
7:35080408_A_T	7:35216333_T_C
7:35080408_A_T	7:35216404_A_C
7:35080408_A_T	7:35216760_G_GT
7:35080408_A_T	7:35217974_G_A
7:35080408_A_T	7:35218492_C_T
7:35080408_A_T	7:35218768_CT_C
7:35080408_A_T	7:35220701_CTG_C
7:35080408_A_T	7:35221053_A_G
7:35080408_A_T	7:35221611_ATC_A
7:35080408_A_T	7:35222105_T_C
7:35080408_A_T	7:35222386_C_T
7:35080408_A_T	7:35224327_C_T
7:35080408_A_T	7:35224945_G_T
7:35080408_A_T	7:35225518_C_A
7:35080408_A_T	7:35226198_AC_A
7:35080408_A_T	7:35226902_C_A
7:35080408_A_T	7:35227217_A_T
7:35080408_A_T	7:35229608_G_T
7:35080408_A_T	7:35229615_CT_C
7:35080408_A_T	7:35230071_CTT_C
7:35080408_A_T	7:35231380_C_CT
7:35080408_A_T	7:35231624_A_G
7:35080408_A_T	7:35231725_G_A
7:35080408_A_T	7:35232802_G_A
7:35080408_A_T	7:35233589_C_T
7:35080408_A_T	7:35234904_A_AT
7:35080408_A_T	7:35235306_A_G
7:35080408_A_T	7:35238530_T_C
7:35080408_A_T	7:35251096_G_T
7:35080408_A_T	7:35257521_G_A
7:35080408_A_T	7:35264209_G_A
7:35080408_A_T	7:35269625_T_C
7:35080408_A_T	7:35270988_G_A
7:35080408_A_T	7:35272709_T_G
7:35080408_A_T	7:35273116_G_C
7:35080408_A_T	7:35274785_C_T
7:35080408_A_T	7:35275038_G_A
7:35080408_A_T	7:35275707_A_G
7:35080408_A_T	7:35275836_C_G
7:35080408_A_T	7:35275921_T_C
7:35080408_A_T	7:35275971_A_G
7:35080408_A_T	7:35276234_T_C
7:35080408_A_T	7:35276262_C_G
7:35080408_A_T	7:35276336_G_A
7:35080408_A_T	7:35276363_G_A
7:35080408_A_T	7:35276634_T_C
7:35080408_A_T	7:35276883_A_G
7:35080408_A_T	7:35276996_C_T
7:35080408_A_T	7:35277074_C_A
7:35080408_A_T	7:35277216_T_C
7:35080408_A_T	7:35277221_G_GA
7:35080408_A_T	7:35277389_C_A
7:35080408_A_T	7:35277432_C_T
7:35080408_A_T	7:35277478_TA_T
7:35080408_A_T	7:35278391_T_C
7:35080408_A_T	7:35278424_G_A
7:35080408_A_T	7:35278466_C_T
7:35080408_A_T	7:35278551_C_T
7:35080408_A_T	7:35278761_A_G
7:35080408_A_T	7:35279642_A_G
7:35080408_A_T	7:35279652_G_A
7:35080408_A_T	7:35279796_G_A
7:35080408_A_T	7:35280345_T_TA
7:35080408_A_T	7:35280693_C_T
7:35080408_A_T	7:35280947_C_T
7:35080408_A_T	7:35281087_T_C
7:35080408_A_T	7:35281105_TG_T
7:35080408_A_T	7:35281155_G_A
7:35080408_A_T	7:35281211_T_C
7:35080408_A_T	7:35281575_G_T
7:35080408_A_T	7:35281619_T_G
7:35080408_A_T	7:35281643_G_T
7:35080408_A_T	7:35281684_G_C
7:35080408_A_T	7:35281692_ACT_A
7:35080408_A_T	7:35282343_A_C
7:35080408_A_T	7:35282435_T_A
7:35080408_A_T	7:35282931_A_C
7:35080408_A_T	7:35283049_G_A
7:35080408_A_T	7:35283278_A_C
7:35080408_A_T	7:35283309_T_TA
7:35080408_A_T	7:35283453_G_C
7:35080408_A_T	7:35283529_A_G
7:35080408_A_T	7:35283584_C_A
7:35080408_A_T	7:35283756_C_T
7:35080408_A_T	7:35283910_G_A
7:35080408_A_T	7:35284034_CAA_C
7:35080408_A_T	7:35284161_G_A
7:35080408_A_T	7:35285404_C_G
7:35080408_A_T	7:35285562_A_G
7:35080408_A_T	7:35285642_A_G
7:35080408_A_T	7:35285754_C_A
7:35080408_A_T	7:35285821_T_C
7:35080408_A_T	7:35285857_G_A
7:35080408_A_T	7:35285977_C_T
7:35080408_A_T	7:35286471_C_A
7:35080408_A_T	7:35287484_A_T
7:35080408_A_T	7:35287673_T_G
7:35080408_A_T	7:35288068_G_A
7:35080408_A_T	7:35288133_G_A
7:35080408_A_T	7:35288213_T_C
7:35080408_A_T	7:35288276_T_C
7:35080408_A_T	7:35290201_C_T
7:35080408_A_T	7:35290225_C_A
7:35080408_A_T	7:35291313_C_T
7:35080408_A_T	7:35291640_T_A
7:35080408_A_T	7:35292420_G_A
7:35080408_A_T	7:35292733_C_CCTT
7:35080408_A_T	7:35293417_A_G
7:35080408_A_T	7:35293972_A_G
7:35080408_A_T	7:35294854_A_G
7:35080408_A_T	7:35295094_G_T
7:35080408_A_T	7:35295234_C_G
7:35080408_A_T	7:35295363_T_A
7:35080408_A_T	7:35295365_A_G
7:35080408_A_T	7:35295503_A_G
7:35080408_A_T	7:35295780_A_C
7:35080408_A_T	7:35295820_T_C
7:35080408_A_T	7:35295831_A_G
7:35080408_A_T	7:35295876_C_A
7:35080408_A_T	7:35296306_C_T
7:35080408_A_T	7:35296638_T_C
7:35080408_A_T	7:35296663_C_T
7:35080408_A_T	7:35297019_C_T
7:35080408_A_T	7:35297115_G_A
7:35080408_A_T	7:35297240_T_G
7:35080408_A_T	7:35297565_A_G
7:35080408_A_T	7:35297620_A_G
7:35080408_A_T	7:35297932_G_C
7:35080408_A_T	7:35297958_C_A
7:35080408_A_T	7:35298564_A_G
7:35080408_A_T	7:35299008_C_T
7:35080408_A_T	7:35299014_C_T
7:35080408_A_T	7:35299016_G_C
7:35080408_A_T	7:35299649_T_TC
7:35080408_A_T	7:35299657_T_C
7:35080408_A_T	7:35299841_A_G
7:35080408_A_T	7:35299884_C_T
7:35080408_A_T	7:35299896_C_T
7:35080408_A_T	7:35299924_C_T
7:35080408_A_T	7:35300376_A_G
7:35080408_A_T	7:35300377_C_A
7:35080408_A_T	7:35300561_C_T
7:35080408_A_T	7:35301542_C_A
7:35080408_A_T	7:35302478_A_C
7:35080408_A_T	7:35304164_C_T
7:35080408_A_T	7:35319577_C_T
7:35080408_A_T	7:35321936_G_T
7:35080408_A_T	7:35324475_T_C
7:35080408_A_T	7:35324590_G_A
7:35080408_A_T	7:35326704_T_A
7:35080408_A_T	7:35327685_G_T
7:35080408_A_T	7:35328056_C_T
7:35080408_A_T	7:35328674_T_C
7:35080408_A_T	7:35329288_GT_G
7:35080408_A_T	7:35330762_A_T
7:35080408_A_T	7:35332117_C_T
7:35080408_A_T	7:35332406_G_A
7:35080408_A_T	7:35332451_A_T
7:35080408_A_T	7:35335640_A_G
7:35080408_A_T	7:35336175_C_A
7:35080408_A_T	7:35339492_C_T
7:35080408_A_T	7:35340998_T_C
7:35080408_A_T	7:35341813_C_A
7:35080408_A_T	7:35342387_CT_C
7:35080408_A_T	7:35342834_T_G
7:35080408_A_T	7:35346848_G_A
7:35080408_A_T	7:35349362_T_A
7:35080408_A_T	7:35350170_C_CT
7:35080408_A_T	7:35351932_C_T
7:35080408_A_T	7:37589526_A_G
7:35080408_A_T	7:37589834_A_C
7:35080408_A_T	7:38384500_C_T
7:35080408_A_T	7:38385143_A_G
7:35080408_A_T	7:38385612_G_C
7:35080408_A_T	7:38385822_A_G
7:35080408_A_T	7:38385828_G_A
7:35080408_A_T	7:38386274_A_G
7:35080408_A_T	7:38386783_C_G
7:35080408_A_T	7:38386812_G_GC
7:35080408_A_T	7:38387000_T_G
7:35080408_A_T	7:38387012_G_A
7:35080408_A_T	7:38387110_G_A
7:35080408_A_T	7:38387509_T_C
7:35080408_A_T	7:38387511_C_T
7:35080408_A_T	7:38387769_A_T
7:35080408_A_T	7:38387941_T_A
7:35080408_A_T	7:38388373_AAAC_A
7:35080408_A_T	7:38388735_A_G
7:35080408_A_T	7:38390102_CTG_C
7:35080408_A_T	7:38390909_G_A
7:35080408_A_T	7:38399412_A_G
7:35080408_A_T	7:38401302_C_T
7:35080408_A_T	7:38407905_G_T
7:35080408_A_T	7:38407906_C_T
7:35080408_A_T	7:38408271_CT_C
7:35080408_A_T	7:38408552_C_G
7:35080408_A_T	7:38419878_T_C
7:35080408_A_T	7:38421148_A_G
7:35080408_A_T	7:38421781_G_A
7:35080408_A_T	7:38422594_T_G
7:35080408_A_T	7:38424328_T_C
7:35080408_A_T	7:38424702_T_TA
7:35080408_A_T	7:38426031_C_A
7:35080408_A_T	7:38427573_A_C
7:35080408_A_T	7:38427649_A_G
7:35080408_A_T	7:38428040_T_C
7:35080408_A_T	7:38429183_C_A
7:35080408_A_T	7:38429552_T_A
7:35080408_A_T	7:38429572_GT_G
7:35080408_A_T	7:38429584_C_G
7:35080408_A_T	7:38429828_C_A
7:35080408_A_T	7:38429932_T_C
7:35080408_A_T	7:38430371_A_G
7:35080408_A_T	7:38433243_TGAG_T
7:35080408_A_T	7:43970904_C_A
7:35080408_A_T	7:43970905_T_A
7:35080408_A_T	7:43989460_A_T
7:35080408_A_T	7:44001773_C_G
7:35080408_A_T	7:44002847_C_G
7:35080408_A_T	7:44005513_G_A
7:35080408_A_T	7:44017373_CCT_C
7:35080408_A_T	7:44019731_G_A
7:35080408_A_T	7:44094935_C_T
7:35080408_A_T	7:44974841_T_C
8:11712443_A_C	8:2159580_C_T
8:11712443_A_C	8:2414994_T_C
8:11712443_A_C	8:2437993_G_T
8:11712443_A_C	8:2489063_T_C
8:11712443_A_C	8:2525703_G_A
8:11712443_A_C	8:3847742_T_C
8:11712443_A_C	8:4463239_G_C
8:11712443_A_C	8:6165952_C_G
8:11712443_A_C	8:8118600_C_T
8:11712443_A_C	8:8118611_C_T
8:11712443_A_C	8:8118812_T_C
8:11712443_A_C	8:8120343_G_A
8:11712443_A_C	8:8121009_G_C
8:11712443_A_C	8:8121248_T_C
8:11712443_A_C	8:8123727_C_T
8:11712443_A_C	8:8124766_A_G
8:11712443_A_C	8:8125407_T_C
8:11712443_A_C	8:8125496_G_A
8:11712443_A_C	8:8128568_AT_A
8:11712443_A_C	8:8130524_G_GC
8:11712443_A_C	8:8132754_T_G
8:11712443_A_C	8:8132842_C_G
8:11712443_A_C	8:8133146_A_G
8:11712443_A_C	8:8133155_C_G
8:11712443_A_C	8:8134975_A_G
8:11712443_A_C	8:8136125_C_T
8:11712443_A_C	8:8138455_A_G
8:11712443_A_C	8:8139302_G_A
8:11712443_A_C	8:8144471_G_A
8:11712443_A_C	8:8145500_G_A
8:11712443_A_C	8:8146323_G_A
8:11712443_A_C	8:8148948_C_T
8:11712443_A_C	8:8150980_A_G
8:11712443_A_C	8:8257317_C_A
8:11712443_A_C	8:8257336_CTTCT_C
8:11712443_A_C	8:8258019_G_A
8:11712443_A_C	8:8258448_C_G
8:11712443_A_C	8:8258455_G_A
8:11712443_A_C	8:8258712_T_C
8:11712443_A_C	8:8259117_T_A
8:11712443_A_C	8:8259128_GAA_G
8:11712443_A_C	8:8261624_T_C
8:11712443_A_C	8:8261902_A_G
8:11712443_A_C	8:8268063_G_C
8:11712443_A_C	8:8268313_A_G
8:11712443_A_C	8:8268437_C_T
8:11712443_A_C	8:8270871_G_T
8:11712443_A_C	8:8284650_T_C
8:11712443_A_C	8:8301794_G_A
8:11712443_A_C	8:8304502_G_A
8:11712443_A_C	8:8363683_A_G
8:11712443_A_C	8:8687325_A_G
8:11712443_A_C	8:8948469_T_G
8:11712443_A_C	8:9157526_T_C
8:11712443_A_C	8:9161052_C_T
8:11712443_A_C	8:9161249_T_G
8:11712443_A_C	8:9161712_T_C
8:11712443_A_C	8:9162286_T_C
8:11712443_A_C	8:9629351_GGGGA_G
8:11712443_A_C	8:9728464_A_G
8:11712443_A_C	8:9735102_A_C
8:11712443_A_C	8:9741925_G_A
8:11712443_A_C	8:9742206_A_G
8:11712443_A_C	8:9742578_T_C
8:11712443_A_C	8:9742666_A_G
8:11712443_A_C	8:9744002_G_C
8:11712443_A_C	8:9747056_T_C
8:11712443_A_C	8:9747377_G_A
8:11712443_A_C	8:9750091_T_A
8:11712443_A_C	8:9752965_C_G
8:11712443_A_C	8:9753073_G_A
8:11712443_A_C	8:9753363_A_AGTT
8:11712443_A_C	8:9753573_G_C
8:11712443_A_C	8:9756449_G_T
8:11712443_A_C	8:9758230_G_A
8:11712443_A_C	8:9759620_G_T
8:11712443_A_C	8:9839517_C_T
8:11712443_A_C	8:9848521_C_A
8:11712443_A_C	8:9851138_G_C
8:11712443_A_C	8:9852686_T_C
8:11712443_A_C	8:9855805_C_A
8:11712443_A_C	8:9856072_G_A
8:11712443_A_C	8:9857748_C_A
8:11712443_A_C	8:9863041_A_AT
8:11712443_A_C	8:9870137_T_A
8:11712443_A_C	8:9873980_T_C
8:11712443_A_C	8:9875221_G_C
8:11712443_A_C	8:9875908_C_T
8:11712443_A_C	8:9884877_C_T
8:11712443_A_C	8:9892003_CA_C
8:11712443_A_C	8:9893251_GAT_G
8:11712443_A_C	8:9925715_C_G
8:11712443_A_C	8:10034275_G_T
8:11712443_A_C	8:10070309_A_G
8:11712443_A_C	8:10071527_T_C
8:11712443_A_C	8:10075698_C_T
8:11712443_A_C	8:10948422_C_CA
8:11712443_A_C	8:10951175_G_GT
8:11712443_A_C	8:10953874_G_A
8:11712443_A_C	8:10955225_C_G
8:11712443_A_C	8:10958824_T_C
8:11712443_A_C	8:10962929_G_C
8:11712443_A_C	8:10975682_C_G
8:11712443_A_C	8:10976494_C_G
8:11712443_A_C	8:10978065_G_T
8:11712443_A_C	8:10983579_T_G
8:11712443_A_C	8:11012977_C_T
8:11712443_A_C	8:11014616_T_G
8:11712443_A_C	8:11015338_C_T
8:11712443_A_C	8:11019578_C_G
8:11712443_A_C	8:11023997_G_C
8:11712443_A_C	8:11024326_A_C
8:11712443_A_C	8:11029039_T_G
8:11712443_A_C	8:11032228_T_G
8:11712443_A_C	8:11032240_C_T
8:11712443_A_C	8:11033517_G_C
8:11712443_A_C	8:11033525_C_T
8:11712443_A_C	8:11037187_T_C
8:11712443_A_C	8:11039816_T_G
8:11712443_A_C	8:11040647_A_G
8:11712443_A_C	8:11041642_A_T
8:11712443_A_C	8:11053922_G_A
8:11712443_A_C	8:11054097_C_A
8:11712443_A_C	8:11055597_C_A
8:11712443_A_C	8:11060217_TA_T
8:11712443_A_C	8:11060311_A_C
8:11712443_A_C	8:11061792_C_T
8:11712443_A_C	8:11062882_T_C
8:11712443_A_C	8:11115749_C_T
8:11712443_A_C	8:11130977_G_T
8:11712443_A_C	8:11308779_C_T
8:11712443_A_C	8:11308905_GA_G
8:11712443_A_C	8:11309780_G_A
8:11712443_A_C	8:11355821_A_G
8:11712443_A_C	8:11355980_C_T
8:11712443_A_C	8:11356002_C_A
8:11712443_A_C	8:11359380_G_A
8:11712443_A_C	8:11377716_T_C
8:11712443_A_C	8:11378740_A_G
8:11712443_A_C	8:11382367_G_A
8:11712443_A_C	8:11383200_T_A
8:11712443_A_C	8:11384199_G_C
8:11712443_A_C	8:11384556_C_T
8:11712443_A_C	8:11384841_G_C
8:11712443_A_C	8:11389426_G_A
8:11712443_A_C	8:11390627_A_T
8:11712443_A_C	8:11390781_C_G
8:11712443_A_C	8:11391108_GAGGAGA_G
8:11712443_A_C	8:11392819_AAGAAAGAAAGAAAG_A
8:11712443_A_C	8:11393329_A_C
8:11712443_A_C	8:11393617_G_C
8:11712443_A_C	8:11393992_T_G
8:11712443_A_C	8:11396818_C_T
8:11712443_A_C	8:11396974_T_A
8:11712443_A_C	8:11397583_C_T
8:11712443_A_C	8:11398335_C_A
8:11712443_A_C	8:11398953_T_C
8:11712443_A_C	8:11399098_C_T
8:11712443_A_C	8:11408935_A_G
8:11712443_A_C	8:11410513_C_A
8:11712443_A_C	8:11411005_G_C
8:11712443_A_C	8:11415812_C_T
8:11712443_A_C	8:11416885_C_T
8:11712443_A_C	8:11417016_ACT_A
8:11712443_A_C	8:11417144_T_C
8:11712443_A_C	8:11417150_G_T
8:11712443_A_C	8:11417257_A_G
8:11712443_A_C	8:11417493_T_C
8:11712443_A_C	8:11422491_C_A
8:11712443_A_C	8:11422492_C_G
8:11712443_A_C	8:11422494_AT_A
8:11712443_A_C	8:11422861_C_G
8:11712443_A_C	8:11422936_C_T
8:11712443_A_C	8:11423072_A_G
8:11712443_A_C	8:11431558_TAC_T
8:11712443_A_C	8:11432946_C_A
8:11712443_A_C	8:11433780_T_C
8:11712443_A_C	8:11433909_T_C
8:11712443_A_C	8:11434176_A_T
8:11712443_A_C	8:11434232_C_T
8:11712443_A_C	8:11434415_C_CTCGGTTT
8:11712443_A_C	8:11434792_C_G
8:11712443_A_C	8:11435049_G_A
8:11712443_A_C	8:11435291_G_GTGGC
8:11712443_A_C	8:11435516_T_C
8:11712443_A_C	8:11435564_C_T
8:11712443_A_C	8:11435927_G_C
8:11712443_A_C	8:11440019_G_A
8:11712443_A_C	8:11444516_G_A
8:11712443_A_C	8:11444837_C_T
8:11712443_A_C	8:11450422_A_G
8:11712443_A_C	8:11471904_G_T
8:11712443_A_C	8:11521079_A_T
8:11712443_A_C	8:11530493_C_A
8:11712443_A_C	8:11536638_G_T
8:11712443_A_C	8:11536877_G_A
8:11712443_A_C	8:11537789_A_G
8:11712443_A_C	8:11538878_C_G
8:11712443_A_C	8:11542996_T_C
8:11712443_A_C	8:11543725_GT_G
8:11712443_A_C	8:11545900_T_C
8:11712443_A_C	8:11546043_A_T
8:11712443_A_C	8:11584476_C_G
8:11712443_A_C	8:11585764_T_C
8:11712443_A_C	8:11586893_A_G
8:11712443_A_C	8:11587455_G_GAGA
8:11712443_A_C	8:11589033_G_A
8:11712443_A_C	8:11589042_A_G
8:11712443_A_C	8:11593033_T_G
8:11712443_A_C	8:11593222_C_T
8:11712443_A_C	8:11594970_C_A
8:11712443_A_C	8:11596163_G_A
8:11712443_A_C	8:11597275_CGGA_C
8:11712443_A_C	8:11598248_G_GT
8:11712443_A_C	8:11673985_G_C
8:11712443_A_C	8:11685453_A_G
8:11712443_A_C	8:11685801_AAAAC_A
8:11712443_A_C	8:11688148_T_C
8:11712443_A_C	8:11689228_T_G
8:11712443_A_C	8:11690915_A_G
8:11712443_A_C	8:11692638_C_T
8:11712443_A_C	8:11693378_G_T
8:11712443_A_C	8:11693441_G_A
8:11712443_A_C	8:11693577_G_A
8:11712443_A_C	8:11694650_C_T
8:11712443_A_C	8:11694765_G_C
8:11712443_A_C	8:11694986_G_A
8:11712443_A_C	8:11695060_G_A
8:11712443_A_C	8:11695872_T_C
8:11712443_A_C	8:11696995_TA_T
8:11712443_A_C	8:11698436_C_T
8:11712443_A_C	8:11699632_T_A
8:11712443_A_C	8:11701096_A_C
8:11712443_A_C	8:11701253_A_G
8:11712443_A_C	8:11701278_G_A
8:11712443_A_C	8:11701933_T_C
8:11712443_A_C	8:11702006_A_T
8:11712443_A_C	8:11702313_C_G
8:11712443_A_C	8:11702594_G_C
8:11712443_A_C	8:11702840_T_G
8:11712443_A_C	8:11703048_C_G
8:11712443_A_C	8:11703420_C_T
8:11712443_A_C	8:11703497_G_T
8:11712443_A_C	8:11703523_T_G
8:11712443_A_C	8:11703657_C_T
8:11712443_A_C	8:11703659_T_C
8:11712443_A_C	8:11704296_G_T
8:11712443_A_C	8:11704298_T_C
8:11712443_A_C	8:11704719_C_A
8:11712443_A_C	8:11704897_C_T
8:11712443_A_C	8:11705448_G_A
8:11712443_A_C	8:11705870_G_A
8:11712443_A_C	8:11707174_A_G
8:11712443_A_C	8:11708800_T_G
8:11712443_A_C	8:11708830_C_G
8:11712443_A_C	8:11709945_G_A
8:11712443_A_C	8:11709957_T_C
8:11712443_A_C	8:11710369_G_A
8:11712443_A_C	8:11710629_T_A
8:11712443_A_C	8:11711113_CT_C
8:11712443_A_C	8:11711149_C_A
8:11712443_A_C	8:11711157_A_C
8:11712443_A_C	8:11711473_G_C
8:11712443_A_C	8:11711664_C_G
8:11712443_A_C	8:11712102_T_TTCAAACAATTCTTGTG
8:11712443_A_C	8:11712639_C_T
8:11712443_A_C	8:11726332_G_C
8:11712443_A_C	8:11828200_C_T
8:11712443_A_C	8:11828730_G_C
8:11712443_A_C	8:11829175_T_G
8:11712443_A_C	8:11830208_G_C
8:11712443_A_C	8:11830825_G_A
8:11712443_A_C	8:11831661_C_T
8:11712443_A_C	8:11832079_A_G
8:11712443_A_C	8:11832263_A_T
8:11712443_A_C	8:11832769_T_C
8:11712443_A_C	8:11833123_G_C
8:11712443_A_C	8:11833161_A_T
8:11712443_A_C	8:11833262_G_A
8:11712443_A_C	8:11834539_G_T
8:11712443_A_C	8:11835375_G_A
8:11712443_A_C	8:11835712_A_G
8:11712443_A_C	8:11836514_G_A
8:11712443_A_C	8:11836622_C_T
8:11712443_A_C	8:11840885_G_A
8:11712443_A_C	8:11848188_A_G
8:11712443_A_C	8:11850320_G_C
8:11712443_A_C	8:11850451_A_G
8:11712443_A_C	8:11850495_A_C
8:11712443_A_C	8:11850685_C_G
8:11712443_A_C	8:11853596_A_G
8:11712443_A_C	8:11857317_C_T
8:11712443_A_C	8:11859080_A_C
8:11712443_A_C	8:11859851_C_A
8:11712443_A_C	8:11860251_T_G
8:11712443_A_C	8:11860625_C_T
8:11712443_A_C	8:11866138_G_A
8:11712443_A_C	8:11868062_A_C
8:11712443_A_C	8:11870601_G_C
8:11712443_A_C	8:11870656_C_A
8:11712443_A_C	8:11871731_GC_G
8:11712443_A_C	8:11872272_C_A
8:11712443_A_C	8:11872320_T_C
8:11712443_A_C	8:11872322_C_G
8:11712443_A_C	8:11872844_G_A
8:11712443_A_C	8:11873207_A_G
8:11712443_A_C	8:11874055_C_A
8:11712443_A_C	8:11874715_C_T
8:11712443_A_C	8:11878594_C_A
8:11712443_A_C	8:11880032_G_A
8:11712443_A_C	8:11880276_C_T
8:11712443_A_C	8:11880402_C_T
8:11712443_A_C	8:11880647_T_A
8:11712443_A_C	8:11880761_C_T
8:11712443_A_C	8:11880974_C_T
8:11712443_A_C	8:11884132_T_C
8:11712443_A_C	8:11884370_C_T
8:11712443_A_C	8:11885499_A_C
8:11712443_A_C	8:11890003_C_T
8:11712443_A_C	8:11890208_A_G
8:11712443_A_C	8:11890382_C_T
8:11712443_A_C	8:11891016_T_A
8:11712443_A_C	8:11891304_G_C
8:11712443_A_C	8:11891805_G_A
8:11712443_A_C	8:11891905_A_G
8:11712443_A_C	8:11892212_C_T
8:11712443_A_C	8:11892783_G_T
8:11712443_A_C	8:11892829_G_A
8:11712443_A_C	8:11893336_C_T
8:11712443_A_C	8:11893538_G_A
8:11712443_A_C	8:11893704_G_T
8:11712443_A_C	8:11893974_A_G
8:11712443_A_C	8:11894548_A_C
8:11712443_A_C	8:11895035_T_C
8:11712443_A_C	8:11895204_G_A
8:11712443_A_C	8:14656051_G_C
8:11712443_A_C	8:14660504_T_C
8:11712443_A_C	8:14666481_T_C
8:11712443_A_C	8:14668440_C_T
8:11712443_A_C	8:14669656_T_C
8:11712443_A_C	8:14670155_C_G
8:11712443_A_C	8:14682156_C_A
8:11712443_A_C	8:14691926_A_T
8:11712443_A_C	8:14882397_A_T
8:11712443_A_C	8:15226444_G_A
8:11712443_A_C	8:15228172_C_T
8:11712443_A_C	8:15229973_G_A
8:11712443_A_C	8:15263670_G_C
8:11712443_A_C	8:15265760_A_G
8:11712443_A_C	8:15266930_C_G
8:11712443_A_C	8:19872179_G_A
8:11712443_A_C	8:19872186_C_T
8:11712443_A_C	8:19879674_T_C
8:11712443_A_C	8:19879850_C_T
8:11712443_A_C	8:19880379_G_A
8:11712443_A_C	8:19882721_T_G
8:11712443_A_C	8:19914082_T_G
8:11712443_A_C	8:19915790_T_C
8:11712443_A_C	8:20595035_GGTGT_G
8:11712443_A_C	8:20595646_C_T
8:11712443_A_C	8:20598737_C_T
9:14432953_T_C	9:4648649_G_A
9:14432953_T_C	9:4648651_G_C
9:14432953_T_C	9:4648654_T_C
9:14432953_T_C	9:7203306_A_G
9:14432953_T_C	9:7209258_A_C
9:14432953_T_C	9:7218597_C_A
9:14432953_T_C	9:9898548_C_A
9:14432953_T_C	9:9904595_A_C
9:14432953_T_C	9:13779856_C_T
9:14432953_T_C	9:13780656_C_T
9:14432953_T_C	9:14428996_G_T
9:14432953_T_C	9:14430286_G_A
9:14432953_T_C	9:14433910_G_A
9:14432953_T_C	9:14489071_T_TA
9:14432953_T_C	9:14491637_A_G
9:14432953_T_C	9:14492136_T_C
9:14432953_T_C	9:14492293_G_A
9:14432953_T_C	9:14493760_A_T
9:14432953_T_C	9:14494388_T_C
9:14432953_T_C	9:14494785_G_A
9:14432953_T_C	9:14495273_T_C
9:14432953_T_C	9:14495337_G_A
9:14432953_T_C	9:14495444_C_T
9:14432953_T_C	9:14495574_C_T
9:14432953_T_C	9:14498205_G_C
9:14432953_T_C	9:14499635_T_C
9:14432953_T_C	9:14500538_G_C
9:14432953_T_C	9:14503138_A_G
9:14432953_T_C	9:14509049_T_G
9:14432953_T_C	9:14522303_AATTG_A
9:14432953_T_C	9:14524784_A_G
9:14432953_T_C	9:14531244_C_T
9:14432953_T_C	9:14559329_T_C
9:14432953_T_C	9:15423548_G_C
9:14432953_T_C	9:15444907_C_T
9:14432953_T_C	9:15451968_TA_T
9:14432953_T_C	9:15484301_A_T
9:14432953_T_C	9:15736659_TTTTC_T
9:14432953_T_C	9:15795833_G_T
9:14432953_T_C	9:15803305_G_C
9:14432953_T_C	9:15813149_G_A
9:14432953_T_C	9:15828512_A_G
9:14432953_T_C	9:15836955_A_C
9:14432953_T_C	9:15862628_G_GA
9:14432953_T_C	9:15897536_T_A
9:14432953_T_C	9:15900348_G_T
9:14432953_T_C	9:15901246_G_A
9:14432953_T_C	9:15901248_G_A
9:14432953_T_C	9:15901289_A_G
9:14432953_T_C	9:15902202_T_A
9:14432953_T_C	9:15902581_C_T
9:14432953_T_C	9:15902589_AG_A
9:14432953_T_C	9:15903250_C_G
9:14432953_T_C	9:15903379_C_T
9:14432953_T_C	9:15903819_G_A
9:14432953_T_C	9:15904082_C_T
9:14432953_T_C	9:15904298_G_T
9:14432953_T_C	9:15904318_T_C
9:14432953_T_C	9:15904714_C_G
9:14432953_T_C	9:15904782_G_A
9:14432953_T_C	9:15904979_A_T
9:14432953_T_C	9:15905170_C_T
9:14432953_T_C	9:15905221_T_C
9:14432953_T_C	9:15905252_T_C
9:14432953_T_C	9:15905394_A_T
9:14432953_T_C	9:15905536_T_A
9:14432953_T_C	9:15905570_A_T
9:14432953_T_C	9:15905603_T_G
9:14432953_T_C	9:15905744_A_G
9:14432953_T_C	9:15905898_C_T
9:14432953_T_C	9:15906081_C_G
9:14432953_T_C	9:15906877_A_G
9:14432953_T_C	9:15981091_G_T
9:14432953_T_C	9:16001396_A_ATG
9:14432953_T_C	9:16003503_C_T
9:14432953_T_C	9:16004198_A_AT
9:14432953_T_C	9:16006572_C_G
9:14432953_T_C	9:16007587_C_G
9:14432953_T_C	9:16007829_G_A
9:14432953_T_C	9:16009322_A_G
9:14432953_T_C	9:16009514_T_G
9:14432953_T_C	9:16009635_A_G
9:14432953_T_C	9:16009976_G_A
9:14432953_T_C	9:16010711_G_A
9:14432953_T_C	9:16011095_G_A
9:14432953_T_C	9:16011808_G_T
9:14432953_T_C	9:16012606_GT_G
9:14432953_T_C	9:16012936_T_C
9:14432953_T_C	9:16035486_C_G
9:14432953_T_C	9:16035672_T_C
9:14432953_T_C	9:16045467_T_C
9:14432953_T_C	9:16046244_T_C
9:14432953_T_C	9:16046371_G_A
9:14432953_T_C	9:16046737_C_T
9:14432953_T_C	9:18423328_C_T
9:14432953_T_C	9:20005312_T_C
9:14432953_T_C	9:20005863_T_TA
9:14432953_T_C	9:20006004_C_G
9:14432953_T_C	9:20095758_T_TA
1:208044432_T_C	1:204389134_C_A
1:208044432_T_C	1:207054504_T_C
1:208044432_T_C	1:207838679_G_A
1:208044432_T_C	1:207929340_G_A
1:208044432_T_C	1:207943178_G_A
1:208044432_T_C	1:207950746_C_T
1:208044432_T_C	1:207998361_T_C
1:208044432_T_C	1:208003238_T_TATC
1:208044432_T_C	1:208028592_A_G
1:208044432_T_C	1:208039702_G_A
1:208044432_T_C	1:208046384_G_A
1:208044432_T_C	1:208047284_A_G
1:208044432_T_C	1:208047435_G_A
1:208044432_T_C	1:208048384_T_A
1:208044432_T_C	1:208048425_A_AT
1:208044432_T_C	1:208049077_C_T
1:208044432_T_C	1:208050484_T_C
1:208044432_T_C	1:208050487_G_C
1:208044432_T_C	1:208050676_A_G
1:208044432_T_C	1:208051872_A_AT
1:208044432_T_C	1:208060807_A_G
1:208044432_T_C	1:208061530_A_G
1:208044432_T_C	1:208237274_G_A
1:208044432_T_C	1:208240584_G_A
1:208044432_T_C	1:208258102_T_C
1:208044432_T_C	1:208260293_ACTCTCT_A
1:208044432_T_C	1:208261955_T_C
1:208044432_T_C	1:208263980_G_A
1:208044432_T_C	1:208267578_T_C
1:208044432_T_C	1:208269831_T_C
1:208044432_T_C	1:208271105_G_A
1:208044432_T_C	1:208275610_C_T
1:208044432_T_C	1:208295983_A_G
1:208044432_T_C	1:208372108_T_A
1:208044432_T_C	1:208373034_CA_C
1:208044432_T_C	1:208375738_C_T
1:208044432_T_C	1:209462140_G_A
1:208044432_T_C	1:209462771_T_G
1:208044432_T_C	1:209465165_A_G
1:208044432_T_C	1:209466243_G_C
1:208044432_T_C	1:209467522_A_G
1:208044432_T_C	1:209469671_G_A
1:208044432_T_C	1:209469935_G_A
1:208044432_T_C	1:209470007_G_A
1:208044432_T_C	1:209470010_A_T
1:208044432_T_C	1:209473694_A_T
1:208044432_T_C	1:209475759_T_C
1:208044432_T_C	1:209475945_G_A
1:208044432_T_C	1:209481103_C_A
1:208044432_T_C	1:209483013_C_A
1:208044432_T_C	1:209484271_C_G
1:208044432_T_C	1:209486652_A_G
1:208044432_T_C	1:209486839_A_AT
1:208044432_T_C	1:209487967_G_C
1:208044432_T_C	1:209489688_C_T
1:208044432_T_C	1:209490435_G_C
1:208044432_T_C	1:209491968_T_C
1:208044432_T_C	1:209491993_G_T
1:208044432_T_C	1:209493528_C_G
1:208044432_T_C	1:209496533_A_T
1:208044432_T_C	1:209505076_C_CT
1:208044432_T_C	1:209509884_G_A
1:208044432_T_C	1:209515285_T_G
1:208044432_T_C	1:209516077_G_C
1:208044432_T_C	1:209516548_A_G
1:208044432_T_C	1:209517284_G_A
1:208044432_T_C	1:209521068_G_A
1:208044432_T_C	1:209523664_G_C
1:208044432_T_C	1:209524660_T_C
1:208044432_T_C	1:209524734_A_G
1:208044432_T_C	1:209524850_C_A
1:208044432_T_C	1:209530662_C_T
1:208044432_T_C	1:209537316_T_A
1:208044432_T_C	1:209543291_G_T
1:208044432_T_C	1:209548546_G_A
1:208044432_T_C	1:209549247_G_A
1:208044432_T_C	1:209551876_G_A
1:208044432_T_C	1:209552213_T_C
1:208044432_T_C	1:209554269_G_A
1:208044432_T_C	1:209554558_T_A
1:208044432_T_C	1:209558367_A_G
1:208044432_T_C	1:209559267_G_A
1:208044432_T_C	1:209560090_TA_T
1:208044432_T_C	1:209560674_A_T
1:208044432_T_C	1:209562123_C_T
1:208044432_T_C	1:209562811_G_A
1:208044432_T_C	1:209563388_A_T
1:208044432_T_C	1:209566908_C_T
1:208044432_T_C	1:209567188_T_G
1:208044432_T_C	1:209567505_A_C
1:208044432_T_C	1:209568379_G_T
1:208044432_T_C	1:209568646_G_A
1:208044432_T_C	1:209569206_A_G
1:208044432_T_C	1:209579235_G_C
1:208044432_T_C	1:209579351_A_C
1:208044432_T_C	1:209580027_A_G
1:208044432_T_C	1:209583503_T_C
1:208044432_T_C	1:209583905_A_T
1:208044432_T_C	1:209584015_A_G
1:208044432_T_C	1:212639507_G_A
1:208044432_T_C	1:212724281_A_AT
1:208044432_T_C	1:212724703_G_A
1:208044432_T_C	1:214446094_AGTGT_A
1:208044432_T_C	1:216154070_T_G
1:208044432_T_C	1:216154147_T_C
1:208044432_T_C	1:216154271_T_C
1:208044432_T_C	1:216154277_C_T
1:208044432_T_C	1:216158204_G_A
1:208044432_T_C	1:217852677_C_T
1:208044432_T_C	1:217860900_A_G
7:75878697_CA_C	7:69468787_T_A
7:75878697_CA_C	7:73885833_C_T
7:75878697_CA_C	7:73960790_G_A
7:75878697_CA_C	7:75622912_C_T
7:75878697_CA_C	7:75623520_G_A
7:75878697_CA_C	7:75629267_G_C
7:75878697_CA_C	7:75630183_C_T
7:75878697_CA_C	7:75639565_CTGAT_C
7:75878697_CA_C	7:75654977_G_A
7:75878697_CA_C	7:75655838_A_G
7:75878697_CA_C	7:75655896_C_T
7:75878697_CA_C	7:75657850_A_G
7:75878697_CA_C	7:75659303_C_T
7:75878697_CA_C	7:75661048_T_A
7:75878697_CA_C	7:75662518_C_T
7:75878697_CA_C	7:75664921_C_G
7:75878697_CA_C	7:75673833_C_G
7:75878697_CA_C	7:75677578_G_T
7:75878697_CA_C	7:75677739_G_A
7:75878697_CA_C	7:75680669_C_T
7:75878697_CA_C	7:75680703_G_A
7:75878697_CA_C	7:75683564_CTT_C
7:75878697_CA_C	7:75686007_G_A
7:75878697_CA_C	7:75688672_G_A
7:75878697_CA_C	7:75690988_A_C
7:75878697_CA_C	7:75695081_G_A
7:75878697_CA_C	7:75697418_G_A
7:75878697_CA_C	7:75700962_A_G
7:75878697_CA_C	7:75702505_C_T
7:75878697_CA_C	7:75702597_G_A
7:75878697_CA_C	7:75702795_G_A
7:75878697_CA_C	7:75706141_T_C
7:75878697_CA_C	7:75708544_G_A
7:75878697_CA_C	7:75710049_C_T
7:75878697_CA_C	7:75721928_G_C
7:75878697_CA_C	7:75723376_G_A
7:75878697_CA_C	7:75724465_C_G
7:75878697_CA_C	7:75725243_T_C
7:75878697_CA_C	7:75726248_T_A
7:75878697_CA_C	7:75731608_C_T
7:75878697_CA_C	7:75732923_T_C
7:75878697_CA_C	7:75746409_T_C
7:75878697_CA_C	7:75748183_G_A
7:75878697_CA_C	7:75748445_G_T
7:75878697_CA_C	7:75748896_C_T
7:75878697_CA_C	7:75754226_T_C
7:75878697_CA_C	7:75760728_A_G
7:75878697_CA_C	7:75762125_A_C
7:75878697_CA_C	7:75766256_T_TA
7:75878697_CA_C	7:75766712_G_A
7:75878697_CA_C	7:75767278_C_CT
7:75878697_CA_C	7:75768022_G_A
7:75878697_CA_C	7:75769990_T_C
7:75878697_CA_C	7:75770123_C_T
7:75878697_CA_C	7:75771744_T_C
7:75878697_CA_C	7:75781989_TATATATAC_T
7:75878697_CA_C	7:75782006_A_G
7:75878697_CA_C	7:75785526_G_GA
7:75878697_CA_C	7:75788111_C_A
7:75878697_CA_C	7:75788744_T_C
7:75878697_CA_C	7:75790711_G_A
7:75878697_CA_C	7:75791858_G_A
7:75878697_CA_C	7:75792451_C_T
7:75878697_CA_C	7:75793405_T_C
7:75878697_CA_C	7:75800597_T_C
7:75878697_CA_C	7:75802559_AT_A
7:75878697_CA_C	7:75803132_C_T
7:75878697_CA_C	7:75804085_G_A
7:75878697_CA_C	7:75814902_C_T
7:75878697_CA_C	7:75819520_C_T
7:75878697_CA_C	7:75821062_C_T
7:75878697_CA_C	7:75822467_C_T
7:75878697_CA_C	7:75823948_A_G
7:75878697_CA_C	7:75824058_C_T
7:75878697_CA_C	7:75829199_C_A
7:75878697_CA_C	7:75829540_G_A
7:75878697_CA_C	7:75836382_A_T
7:75878697_CA_C	7:75836448_TA_T
7:75878697_CA_C	7:75836549_C_G
7:75878697_CA_C	7:75837823_CA_C
7:75878697_CA_C	7:75840321_A_G
7:75878697_CA_C	7:75841589_C_T
7:75878697_CA_C	7:75842792_C_T
7:75878697_CA_C	7:75843062_G_A
7:75878697_CA_C	7:75843524_T_C
7:75878697_CA_C	7:75845457_A_C
7:75878697_CA_C	7:75845597_G_T
7:75878697_CA_C	7:75846083_C_G
7:75878697_CA_C	7:75855918_T_A
7:75878697_CA_C	7:75859296_A_G
7:75878697_CA_C	7:75859709_C_G
7:75878697_CA_C	7:75860062_TTTAC_T
7:75878697_CA_C	7:75864208_T_C
7:75878697_CA_C	7:75865059_T_C
7:75878697_CA_C	7:75866088_C_T
7:75878697_CA_C	7:75869526_T_G
7:75878697_CA_C	7:75871871_A_G
7:75878697_CA_C	7:75873790_C_T
7:75878697_CA_C	7:75873864_TGAA_T
7:75878697_CA_C	7:75874471_T_C
7:75878697_CA_C	7:75875295_T_C
7:75878697_CA_C	7:75875700_A_G
7:75878697_CA_C	7:75875806_C_T
7:75878697_CA_C	7:75875904_G_A
7:75878697_CA_C	7:75876754_T_C
7:75878697_CA_C	7:75877354_A_G
7:75878697_CA_C	7:75880198_T_C
7:75878697_CA_C	7:75882280_A_G
7:75878697_CA_C	7:75882824_C_A
7:75878697_CA_C	7:75883147_C_T
7:75878697_CA_C	7:75886356_T_G
7:75878697_CA_C	7:75889061_C_A
7:75878697_CA_C	7:75893082_C_T
7:75878697_CA_C	7:75894946_G_A
7:75878697_CA_C	7:75896466_A_G
7:75878697_CA_C	7:75899085_T_C
7:75878697_CA_C	7:75900223_G_T
7:75878697_CA_C	7:75902030_C_T
7:75878697_CA_C	7:76448432_C_T
7:75878697_CA_C	7:77679655_A_G
7:75878697_CA_C	7:77681188_C_A
7:75878697_CA_C	7:77681269_G_C
7:75878697_CA_C	7:77681322_G_T
7:75878697_CA_C	7:77682084_A_C
7:75878697_CA_C	7:77682524_A_G
7:75878697_CA_C	7:77683512_A_G
7:75878697_CA_C	7:77683824_C_T
7:75878697_CA_C	7:77705881_A_G
7:75878697_CA_C	7:77716750_T_A
7:75878697_CA_C	7:77722089_A_AT
7:75878697_CA_C	7:77722094_T_TTA
7:75878697_CA_C	7:77722095_C_T
7:75878697_CA_C	7:77735598_C_T
7:75878697_CA_C	7:77738074_TGA_T
7:75878697_CA_C	7:77738969_A_C
7:75878697_CA_C	7:77739273_G_A
7:75878697_CA_C	7:77740482_C_T
7:75878697_CA_C	7:77740686_C_T
7:75878697_CA_C	7:77742420_A_G
7:75878697_CA_C	7:77745550_C_T
7:75878697_CA_C	7:77751672_A_T
7:75878697_CA_C	7:77757353_T_C
7:75878697_CA_C	7:77766430_T_C
7:75878697_CA_C	7:77770521_C_T
9:124698543_TC_T	9:116454437_G_A
9:124698543_TC_T	9:116456356_T_C
9:124698543_TC_T	9:116465971_A_G
9:124698543_TC_T	9:116468652_G_A
9:124698543_TC_T	9:116468685_A_G
9:124698543_TC_T	9:116470121_A_G
9:124698543_TC_T	9:116471445_T_C
9:124698543_TC_T	9:116471737_G_A
9:124698543_TC_T	9:116474342_C_G
9:124698543_TC_T	9:116474343_A_C
9:124698543_TC_T	9:116474905_G_A
9:124698543_TC_T	9:116475589_A_G
9:124698543_TC_T	9:116477070_G_A
9:124698543_TC_T	9:116477304_T_C
9:124698543_TC_T	9:116478737_C_T
9:124698543_TC_T	9:120844163_A_G
9:124698543_TC_T	9:123327795_CA_C
9:124698543_TC_T	9:124568229_C_T
9:124698543_TC_T	9:124568900_A_G
9:124698543_TC_T	9:124569021_GTGTGTGTGCT_G
9:124698543_TC_T	9:124569254_TGA_T
9:124698543_TC_T	9:124569370_A_G
9:124698543_TC_T	9:124569773_C_T
9:124698543_TC_T	9:124569907_C_T
9:124698543_TC_T	9:124570555_A_G
9:124698543_TC_T	9:124570612_T_G
9:124698543_TC_T	9:124570981_C_A
9:124698543_TC_T	9:124571351_A_G
9:124698543_TC_T	9:124571720_C_T
9:124698543_TC_T	9:124572031_C_T
9:124698543_TC_T	9:124572625_C_T
9:124698543_TC_T	9:124572710_A_G
9:124698543_TC_T	9:124573505_A_G
9:124698543_TC_T	9:124588432_AAT_A
9:124698543_TC_T	9:124613105_A_G
9:124698543_TC_T	9:124614836_G_C
9:124698543_TC_T	9:124622934_T_C
9:124698543_TC_T	9:124627927_G_T
9:124698543_TC_T	9:124629928_G_GA
9:124698543_TC_T	9:124630373_C_T
9:124698543_TC_T	9:124634197_C_A
9:124698543_TC_T	9:124635845_C_A
9:124698543_TC_T	9:124643581_C_CATGT
9:124698543_TC_T	9:124644640_A_C
9:124698543_TC_T	9:124648932_T_A
9:124698543_TC_T	9:124653713_G_A
9:124698543_TC_T	9:124657456_T_C
9:124698543_TC_T	9:124657514_G_C
9:124698543_TC_T	9:124658104_ATGTG_A
9:124698543_TC_T	9:124659990_C_G
9:124698543_TC_T	9:124660343_A_G
9:124698543_TC_T	9:124661100_G_A
9:124698543_TC_T	9:124663352_C_A
9:124698543_TC_T	9:124664123_C_A
9:124698543_TC_T	9:124668623_T_A
9:124698543_TC_T	9:124689240_G_A
9:124698543_TC_T	9:124691510_G_A
9:124698543_TC_T	9:124691718_CA_C
9:124698543_TC_T	9:124691882_G_GC
9:124698543_TC_T	9:124693113_C_T
9:124698543_TC_T	9:124694485_CAGCA_C
9:124698543_TC_T	9:124694540_C_T
9:124698543_TC_T	9:124694971_C_CT
9:124698543_TC_T	9:124696564_G_A
9:124698543_TC_T	9:124696846_A_G
9:124698543_TC_T	9:124697399_A_ATTT
9:124698543_TC_T	9:124697774_T_A
9:124698543_TC_T	9:124697779_A_T
9:124698543_TC_T	9:124697877_T_C
9:124698543_TC_T	9:124698889_T_C
9:124698543_TC_T	9:124698891_T_C
9:124698543_TC_T	9:124699136_A_G
9:124698543_TC_T	9:124699147_A_G
9:124698543_TC_T	9:124699163_G_A
9:124698543_TC_T	9:124699638_A_G
9:124698543_TC_T	9:124700436_T_C
9:124698543_TC_T	9:124700507_T_G
9:124698543_TC_T	9:124700546_G_C
9:124698543_TC_T	9:124700554_T_C
9:124698543_TC_T	9:124701059_AT_A
9:124698543_TC_T	9:124701165_C_G
9:124698543_TC_T	9:124702622_C_CT
9:124698543_TC_T	9:124703298_C_T
9:124698543_TC_T	9:124703332_C_T
9:124698543_TC_T	9:124703675_G_A
9:124698543_TC_T	9:124704869_A_ACT
9:124698543_TC_T	9:124705843_A_T
9:124698543_TC_T	9:124706142_C_T
9:124698543_TC_T	9:124707560_C_G
9:124698543_TC_T	9:124708122_AAC_A
9:124698543_TC_T	9:124711942_G_A
9:124698543_TC_T	9:124712443_T_A
9:124698543_TC_T	9:124713083_C_A
9:124698543_TC_T	9:124713189_G_A
9:124698543_TC_T	9:124715738_C_T
9:124698543_TC_T	9:124716151_G_A
9:124698543_TC_T	9:124719327_C_T
9:124698543_TC_T	9:124723489_A_G
9:124698543_TC_T	9:124727660_C_T
9:124698543_TC_T	9:124727717_C_T
9:124698543_TC_T	9:124729543_G_A
9:124698543_TC_T	9:125188813_C_A
9:124698543_TC_T	9:125219631_A_G
9:124698543_TC_T	9:125225358_T_TTAA
9:124698543_TC_T	9:126305288_C_T
9:124698543_TC_T	9:126349706_T_C
9:124698543_TC_T	9:126351052_G_GT
9:124698543_TC_T	9:126352300_T_C
9:124698543_TC_T	9:126355642_T_C
9:124698543_TC_T	9:126355960_T_C
9:124698543_TC_T	9:126381687_T_C
9:124698543_TC_T	9:126394637_T_A
9:124698543_TC_T	9:126395185_A_T
9:124698543_TC_T	9:126400092_T_C
9:124698543_TC_T	9:126412034_T_C
9:124698543_TC_T	9:126414074_T_C
9:124698543_TC_T	9:126420596_T_C
9:124698543_TC_T	9:126422734_TA_T
9:124698543_TC_T	9:126423340_G_A
9:124698543_TC_T	9:126426427_T_C
9:124698543_TC_T	9:126426651_T_C
9:124698543_TC_T	9:126451464_C_T
9:124698543_TC_T	9:126451558_C_T
9:124698543_TC_T	9:126459588_T_G
11:118738512_T_A	11:109204004_C_CTT
11:118738512_T_A	11:109272088_A_AAATAATAAT
11:118738512_T_A	11:112009125_A_T
11:118738512_T_A	11:112027364_C_A
11:118738512_T_A	11:112069581_CT_C
11:118738512_T_A	11:112080384_T_C
11:118738512_T_A	11:112204830_GT_G
11:118738512_T_A	11:114088456_G_A
11:118738512_T_A	11:118157334_G_GT
11:118738512_T_A	11:118494403_A_AC
11:118738512_T_A	11:118573519_T_C
11:118738512_T_A	11:118577990_G_A
11:118738512_T_A	11:118584498_T_C
11:118738512_T_A	11:118585146_T_G
11:118738512_T_A	11:118587347_T_C
11:118738512_T_A	11:118587808_T_C
11:118738512_T_A	11:118587845_T_C
11:118738512_T_A	11:118587868_A_G
11:118738512_T_A	11:118590089_T_C
11:118738512_T_A	11:118590864_G_A
11:118738512_T_A	11:118591352_T_C
11:118738512_T_A	11:118591404_A_G
11:118738512_T_A	11:118591765_G_A
11:118738512_T_A	11:118592089_C_T
11:118738512_T_A	11:118592803_G_A
11:118738512_T_A	11:118592809_C_G
11:118738512_T_A	11:118592881_C_T
11:118738512_T_A	11:118593218_C_T
11:118738512_T_A	11:118594517_A_G
11:118738512_T_A	11:118594669_A_C
11:118738512_T_A	11:118596444_G_A
11:118738512_T_A	11:118603030_G_A
11:118738512_T_A	11:118606825_G_GT
11:118738512_T_A	11:118609598_C_T
11:118738512_T_A	11:118610463_C_T
11:118738512_T_A	11:118610826_G_T
11:118738512_T_A	11:118611795_AG_A
11:118738512_T_A	11:118613674_T_C
11:118738512_T_A	11:118616253_G_A
11:118738512_T_A	11:118622985_T_C
11:118738512_T_A	11:118624045_CT_C
11:118738512_T_A	11:118624919_G_C
11:118738512_T_A	11:118626286_T_C
11:118738512_T_A	11:118627149_A_C
11:118738512_T_A	11:118627778_G_C
11:118738512_T_A	11:118629364_G_A
11:118738512_T_A	11:118633533_T_C
11:118738512_T_A	11:118635364_T_C
11:118738512_T_A	11:118637475_C_T
11:118738512_T_A	11:118640828_T_C
11:118738512_T_A	11:118641606_A_G
11:118738512_T_A	11:118644114_T_TA
11:118738512_T_A	11:118648624_C_A
11:118738512_T_A	11:118655356_C_T
11:118738512_T_A	11:118657297_C_G
11:118738512_T_A	11:118666289_G_C
11:118738512_T_A	11:118668296_C_T
11:118738512_T_A	11:118678036_G_A
11:118738512_T_A	11:118707249_C_G
11:118738512_T_A	11:118708564_T_G
11:118738512_T_A	11:118714043_C_CA
11:118738512_T_A	11:118714123_G_T
11:118738512_T_A	11:118716563_A_G
11:118738512_T_A	11:118717708_A_G
11:118738512_T_A	11:118717732_G_A
11:118738512_T_A	11:118717929_T_C
11:118738512_T_A	11:118718061_T_C
11:118738512_T_A	11:118718062_G_A
11:118738512_T_A	11:118718768_G_A
11:118738512_T_A	11:118718827_T_C
11:118738512_T_A	11:118718856_G_A
11:118738512_T_A	11:118718972_C_T
11:118738512_T_A	11:118719254_C_T
11:118738512_T_A	11:118719405_G_C
11:118738512_T_A	11:118719742_C_T
11:118738512_T_A	11:118720590_T_G
11:118738512_T_A	11:118720684_G_C
11:118738512_T_A	11:118720998_A_G
11:118738512_T_A	11:118721189_T_A
11:118738512_T_A	11:118721249_G_A
11:118738512_T_A	11:118721494_A_AT
11:118738512_T_A	11:118721850_G_A
11:118738512_T_A	11:118721928_A_G
11:118738512_T_A	11:118721972_G_A
11:118738512_T_A	11:118722127_G_T
11:118738512_T_A	11:118722231_G_A
11:118738512_T_A	11:118723087_T_C
11:118738512_T_A	11:118723537_G_A
11:118738512_T_A	11:118723719_T_G
11:118738512_T_A	11:118724050_T_TA
11:118738512_T_A	11:118724336_C_T
11:118738512_T_A	11:118725420_G_A
11:118738512_T_A	11:118726230_A_G
11:118738512_T_A	11:118727573_TC_T
11:118738512_T_A	11:118731495_GA_G
11:118738512_T_A	11:118735476_G_A
11:118738512_T_A	11:118745664_T_G
11:118738512_T_A	11:118746223_T_C
11:118738512_T_A	11:119351680_G_A
11:118738512_T_A	11:119389931_C_CTGTGTGTGTGTGTGTG
11:118738512_T_A	11:119805097_G_GC
11:118738512_T_A	11:119883723_G_A
11:118738512_T_A	11:119883753_C_T
11:118738512_T_A	11:119883781_G_A
11:118738512_T_A	11:119884319_G_A
11:118738512_T_A	11:124856254_A_G
11:118738512_T_A	11:124947476_T_C
10:56595317_C_G	10:53109568_T_C
10:56595317_C_G	10:53825187_A_T
10:56595317_C_G	10:53825188_T_A
10:56595317_C_G	10:53825277_T_TCTGA
10:56595317_C_G	10:54951997_A_G
10:56595317_C_G	10:54952243_A_C
10:56595317_C_G	10:56420665_C_T
10:56595317_C_G	10:56438408_T_C
10:56595317_C_G	10:63631660_C_T
10:56595317_C_G	10:63637276_T_A
10:56595317_C_G	10:63660689_G_A
10:56595317_C_G	10:63662432_ATG_A
10:56595317_C_G	10:63666637_G_A
10:56595317_C_G	10:63666691_T_C
10:56595317_C_G	10:63666992_AT_A
10:56595317_C_G	10:63667446_A_G
10:56595317_C_G	10:63667802_AC_A
10:56595317_C_G	10:63668117_T_A
10:56595317_C_G	10:63668916_G_C
10:56595317_C_G	10:63669222_C_G
10:56595317_C_G	10:63669379_T_C
10:56595317_C_G	10:63669865_C_A
10:56595317_C_G	10:63670685_A_G
10:56595317_C_G	10:63670814_G_A
10:56595317_C_G	10:63671348_T_C
10:56595317_C_G	10:63672520_C_CT
10:56595317_C_G	10:63674407_T_A
10:56595317_C_G	10:63674885_G_C
10:56595317_C_G	10:63674934_G_A
10:56595317_C_G	10:63674961_C_G
10:56595317_C_G	10:63675271_T_A
10:56595317_C_G	10:63675843_T_C
10:56595317_C_G	10:63679309_A_G
10:56595317_C_G	10:63680844_CAT_C
10:56595317_C_G	10:63681422_C_T
10:56595317_C_G	10:63681642_C_T
10:56595317_C_G	10:63691908_G_A
10:56595317_C_G	10:63695048_C_G
10:56595317_C_G	10:63696123_T_C
10:56595317_C_G	10:63751043_T_A
8:27104383_T_G	8:26696713_A_G
8:27104383_T_G	8:26696715_G_A
8:27104383_T_G	8:26697578_T_C
8:27104383_T_G	8:26701255_G_C
8:27104383_T_G	8:26707542_C_CAAAAAAAAAAAAACAAAAAACA
8:27104383_T_G	8:26709571_A_G
8:27104383_T_G	8:26711912_C_CA
8:27104383_T_G	8:26712981_A_C
8:27104383_T_G	8:26719065_A_G
8:27104383_T_G	8:26781240_T_A
8:27104383_T_G	8:27252584_C_CT
8:27104383_T_G	8:27317043_T_C
8:27104383_T_G	8:27319881_T_G
8:27104383_T_G	8:27319884_T_A
8:27104383_T_G	8:27922574_T_C
8:27104383_T_G	8:27923539_T_C
8:27104383_T_G	8:28091509_C_T
8:27104383_T_G	8:28187664_C_T
8:27104383_T_G	8:28824271_C_T
16:30468380_C_T	16:25958240_G_A
16:30468380_C_T	16:25958869_AT_A
16:30468380_C_T	16:25959350_T_G
16:30468380_C_T	16:25960239_A_T
16:30468380_C_T	16:26315851_CAATT_C
16:30468380_C_T	16:30118713_G_GCCA
16:30468380_C_T	16:30120301_C_T
16:30468380_C_T	16:30120308_A_G
16:30468380_C_T	16:30122181_C_CAAAAAAAAAAAAA
16:30468380_C_T	16:30127377_C_CTT
16:30468380_C_T	16:30150001_CTTT_C
16:30468380_C_T	16:30152468_T_C
16:30468380_C_T	16:30153840_C_CCT
16:30468380_C_T	16:30155031_T_C
16:30468380_C_T	16:30155290_C_A
16:30468380_C_T	16:30156398_G_A
16:30468380_C_T	16:30156963_C_T
16:30468380_C_T	16:30157522_C_CA
16:30468380_C_T	16:30157701_G_C
16:30468380_C_T	16:30158550_CT_C
16:30468380_C_T	16:30158757_T_G
16:30468380_C_T	16:30159107_G_A
16:30468380_C_T	16:30162305_G_A
16:30468380_C_T	16:30162482_G_A
16:30468380_C_T	16:30163157_A_G
16:30468380_C_T	16:30163166_C_T
16:30468380_C_T	16:30163833_G_A
16:30468380_C_T	16:30164488_A_G
16:30468380_C_T	16:30164758_G_A
16:30468380_C_T	16:30165139_T_C
16:30468380_C_T	16:30165200_G_A
16:30468380_C_T	16:30165504_A_AC
16:30468380_C_T	16:30166183_C_T
16:30468380_C_T	16:30166626_A_T
16:30468380_C_T	16:30169393_C_G
16:30468380_C_T	16:30169761_G_C
16:30468380_C_T	16:30170023_CTCTT_C
16:30468380_C_T	16:30171015_GT_G
16:30468380_C_T	16:30172627_A_G
16:30468380_C_T	16:30175509_C_T
16:30468380_C_T	16:30176864_AC_A
16:30468380_C_T	16:30178516_A_C
16:30468380_C_T	16:30180490_T_C
16:30468380_C_T	16:30181295_T_TG
16:30468380_C_T	16:30181847_AAAG_A
16:30468380_C_T	16:30182541_T_C
16:30468380_C_T	16:30184286_A_G
16:30468380_C_T	16:30186044_G_GT
16:30468380_C_T	16:30187513_C_T
16:30468380_C_T	16:30187676_T_G
16:30468380_C_T	16:30194840_A_G
16:30468380_C_T	16:30198151_A_G
16:30468380_C_T	16:30201728_T_TTATAA
16:30468380_C_T	16:30292500_A_T
16:30468380_C_T	16:30306569_T_C
16:30468380_C_T	16:30308718_T_C
16:30468380_C_T	16:30315099_C_T
16:30468380_C_T	16:30320307_G_T
16:30468380_C_T	16:30323308_C_T
16:30468380_C_T	16:30323380_G_A
16:30468380_C_T	16:30323810_C_T
16:30468380_C_T	16:30324494_C_T
16:30468380_C_T	16:30326571_G_C
16:30468380_C_T	16:30328317_T_C
16:30468380_C_T	16:30328842_TA_T
16:30468380_C_T	16:30328844_A_T
16:30468380_C_T	16:30330888_T_C
16:30468380_C_T	16:30331730_G_C
16:30468380_C_T	16:30332586_G_T
16:30468380_C_T	16:30334543_CA_C
16:30468380_C_T	16:30334923_G_A
16:30468380_C_T	16:30336030_A_T
16:30468380_C_T	16:30337186_A_T
16:30468380_C_T	16:30337208_T_A
16:30468380_C_T	16:30337486_GAGCC_G
16:30468380_C_T	16:30339003_T_C
16:30468380_C_T	16:30339753_G_A
16:30468380_C_T	16:30340674_A_G
16:30468380_C_T	16:30340870_C_T
16:30468380_C_T	16:30343236_G_A
16:30468380_C_T	16:30345505_T_C
16:30468380_C_T	16:30346692_A_G
16:30468380_C_T	16:30347731_A_G
16:30468380_C_T	16:30351624_T_C
16:30468380_C_T	16:30351842_T_C
16:30468380_C_T	16:30352603_T_C
16:30468380_C_T	16:30352637_G_A
16:30468380_C_T	16:30355421_CA_C
16:30468380_C_T	16:30357191_G_GA
16:30468380_C_T	16:30358532_CAATA_C
16:30468380_C_T	16:30359408_T_C
16:30468380_C_T	16:30359519_CA_C
16:30468380_C_T	16:30360011_A_G
16:30468380_C_T	16:30361341_G_T
16:30468380_C_T	16:30364071_A_G
16:30468380_C_T	16:30366039_G_A
16:30468380_C_T	16:30371655_C_G
16:30468380_C_T	16:30374381_C_T
16:30468380_C_T	16:30376959_T_C
16:30468380_C_T	16:30381303_C_G
16:30468380_C_T	16:30382755_T_C
16:30468380_C_T	16:30385503_G_A
16:30468380_C_T	16:30385837_T_C
16:30468380_C_T	16:30386262_C_T
16:30468380_C_T	16:30388709_A_G
16:30468380_C_T	16:30390314_T_C
16:30468380_C_T	16:30391932_ATTT_A
16:30468380_C_T	16:30392099_A_G
16:30468380_C_T	16:30393771_G_A
16:30468380_C_T	16:30394541_G_A
16:30468380_C_T	16:30396805_A_G
16:30468380_C_T	16:30396815_G_A
16:30468380_C_T	16:30396901_A_AC
16:30468380_C_T	16:30398408_T_C
16:30468380_C_T	16:30398677_G_A
16:30468380_C_T	16:30400128_T_C
16:30468380_C_T	16:30400307_T_C
16:30468380_C_T	16:30400725_A_T
16:30468380_C_T	16:30404484_G_C
16:30468380_C_T	16:30407269_C_A
16:30468380_C_T	16:30407979_G_C
16:30468380_C_T	16:30408765_C_T
16:30468380_C_T	16:30410445_C_T
16:30468380_C_T	16:30411382_C_G
16:30468380_C_T	16:30420851_T_C
16:30468380_C_T	16:30432103_C_T
16:30468380_C_T	16:30433730_A_G
16:30468380_C_T	16:30434160_G_T
16:30468380_C_T	16:30438138_A_G
16:30468380_C_T	16:30442943_G_A
16:30468380_C_T	16:30449389_C_T
16:30468380_C_T	16:30450383_T_C
16:30468380_C_T	16:30451914_T_C
16:30468380_C_T	16:30452241_G_T
16:30468380_C_T	16:30457350_C_T
16:30468380_C_T	16:30457790_CCA_C
16:30468380_C_T	16:30458215_A_G
16:30468380_C_T	16:30458692_G_A
16:30468380_C_T	16:30460055_C_A
16:30468380_C_T	16:30460501_C_CA
16:30468380_C_T	16:30462635_T_A
16:30468380_C_T	16:30464432_C_T
16:30468380_C_T	16:30466798_G_A
16:30468380_C_T	16:30469919_C_T
16:30468380_C_T	16:30471109_T_C
16:30468380_C_T	16:30471189_T_A
16:30468380_C_T	16:30472693_G_A
16:30468380_C_T	16:30473083_T_A
16:30468380_C_T	16:30473649_C_T
16:30468380_C_T	16:30476517_C_T
16:30468380_C_T	16:30481110_CT_C
16:30468380_C_T	16:30482494_T_C
16:30468380_C_T	16:30482540_T_G
16:30468380_C_T	16:30482803_T_C
16:30468380_C_T	16:30485393_G_C
16:30468380_C_T	16:30486181_C_CT
16:30468380_C_T	16:30488694_C_A
16:30468380_C_T	16:30493630_G_A
16:30468380_C_T	16:30495412_T_C
16:30468380_C_T	16:30495657_T_C
16:30468380_C_T	16:30497597_G_A
16:30468380_C_T	16:30498783_T_C
16:30468380_C_T	16:30498824_C_T
16:30468380_C_T	16:30500761_G_A
16:30468380_C_T	16:30500985_A_G
16:30468380_C_T	16:30502152_G_T
16:30468380_C_T	16:30504344_T_C
16:30468380_C_T	16:30505513_A_G
16:30468380_C_T	16:30506532_C_G
16:30468380_C_T	16:30507265_T_G
16:30468380_C_T	16:30507972_T_C
16:30468380_C_T	16:30527994_G_A
16:30468380_C_T	16:34907002_A_G
16:30468380_C_T	16:34953220_T_C
4:96401647_T_C	4:95760876_C_G
4:96401647_T_C	4:96373680_A_G
4:96401647_T_C	4:96375166_G_A
4:96401647_T_C	4:96391018_T_G
4:96401647_T_C	4:96401004_G_T
4:96401647_T_C	4:96401017_C_T
4:96401647_T_C	4:96401092_G_C
4:96401647_T_C	4:96402693_A_G
4:96401647_T_C	4:96402973_G_C
4:96401647_T_C	4:96403037_A_G
4:96401647_T_C	4:96403346_G_A
4:96401647_T_C	4:96403584_T_C
4:96401647_T_C	4:96403588_G_A
4:96401647_T_C	4:96404189_A_T
4:96401647_T_C	4:96404211_TA_T
4:96401647_T_C	4:96404777_T_G
4:96401647_T_C	4:96404961_G_A
4:96401647_T_C	4:96405178_C_T
4:96401647_T_C	4:96406079_C_G
4:96401647_T_C	4:96406950_A_G
4:96401647_T_C	4:96407540_T_C
4:96401647_T_C	4:96407772_A_G
4:96401647_T_C	4:96408615_T_C
4:96401647_T_C	4:96408667_C_CT
4:96401647_T_C	4:96409200_C_T
4:96401647_T_C	4:96410111_G_A
4:96401647_T_C	4:96410355_C_T
4:96401647_T_C	4:96410986_C_T
4:96401647_T_C	4:96411107_T_C
4:96401647_T_C	4:96413775_T_A
4:96401647_T_C	4:96422222_A_G
4:96401647_T_C	4:96426348_T_C
4:96401647_T_C	4:96428167_G_C
4:96401647_T_C	4:96434992_T_C
4:96401647_T_C	4:96438474_T_C
4:96401647_T_C	4:96439321_G_A
4:96401647_T_C	4:96686689_C_T
4:96401647_T_C	4:96715064_G_A
4:96401647_T_C	4:96733552_C_T
4:96401647_T_C	4:96734234_T_G
4:96401647_T_C	4:96736162_C_T
4:96401647_T_C	4:96739328_A_G
4:96401647_T_C	4:96739457_G_A
4:96401647_T_C	4:96741554_A_C
4:96401647_T_C	4:96745372_C_T
4:96401647_T_C	4:96745904_T_G
4:96401647_T_C	4:96750613_C_T
4:96401647_T_C	4:96750687_T_A
4:96401647_T_C	4:96752949_T_TA
4:96401647_T_C	4:96757304_T_C
4:96401647_T_C	4:96758435_A_G
4:96401647_T_C	4:96759362_C_T
4:96401647_T_C	4:96761256_G_C
4:96401647_T_C	4:96762667_A_T
4:96401647_T_C	4:96764112_G_A
4:96401647_T_C	4:96764173_A_G
4:96401647_T_C	4:96773510_G_A
4:96401647_T_C	4:96775000_G_T
4:96401647_T_C	4:96775222_A_G
4:96401647_T_C	4:96776634_AT_A
4:96401647_T_C	4:96782513_G_C
4:96401647_T_C	4:96785010_GATTT_G
4:96401647_T_C	4:96785169_A_G
4:96401647_T_C	4:96786478_G_A
4:96401647_T_C	4:96787925_T_A
4:96401647_T_C	4:96795334_G_A
4:96401647_T_C	4:96801707_G_A
4:96401647_T_C	4:96807313_C_A
4:96401647_T_C	4:96807424_G_A
4:96401647_T_C	4:96807975_G_A
4:96401647_T_C	4:96808188_G_C
4:96401647_T_C	4:96810190_G_A
4:96401647_T_C	4:98451929_A_AC
4:96401647_T_C	4:98695100_AG_A
4:96401647_T_C	4:100322786_T_C
4:96401647_T_C	4:101125548_CAGTTTT_C
13:54620913_A_AC	13:47997623_T_G
13:54620913_A_AC	13:48089760_A_G
13:54620913_A_AC	13:48093663_T_C
13:54620913_A_AC	13:51072414_A_T
13:54620913_A_AC	13:51076400_C_T
13:54620913_A_AC	13:51146069_C_T
13:54620913_A_AC	13:51947714_T_C
13:54620913_A_AC	13:51949630_G_A
13:54620913_A_AC	13:51953541_C_T
13:54620913_A_AC	13:51963348_T_C
13:54620913_A_AC	13:51966918_C_A
13:54620913_A_AC	13:51969696_C_T
13:54620913_A_AC	13:51978987_A_C
13:54620913_A_AC	13:51985323_C_T
13:54620913_A_AC	13:51999015_C_T
13:54620913_A_AC	13:52006020_C_A
13:54620913_A_AC	13:52029538_G_C
13:54620913_A_AC	13:52029904_T_C
13:54620913_A_AC	13:52034830_G_A
13:54620913_A_AC	13:52044884_T_C
13:54620913_A_AC	13:52063841_C_T
13:54620913_A_AC	13:52184392_G_T
13:54620913_A_AC	13:52350372_T_C
13:54620913_A_AC	13:54088326_T_C
13:54620913_A_AC	13:54090278_T_C
13:54620913_A_AC	13:54091016_G_A
13:54620913_A_AC	13:54091422_T_G
13:54620913_A_AC	13:54092594_A_C
13:54620913_A_AC	13:54094966_C_T
13:54620913_A_AC	13:54095144_A_C
13:54620913_A_AC	13:54099666_T_A
13:54620913_A_AC	13:54099849_C_A
13:54620913_A_AC	13:54100092_A_G
13:54620913_A_AC	13:54100401_C_G
13:54620913_A_AC	13:54107473_G_A
13:54620913_A_AC	13:54111061_T_C
13:54620913_A_AC	13:54113086_A_C
13:54620913_A_AC	13:54113751_C_T
13:54620913_A_AC	13:54113842_T_G
13:54620913_A_AC	13:54114834_A_G
13:54620913_A_AC	13:54125419_G_T
13:54620913_A_AC	13:54199266_T_A
13:54620913_A_AC	13:54200195_T_C
13:54620913_A_AC	13:54203789_CT_C
13:54620913_A_AC	13:54203854_C_T
13:54620913_A_AC	13:54204283_GAGA_G
13:54620913_A_AC	13:54204777_G_A
13:54620913_A_AC	13:54206708_CTGAG_C
13:54620913_A_AC	13:54208332_T_C
13:54620913_A_AC	13:54208605_T_G
13:54620913_A_AC	13:54212629_CA_C
13:54620913_A_AC	13:54212794_C_T
13:54620913_A_AC	13:54213075_A_AT
13:54620913_A_AC	13:54213345_A_T
13:54620913_A_AC	13:54213463_G_A
13:54620913_A_AC	13:54214881_G_A
13:54620913_A_AC	13:54215094_A_G
13:54620913_A_AC	13:54215486_G_A
13:54620913_A_AC	13:54215532_T_C
13:54620913_A_AC	13:54215627_G_C
13:54620913_A_AC	13:54216423_A_T
13:54620913_A_AC	13:54216605_C_T
13:54620913_A_AC	13:54217033_A_G
13:54620913_A_AC	13:54219131_G_A
13:54620913_A_AC	13:54219783_G_A
13:54620913_A_AC	13:54219786_C_G
13:54620913_A_AC	13:54220659_A_G
13:54620913_A_AC	13:54221871_C_G
13:54620913_A_AC	13:54223625_G_T
13:54620913_A_AC	13:54223635_GTTTTAT_G
13:54620913_A_AC	13:54224944_C_T
13:54620913_A_AC	13:54225957_C_A
13:54620913_A_AC	13:54226985_A_G
13:54620913_A_AC	13:54227614_C_A
13:54620913_A_AC	13:54229086_CAT_C
13:54620913_A_AC	13:54229859_C_G
13:54620913_A_AC	13:54230676_T_G
13:54620913_A_AC	13:54231056_A_G
13:54620913_A_AC	13:54231140_AG_A
13:54620913_A_AC	13:54231608_G_A
13:54620913_A_AC	13:54232282_A_C
13:54620913_A_AC	13:54232561_T_C
13:54620913_A_AC	13:54233253_G_A
13:54620913_A_AC	13:54233514_G_A
13:54620913_A_AC	13:54234310_C_A
13:54620913_A_AC	13:54235155_T_G
13:54620913_A_AC	13:54235977_C_T
13:54620913_A_AC	13:54237038_G_A
13:54620913_A_AC	13:54237664_C_G
13:54620913_A_AC	13:54239440_G_A
13:54620913_A_AC	13:54240769_T_C
13:54620913_A_AC	13:54241339_C_T
13:54620913_A_AC	13:54242248_A_G
13:54620913_A_AC	13:54243020_G_GC
13:54620913_A_AC	13:54243492_G_A
13:54620913_A_AC	13:54243889_C_T
13:54620913_A_AC	13:54244417_C_CA
13:54620913_A_AC	13:54244512_C_T
13:54620913_A_AC	13:54246729_T_C
13:54620913_A_AC	13:54247322_T_C
13:54620913_A_AC	13:54249469_G_T
13:54620913_A_AC	13:54251459_C_T
13:54620913_A_AC	13:54251533_T_G
13:54620913_A_AC	13:54255451_T_C
13:54620913_A_AC	13:54256531_T_C
13:54620913_A_AC	13:54259117_A_AG
13:54620913_A_AC	13:54259240_T_C
13:54620913_A_AC	13:54259408_C_G
13:54620913_A_AC	13:54262420_G_C
13:54620913_A_AC	13:54264097_G_A
13:54620913_A_AC	13:54267318_A_G
13:54620913_A_AC	13:54283046_C_T
13:54620913_A_AC	13:54283327_G_T
13:54620913_A_AC	13:54287978_G_A
13:54620913_A_AC	13:54289391_A_G
13:54620913_A_AC	13:54290942_C_G
13:54620913_A_AC	13:54290990_CATT_C
13:54620913_A_AC	13:54294657_G_A
13:54620913_A_AC	13:54297870_G_A
13:54620913_A_AC	13:54301779_T_C
13:54620913_A_AC	13:54304764_T_A
13:54620913_A_AC	13:54305099_G_A
13:54620913_A_AC	13:54309719_TA_T
13:54620913_A_AC	13:54310348_A_C
13:54620913_A_AC	13:54311102_T_C
13:54620913_A_AC	13:54312219_A_C
13:54620913_A_AC	13:54313569_T_G
13:54620913_A_AC	13:54314835_G_A
13:54620913_A_AC	13:54319140_G_T
13:54620913_A_AC	13:54319996_T_C
13:54620913_A_AC	13:54320460_A_G
13:54620913_A_AC	13:54321789_C_T
13:54620913_A_AC	13:54321969_T_C
13:54620913_A_AC	13:54324256_C_G
13:54620913_A_AC	13:54330546_A_G
13:54620913_A_AC	13:54332158_A_G
13:54620913_A_AC	13:54333209_A_G
13:54620913_A_AC	13:54335963_C_A
13:54620913_A_AC	13:54336920_A_G
13:54620913_A_AC	13:54339127_GA_G
13:54620913_A_AC	13:54345721_G_C
13:54620913_A_AC	13:54351784_G_A
13:54620913_A_AC	13:54352767_C_T
13:54620913_A_AC	13:54358473_C_G
13:54620913_A_AC	13:54369227_G_A
13:54620913_A_AC	13:54370036_A_C
13:54620913_A_AC	13:54375290_A_G
13:54620913_A_AC	13:54377966_A_G
13:54620913_A_AC	13:54379209_T_TTC
13:54620913_A_AC	13:54379400_G_A
13:54620913_A_AC	13:54379749_T_C
13:54620913_A_AC	13:54383477_A_G
13:54620913_A_AC	13:54408016_A_G
13:54620913_A_AC	13:54451650_T_C
13:54620913_A_AC	13:54452384_T_C
13:54620913_A_AC	13:54570654_T_C
13:54620913_A_AC	13:54571858_G_C
13:54620913_A_AC	13:54576194_C_T
13:54620913_A_AC	13:54576590_G_A
13:54620913_A_AC	13:54577597_C_A
13:54620913_A_AC	13:54577963_G_A
13:54620913_A_AC	13:54578135_T_A
13:54620913_A_AC	13:54579343_C_T
13:54620913_A_AC	13:54579358_G_A
13:54620913_A_AC	13:54581241_G_C
13:54620913_A_AC	13:54586240_G_A
13:54620913_A_AC	13:54586840_T_G
13:54620913_A_AC	13:54587973_G_A
13:54620913_A_AC	13:54588151_T_C
13:54620913_A_AC	13:54591861_G_GGGAA
13:54620913_A_AC	13:54593774_G_C
13:54620913_A_AC	13:54594292_T_C
13:54620913_A_AC	13:54595054_A_G
13:54620913_A_AC	13:54603016_A_G
13:54620913_A_AC	13:54603479_C_T
13:54620913_A_AC	13:54604722_A_C
13:54620913_A_AC	13:54607416_T_C
13:54620913_A_AC	13:54607479_G_C
13:54620913_A_AC	13:54607518_C_T
13:54620913_A_AC	13:54609719_A_G
13:54620913_A_AC	13:54610042_T_C
13:54620913_A_AC	13:54611679_C_T
13:54620913_A_AC	13:54611850_G_A
13:54620913_A_AC	13:54611988_C_T
13:54620913_A_AC	13:54612146_T_C
13:54620913_A_AC	13:54612274_T_C
13:54620913_A_AC	13:54612330_C_T
13:54620913_A_AC	13:54612795_ACT_A
13:54620913_A_AC	13:54612795_AC_A
13:54620913_A_AC	13:54612803_TG_T
13:54620913_A_AC	13:54613130_T_C
13:54620913_A_AC	13:54613415_C_T
13:54620913_A_AC	13:54613563_A_G
13:54620913_A_AC	13:54613571_A_C
13:54620913_A_AC	13:54613871_A_G
13:54620913_A_AC	13:54614847_A_T
13:54620913_A_AC	13:54614866_G_C
13:54620913_A_AC	13:54615113_A_T
13:54620913_A_AC	13:54615315_CA_C
13:54620913_A_AC	13:54615571_ATAGAT_A
13:54620913_A_AC	13:54615773_C_A
13:54620913_A_AC	13:54616772_G_C
13:54620913_A_AC	13:54618139_G_A
13:54620913_A_AC	13:54618390_C_T
13:54620913_A_AC	13:54620094_T_A
13:54620913_A_AC	13:54621749_T_C
13:54620913_A_AC	13:54622772_G_A
13:54620913_A_AC	13:54624548_ACCTATAGTC_A
13:54620913_A_AC	13:54633571_C_T
13:54620913_A_AC	13:54634578_C_A
13:54620913_A_AC	13:54637297_G_A
13:54620913_A_AC	13:54637809_C_T
13:54620913_A_AC	13:54637958_T_A
13:54620913_A_AC	13:54638436_A_C
13:54620913_A_AC	13:54639898_A_G
13:54620913_A_AC	13:54643220_T_C
13:54620913_A_AC	13:54644705_G_A
13:54620913_A_AC	13:54646030_GACA_G
13:54620913_A_AC	13:54647817_A_G
13:54620913_A_AC	13:55038735_T_C
13:54620913_A_AC	13:55038919_G_A
13:54620913_A_AC	13:55039090_C_T
13:54620913_A_AC	13:55039136_G_A
13:54620913_A_AC	13:55039483_G_T
13:54620913_A_AC	13:55039700_A_G
13:54620913_A_AC	13:55040059_G_A
13:54620913_A_AC	13:55040141_A_G
13:54620913_A_AC	13:55040511_T_G
13:54620913_A_AC	13:55040712_A_G
13:54620913_A_AC	13:55040943_G_A
13:54620913_A_AC	13:55041154_A_G
13:54620913_A_AC	13:55041185_T_C
13:54620913_A_AC	13:55041736_G_A
13:54620913_A_AC	13:55042146_G_A
13:54620913_A_AC	13:55042974_ATTATG_A
13:54620913_A_AC	13:55043006_A_G
13:54620913_A_AC	13:55043072_C_T
13:54620913_A_AC	13:55043225_C_T
13:54620913_A_AC	13:55043259_G_GAGAC
13:54620913_A_AC	13:55043306_C_T
13:54620913_A_AC	13:55043751_A_C
13:54620913_A_AC	13:55044079_T_A
13:54620913_A_AC	13:55044869_G_GA
13:54620913_A_AC	13:55044955_C_T
13:54620913_A_AC	13:55045337_C_T
13:54620913_A_AC	13:55045710_A_C
13:54620913_A_AC	13:55046729_T_C
13:54620913_A_AC	13:55046791_T_C
13:54620913_A_AC	13:55047295_T_C
13:54620913_A_AC	13:55047594_C_T
13:54620913_A_AC	13:55047691_G_A
13:54620913_A_AC	13:55047735_T_C
13:54620913_A_AC	13:55047738_A_G
13:54620913_A_AC	13:55048320_A_G
13:54620913_A_AC	13:55048863_T_C
13:54620913_A_AC	13:55048923_G_C
13:54620913_A_AC	13:55049144_CT_C
13:54620913_A_AC	13:55049814_A_C
13:54620913_A_AC	13:55050009_A_G
13:54620913_A_AC	13:55050896_G_A
13:54620913_A_AC	13:55051017_T_C
13:54620913_A_AC	13:55054346_T_A
13:54620913_A_AC	13:55054684_C_CA
13:54620913_A_AC	13:55054688_T_A
13:54620913_A_AC	13:55054689_T_TA
13:54620913_A_AC	13:55055858_A_G
13:54620913_A_AC	13:55055931_A_G
13:54620913_A_AC	13:55056129_G_C
13:54620913_A_AC	13:55056625_C_T
13:54620913_A_AC	13:55057423_C_T
13:54620913_A_AC	13:55057515_A_T
13:54620913_A_AC	13:55057523_T_C
13:54620913_A_AC	13:55057870_C_T
13:54620913_A_AC	13:55057914_C_A
13:54620913_A_AC	13:55058472_G_A
13:54620913_A_AC	13:55058479_C_A
13:54620913_A_AC	13:55058785_G_C
13:54620913_A_AC	13:55058894_A_C
13:54620913_A_AC	13:55062026_G_A
13:54620913_A_AC	13:55062232_G_A
13:54620913_A_AC	13:55062673_C_T
13:54620913_A_AC	13:55062952_C_T
13:54620913_A_AC	13:55063920_C_T
13:54620913_A_AC	13:55064411_G_A
13:54620913_A_AC	13:55064511_G_A
13:54620913_A_AC	13:55064677_A_G
13:54620913_A_AC	13:55065016_G_A
13:54620913_A_AC	13:55065423_A_C
13:54620913_A_AC	13:55065760_T_A
13:54620913_A_AC	13:55065828_A_G
13:54620913_A_AC	13:55065997_G_A
13:54620913_A_AC	13:55066485_ATATATC_A
13:54620913_A_AC	13:55066694_G_A
13:54620913_A_AC	13:55066866_A_G
13:54620913_A_AC	13:55067333_G_A
13:54620913_A_AC	13:55067468_C_CA
13:54620913_A_AC	13:55067647_A_G
13:54620913_A_AC	13:55067760_G_GT
13:54620913_A_AC	13:55069262_A_G
13:54620913_A_AC	13:55069784_G_GA
13:54620913_A_AC	13:55069907_G_A
13:54620913_A_AC	13:55070137_A_G
13:54620913_A_AC	13:55070587_G_A
13:54620913_A_AC	13:55070841_A_G
13:54620913_A_AC	13:55071547_A_T
13:54620913_A_AC	13:55071632_G_A
13:54620913_A_AC	13:55071733_T_A
13:54620913_A_AC	13:55071795_T_C
13:54620913_A_AC	13:55072221_T_G
13:54620913_A_AC	13:55072623_A_AC
13:54620913_A_AC	13:55072815_C_T
13:54620913_A_AC	13:55073057_G_A
13:54620913_A_AC	13:55074317_G_A
13:54620913_A_AC	13:55076703_G_C
13:54620913_A_AC	13:55077082_A_T
13:54620913_A_AC	13:55077162_C_T
13:54620913_A_AC	13:55077853_G_T
13:54620913_A_AC	13:55077856_G_T
13:54620913_A_AC	13:55078160_G_T
13:54620913_A_AC	13:55078441_T_C
13:54620913_A_AC	13:55079372_C_T
13:54620913_A_AC	13:55079398_A_T
13:54620913_A_AC	13:55080127_A_T
13:54620913_A_AC	13:55080168_TAA_T
13:54620913_A_AC	13:55080869_A_G
13:54620913_A_AC	13:55081454_T_C
13:54620913_A_AC	13:55100792_C_T
13:54620913_A_AC	13:55113496_A_G
13:54620913_A_AC	13:55113723_T_C
13:54620913_A_AC	13:55115286_T_C
13:54620913_A_AC	13:55119759_C_T
13:54620913_A_AC	13:55119767_A_G
13:54620913_A_AC	13:55122462_A_C
13:54620913_A_AC	13:55124002_TA_T
13:54620913_A_AC	13:55128219_A_G
13:54620913_A_AC	13:55128378_G_T
13:54620913_A_AC	13:55131675_G_A
13:54620913_A_AC	13:55131970_T_C
13:54620913_A_AC	13:55136644_A_G
13:54620913_A_AC	13:55137918_GATTA_G
13:54620913_A_AC	13:55138895_C_T
13:54620913_A_AC	13:55139628_G_A
13:54620913_A_AC	13:55153858_GAT_G
13:54620913_A_AC	13:55154018_A_G
13:54620913_A_AC	13:55169036_A_G
13:54620913_A_AC	13:55204795_A_G
13:54620913_A_AC	13:55324279_GA_G
13:54620913_A_AC	13:56068607_T_C
13:54620913_A_AC	13:56232126_C_A
13:54620913_A_AC	13:58270815_A_G
13:54620913_A_AC	13:58410814_G_C
13:54620913_A_AC	13:59335276_G_A
13:54620913_A_AC	13:59360542_T_C
13:54620913_A_AC	13:59362461_A_C
13:54620913_A_AC	13:59402475_C_CT
13:54620913_A_AC	13:59461967_A_G
13:54620913_A_AC	13:59826594_A_G
4:4342405_T_C	4:2179875_C_T
4:4342405_T_C	4:2191352_A_C
4:4342405_T_C	4:2191353_G_A
4:4342405_T_C	4:2214418_C_T
4:4342405_T_C	4:2224187_T_C
4:4342405_T_C	4:4343987_A_C
4:4342405_T_C	4:4344979_A_ATTCATTCG
4:4342405_T_C	4:4345379_T_C
4:4342405_T_C	4:4345890_G_A
4:4342405_T_C	4:4345959_G_GT
4:4342405_T_C	4:4346427_G_A
4:4342405_T_C	4:4346465_T_C
4:4342405_T_C	4:4349845_CT_C
4:4342405_T_C	4:4349989_TG_T
4:4342405_T_C	4:4350103_T_C
4:4342405_T_C	4:4350348_T_C
4:4342405_T_C	4:4350440_G_A
4:4342405_T_C	4:4351540_G_A
4:4342405_T_C	4:4352437_C_T
4:4342405_T_C	4:4352478_C_T
4:4342405_T_C	4:8332813_G_A
4:4342405_T_C	4:14062949_C_T
4:4342405_T_C	4:14064049_T_C
4:4342405_T_C	4:14064507_A_G
4:4342405_T_C	4:14065902_C_T
4:4342405_T_C	4:14066341_C_T
4:4342405_T_C	4:14068162_G_A
4:4342405_T_C	4:14092142_C_T
11:83405779_TA_T	11:82933549_G_A
11:83405779_TA_T	11:82933607_T_C
11:83405779_TA_T	11:82939995_GT_G
11:83405779_TA_T	11:82950713_TG_T
11:83405779_TA_T	11:82953484_T_TG
11:83405779_TA_T	11:82968164_G_A
11:83405779_TA_T	11:82968418_G_A
11:83405779_TA_T	11:82968708_T_C
11:83405779_TA_T	11:82973045_C_T
11:83405779_TA_T	11:82975130_C_A
11:83405779_TA_T	11:82975482_T_A
11:83405779_TA_T	11:82976411_T_A
11:83405779_TA_T	11:82979471_CA_C
11:83405779_TA_T	11:82980499_C_T
11:83405779_TA_T	11:82981852_G_T
11:83405779_TA_T	11:82984311_G_T
11:83405779_TA_T	11:82986596_A_C
11:83405779_TA_T	11:82988717_C_T
11:83405779_TA_T	11:82989166_T_C
11:83405779_TA_T	11:82993184_C_T
11:83405779_TA_T	11:82994112_G_GAA
11:83405779_TA_T	11:83093515_TAAATG_T
11:83405779_TA_T	11:83097501_C_G
11:83405779_TA_T	11:83126604_A_G
11:83405779_TA_T	11:83126606_A_G
11:83405779_TA_T	11:83126614_C_T
11:83405779_TA_T	11:83126620_T_C
11:83405779_TA_T	11:83184256_C_A
11:83405779_TA_T	11:83184839_G_A
11:83405779_TA_T	11:83185861_A_C
11:83405779_TA_T	11:83187113_A_G
11:83405779_TA_T	11:83187965_C_T
11:83405779_TA_T	11:83189400_T_G
11:83405779_TA_T	11:83190419_G_A
11:83405779_TA_T	11:83192079_C_G
11:83405779_TA_T	11:83192438_CTA_C
11:83405779_TA_T	11:83192648_C_G
11:83405779_TA_T	11:83193765_C_A
11:83405779_TA_T	11:83193813_G_A
11:83405779_TA_T	11:83194680_T_C
11:83405779_TA_T	11:83195804_TG_T
11:83405779_TA_T	11:83196381_C_T
11:83405779_TA_T	11:83200647_C_T
11:83405779_TA_T	11:83201073_C_T
11:83405779_TA_T	11:83201270_TAAAC_T
11:83405779_TA_T	11:83201563_C_T
11:83405779_TA_T	11:83202158_ATGTT_A
11:83405779_TA_T	11:83211699_A_AT
11:83405779_TA_T	11:83214455_T_G
11:83405779_TA_T	11:83215174_A_G
11:83405779_TA_T	11:83216127_A_C
11:83405779_TA_T	11:83216763_C_T
11:83405779_TA_T	11:83218455_T_C
11:83405779_TA_T	11:83219887_T_A
11:83405779_TA_T	11:83219938_T_A
11:83405779_TA_T	11:83221390_A_C
11:83405779_TA_T	11:83221873_G_GT
11:83405779_TA_T	11:83223117_G_A
11:83405779_TA_T	11:83224753_G_A
11:83405779_TA_T	11:83226936_T_G
11:83405779_TA_T	11:83228226_T_C
11:83405779_TA_T	11:83231605_A_G
11:83405779_TA_T	11:83232751_C_G
11:83405779_TA_T	11:83235409_G_A
11:83405779_TA_T	11:83236236_C_T
11:83405779_TA_T	11:83236707_G_T
11:83405779_TA_T	11:83238592_A_AT
11:83405779_TA_T	11:83240618_CT_C
11:83405779_TA_T	11:83241119_CTCTA_C
11:83405779_TA_T	11:83241448_T_G
11:83405779_TA_T	11:83241694_C_T
11:83405779_TA_T	11:83242985_C_A
11:83405779_TA_T	11:83245514_A_G
11:83405779_TA_T	11:83248783_G_A
11:83405779_TA_T	11:83251310_G_A
11:83405779_TA_T	11:83251494_G_A
11:83405779_TA_T	11:83251692_T_C
11:83405779_TA_T	11:83255073_A_C
11:83405779_TA_T	11:83256749_T_C
11:83405779_TA_T	11:83258002_C_T
11:83405779_TA_T	11:83258522_T_A
11:83405779_TA_T	11:83259184_G_A
11:83405779_TA_T	11:83259622_A_C
11:83405779_TA_T	11:83264707_T_C
11:83405779_TA_T	11:83265636_G_T
11:83405779_TA_T	11:83266179_G_T
11:83405779_TA_T	11:83267166_C_G
11:83405779_TA_T	11:83267886_C_T
11:83405779_TA_T	11:83272164_A_G
11:83405779_TA_T	11:83273800_T_C
11:83405779_TA_T	11:83274175_G_A
11:83405779_TA_T	11:83274471_T_C
11:83405779_TA_T	11:83275145_G_GT
11:83405779_TA_T	11:83275895_C_CT
11:83405779_TA_T	11:83276006_G_A
11:83405779_TA_T	11:83276059_C_A
11:83405779_TA_T	11:83276168_A_G
11:83405779_TA_T	11:83276244_C_A
11:83405779_TA_T	11:83276245_A_G
11:83405779_TA_T	11:83277544_C_T
11:83405779_TA_T	11:83277912_G_A
11:83405779_TA_T	11:83277927_A_G
11:83405779_TA_T	11:83282635_CAA_C
11:83405779_TA_T	11:83283859_G_A
11:83405779_TA_T	11:83285438_A_G
11:83405779_TA_T	11:83288085_A_C
11:83405779_TA_T	11:83288354_T_C
11:83405779_TA_T	11:83289277_C_T
11:83405779_TA_T	11:83291938_C_T
11:83405779_TA_T	11:83295311_T_C
11:83405779_TA_T	11:83295919_G_T
11:83405779_TA_T	11:83297031_G_C
11:83405779_TA_T	11:83297563_G_A
11:83405779_TA_T	11:83299664_C_G
11:83405779_TA_T	11:83300185_C_A
11:83405779_TA_T	11:83305059_G_A
11:83405779_TA_T	11:83305369_C_G
11:83405779_TA_T	11:83305542_A_G
11:83405779_TA_T	11:83306173_GA_G
11:83405779_TA_T	11:83306182_A_C
11:83405779_TA_T	11:83308002_C_T
11:83405779_TA_T	11:83312379_G_A
11:83405779_TA_T	11:83315117_A_C
11:83405779_TA_T	11:83315597_G_A
11:83405779_TA_T	11:83318019_A_T
11:83405779_TA_T	11:83324190_G_A
11:83405779_TA_T	11:83324320_G_A
11:83405779_TA_T	11:83325060_A_AT
11:83405779_TA_T	11:83325114_G_C
11:83405779_TA_T	11:83335034_C_T
11:83405779_TA_T	11:83335764_A_G
11:83405779_TA_T	11:83338036_G_C
11:83405779_TA_T	11:83338595_C_T
11:83405779_TA_T	11:83339080_C_T
11:83405779_TA_T	11:83339083_C_T
11:83405779_TA_T	11:83339097_T_C
11:83405779_TA_T	11:83339098_G_A
11:83405779_TA_T	11:83339781_A_G
11:83405779_TA_T	11:83340398_A_G
11:83405779_TA_T	11:83340825_C_T
11:83405779_TA_T	11:83341015_A_C
11:83405779_TA_T	11:83341316_A_G
11:83405779_TA_T	11:83343918_T_C
11:83405779_TA_T	11:83346349_C_A
11:83405779_TA_T	11:83346663_A_C
11:83405779_TA_T	11:83346901_G_A
11:83405779_TA_T	11:83348343_C_T
11:83405779_TA_T	11:83348367_G_C
11:83405779_TA_T	11:83348512_A_G
11:83405779_TA_T	11:83348627_GGATCGCCGT_G
11:83405779_TA_T	11:83348946_C_T
11:83405779_TA_T	11:83349612_C_T
11:83405779_TA_T	11:83350022_C_T
11:83405779_TA_T	11:83350492_T_C
11:83405779_TA_T	11:83351666_C_A
11:83405779_TA_T	11:83351780_G_A
11:83405779_TA_T	11:83352600_C_A
11:83405779_TA_T	11:83352638_T_C
11:83405779_TA_T	11:83354228_C_G
11:83405779_TA_T	11:83354238_A_G
11:83405779_TA_T	11:83354542_G_A
11:83405779_TA_T	11:83358400_G_A
11:83405779_TA_T	11:83358629_C_T
11:83405779_TA_T	11:83369346_C_T
11:83405779_TA_T	11:83370396_G_A
11:83405779_TA_T	11:83371215_G_T
11:83405779_TA_T	11:83372510_G_A
11:83405779_TA_T	11:83373309_A_G
11:83405779_TA_T	11:83373360_A_G
11:83405779_TA_T	11:83375786_G_A
11:83405779_TA_T	11:83376594_A_G
11:83405779_TA_T	11:83376743_G_C
11:83405779_TA_T	11:83377446_T_C
11:83405779_TA_T	11:83377964_A_T
11:83405779_TA_T	11:83378066_C_T
11:83405779_TA_T	11:83378793_C_T
11:83405779_TA_T	11:83378993_C_T
11:83405779_TA_T	11:83379861_A_AAC
11:83405779_TA_T	11:83379927_G_T
11:83405779_TA_T	11:83381424_G_GA
11:83405779_TA_T	11:83382319_G_A
11:83405779_TA_T	11:83383339_T_G
11:83405779_TA_T	11:83384035_T_G
11:83405779_TA_T	11:83384720_A_C
11:83405779_TA_T	11:83385063_T_C
11:83405779_TA_T	11:83386007_A_G
11:83405779_TA_T	11:83388141_C_T
11:83405779_TA_T	11:83390399_C_A
11:83405779_TA_T	11:83391191_C_T
11:83405779_TA_T	11:83393850_A_G
11:83405779_TA_T	11:83394637_G_A
11:83405779_TA_T	11:83396584_C_G
11:83405779_TA_T	11:83399413_T_C
11:83405779_TA_T	11:83399668_G_A
11:83405779_TA_T	11:83401948_T_C
11:83405779_TA_T	11:83402517_T_C
11:83405779_TA_T	11:83402568_G_A
11:83405779_TA_T	11:83402886_A_AC
11:83405779_TA_T	11:83403733_C_T
11:83405779_TA_T	11:83404525_C_T
11:83405779_TA_T	11:83404541_GCTCCACCCTTCT_G
11:83405779_TA_T	11:83405879_G_A
11:83405779_TA_T	11:83405905_G_A
11:83405779_TA_T	11:83406073_C_A
11:83405779_TA_T	11:83407776_A_C
11:83405779_TA_T	11:83408025_G_C
11:83405779_TA_T	11:83408352_C_A
11:83405779_TA_T	11:83408441_T_A
11:83405779_TA_T	11:83408580_T_G
11:83405779_TA_T	11:83408962_G_A
11:83405779_TA_T	11:83410061_G_A
11:83405779_TA_T	11:83410856_TTATC_T
11:83405779_TA_T	11:83411593_C_T
11:83405779_TA_T	11:83411777_T_TA
11:83405779_TA_T	11:83414723_T_A
11:83405779_TA_T	11:83415560_A_T
11:83405779_TA_T	11:83417514_C_T
11:83405779_TA_T	11:83417761_G_T
11:83405779_TA_T	11:83418207_A_T
11:83405779_TA_T	11:83419118_C_T
11:83405779_TA_T	11:83419355_C_T
11:83405779_TA_T	11:83419468_C_T
11:83405779_TA_T	11:83419628_C_T
11:83405779_TA_T	11:83419882_T_A
11:83405779_TA_T	11:83420192_T_C
11:83405779_TA_T	11:83420555_T_C
11:83405779_TA_T	11:83421209_CT_C
11:83405779_TA_T	11:83421329_C_T
11:83405779_TA_T	11:83422281_G_T
11:83405779_TA_T	11:83422879_CTCTA_C
11:83405779_TA_T	11:83422975_C_T
11:83405779_TA_T	11:83423345_A_G
11:83405779_TA_T	11:83424952_C_T
11:83405779_TA_T	11:83427195_A_T
11:83405779_TA_T	11:83427531_G_A
11:83405779_TA_T	11:83431858_T_C
11:83405779_TA_T	11:83433967_C_T
11:83405779_TA_T	11:83434012_A_C
11:83405779_TA_T	11:83434221_C_T
11:83405779_TA_T	11:83434337_C_T
11:83405779_TA_T	11:83437714_C_T
11:83405779_TA_T	11:83438298_G_A
11:83405779_TA_T	11:83438336_G_C
11:83405779_TA_T	11:83440261_G_A
11:83405779_TA_T	11:83440591_T_G
11:83405779_TA_T	11:83441262_C_T
11:83405779_TA_T	11:83442078_G_C
11:83405779_TA_T	11:83442383_A_G
11:83405779_TA_T	11:83443179_G_A
11:83405779_TA_T	11:83444711_G_C
11:83405779_TA_T	11:83444750_A_G
11:83405779_TA_T	11:83445381_CCCTTCCTTCCTTCCTTCCTT_C
11:83405779_TA_T	11:83445935_C_T
11:83405779_TA_T	11:83446141_A_C
11:83405779_TA_T	11:83446183_G_T
11:83405779_TA_T	11:83446931_G_C
11:83405779_TA_T	11:83447485_CA_C
11:83405779_TA_T	11:83479572_A_T
11:83405779_TA_T	11:84744490_G_T
11:83405779_TA_T	11:85003519_G_A
11:83405779_TA_T	11:85004969_T_C
11:83405779_TA_T	11:85006971_T_C
11:83405779_TA_T	11:85008105_T_C
11:83405779_TA_T	11:85019333_C_A
11:83405779_TA_T	11:85019691_T_C
20:56129738_T_C	20:55901209_T_C
20:56129738_T_C	20:55901878_C_T
20:56129738_T_C	20:55902926_T_C
20:56129738_T_C	20:56120929_T_C
20:56129738_T_C	20:56121226_T_A
20:56129738_T_C	20:56121354_A_G
20:56129738_T_C	20:56121830_A_G
20:56129738_T_C	20:56122638_A_G
20:56129738_T_C	20:56123042_T_G
20:56129738_T_C	20:56123219_C_G
20:56129738_T_C	20:56123800_G_A
20:56129738_T_C	20:56123863_C_A
20:56129738_T_C	20:56124219_A_C
20:56129738_T_C	20:56125213_T_C
20:56129738_T_C	20:56125891_C_A
20:56129738_T_C	20:56126855_G_A
20:56129738_T_C	20:56127341_AT_A
20:56129738_T_C	20:56129069_A_G
20:56129738_T_C	20:56129860_G_A
20:56129738_T_C	20:56130620_A_G
20:56129738_T_C	20:56132825_G_A
20:56129738_T_C	20:56134053_T_C
20:56129738_T_C	20:56146535_C_T
20:56129738_T_C	20:57119577_G_A
20:56129738_T_C	20:60198972_A_G
20:56129738_T_C	20:60205705_T_A
20:56129738_T_C	20:60209375_C_T
20:56129738_T_C	20:60212848_G_A
20:56129738_T_C	20:60212989_A_G
20:56129738_T_C	20:60214679_C_T
20:56129738_T_C	20:60217632_C_A
20:56129738_T_C	20:60218870_A_C
20:56129738_T_C	20:60219335_A_G
20:56129738_T_C	20:60219483_C_T
3:179439466_T_C	3:175476833_C_T
3:179439466_T_C	3:176695413_G_C
3:179439466_T_C	3:176703075_G_A
3:179439466_T_C	3:176708724_A_C
3:179439466_T_C	3:176715918_G_T
3:179439466_T_C	3:176720205_A_G
3:179439466_T_C	3:176720780_A_G
3:179439466_T_C	3:176721736_TA_T
3:179439466_T_C	3:176723319_A_G
3:179439466_T_C	3:176726099_A_C
3:179439466_T_C	3:178262690_G_A
3:179439466_T_C	3:178266978_A_T
3:179439466_T_C	3:178271858_G_C
3:179439466_T_C	3:178272648_T_G
3:179439466_T_C	3:178278311_A_G
3:179439466_T_C	3:178280719_T_C
3:179439466_T_C	3:178282065_CA_C
3:179439466_T_C	3:178284381_A_ACT
3:179439466_T_C	3:178284459_TA_T
3:179439466_T_C	3:178379318_G_A
3:179439466_T_C	3:178381679_C_T
3:179439466_T_C	3:178545249_G_A
3:179439466_T_C	3:178545952_C_T
3:179439466_T_C	3:178548134_T_C
3:179439466_T_C	3:178549244_G_A
3:179439466_T_C	3:178549381_T_C
3:179439466_T_C	3:178552671_G_A
3:179439466_T_C	3:178566680_A_C
3:179439466_T_C	3:178567556_C_T
3:179439466_T_C	3:178569395_G_GA
3:179439466_T_C	3:178570393_T_A
3:179439466_T_C	3:178571149_C_T
3:179439466_T_C	3:178571375_T_C
3:179439466_T_C	3:178571776_G_A
3:179439466_T_C	3:178579718_CAT_C
3:179439466_T_C	3:178580142_T_C
3:179439466_T_C	3:178580478_A_G
3:179439466_T_C	3:178585248_G_A
3:179439466_T_C	3:179387546_G_T
3:179439466_T_C	3:179401096_T_C
3:179439466_T_C	3:179402975_AT_A
3:179439466_T_C	3:179403759_C_G
3:179439466_T_C	3:179404824_C_T
3:179439466_T_C	3:179407414_C_A
3:179439466_T_C	3:179409845_A_C
3:179439466_T_C	3:179411911_G_T
3:179439466_T_C	3:179412570_A_C
3:179439466_T_C	3:179419553_C_G
3:179439466_T_C	3:179420103_G_T
3:179439466_T_C	3:179422594_C_G
3:179439466_T_C	3:179422757_T_C
3:179439466_T_C	3:179423902_A_G
3:179439466_T_C	3:179424410_G_T
3:179439466_T_C	3:179425091_AGCACTTGCAACGCTTT_A
3:179439466_T_C	3:179425201_C_G
3:179439466_T_C	3:179428208_A_T
3:179439466_T_C	3:179428430_T_C
3:179439466_T_C	3:179428947_A_G
3:179439466_T_C	3:179430156_A_G
3:179439466_T_C	3:179430277_C_T
3:179439466_T_C	3:179431962_G_A
3:179439466_T_C	3:179432956_C_G
3:179439466_T_C	3:179433160_T_C
3:179439466_T_C	3:179433171_G_T
3:179439466_T_C	3:179435050_C_G
3:179439466_T_C	3:179436298_C_T
3:179439466_T_C	3:179437971_T_C
3:179439466_T_C	3:179437986_A_G
3:179439466_T_C	3:179439536_G_A
3:179439466_T_C	3:179439567_A_G
3:179439466_T_C	3:179439853_CAAA_C
3:179439466_T_C	3:179440023_C_T
3:179439466_T_C	3:179440107_G_C
3:179439466_T_C	3:179440194_G_A
3:179439466_T_C	3:179441421_T_C
3:179439466_T_C	3:179442138_C_T
3:179439466_T_C	3:179442279_T_G
3:179439466_T_C	3:179444570_A_G
3:179439466_T_C	3:179444951_GTT_G
3:179439466_T_C	3:179445131_T_A
3:179439466_T_C	3:179446059_A_G
3:179439466_T_C	3:179446504_C_A
3:179439466_T_C	3:179446576_G_C
3:179439466_T_C	3:179446694_T_TACCC
3:179439466_T_C	3:179451270_C_G
3:179439466_T_C	3:179460825_T_C
3:179439466_T_C	3:179461134_G_A
3:179439466_T_C	3:179463076_A_G
3:179439466_T_C	3:179463701_G_A
3:179439466_T_C	3:179464056_T_A
3:179439466_T_C	3:179468945_A_G
3:179439466_T_C	3:179472674_C_T
3:179439466_T_C	3:179472868_G_A
3:179439466_T_C	3:179473011_A_T
3:179439466_T_C	3:179474400_G_A
3:179439466_T_C	3:181589279_C_T
3:179439466_T_C	3:181589944_G_C
3:179439466_T_C	3:181590054_A_C
3:179439466_T_C	3:181590997_A_C
3:179439466_T_C	3:181591813_T_C
3:179439466_T_C	3:181591855_A_G
3:179439466_T_C	3:181592282_T_G
3:179439466_T_C	3:181593518_G_A
3:179439466_T_C	3:181594361_A_G
3:179439466_T_C	3:181594714_G_T
3:179439466_T_C	3:181595895_TGGCATGCACACAG_T
3:179439466_T_C	3:181597288_G_A
3:179439466_T_C	3:181597828_T_C
3:179439466_T_C	3:181598687_T_C
3:179439466_T_C	3:182906649_G_A
3:179439466_T_C	3:183891927_T_C
3:179439466_T_C	3:183942030_A_G
3:179439466_T_C	3:186788500_C_T
3:179439466_T_C	3:186801199_G_A
3:179439466_T_C	3:188547796_TA_T
7:2930929_C_G	7:168027_G_T
7:2930929_C_G	7:180054_C_T
7:2930929_C_G	7:184595_C_G
7:2930929_C_G	7:185400_T_C
7:2930929_C_G	7:185956_A_G
7:2930929_C_G	7:189917_ATCTGTG_A
7:2930929_C_G	7:2563672_G_A
7:2930929_C_G	7:2601512_A_C
7:2930929_C_G	7:2606094_T_G
7:2930929_C_G	7:2634331_G_A
7:2930929_C_G	7:2665433_C_A
7:2930929_C_G	7:2832708_A_C
7:2930929_C_G	7:2924366_T_C
7:2930929_C_G	7:2924432_G_A
7:2930929_C_G	7:2926273_T_A
7:2930929_C_G	7:2930646_T_A
7:2930929_C_G	7:2930809_C_T
7:2930929_C_G	7:3952043_C_A
7:2930929_C_G	7:8884077_G_A
7:2930929_C_G	7:9118723_T_A
7:2930929_C_G	7:9153303_T_C
7:2930929_C_G	7:9437896_T_TA
11:119813545_G_A	11:112009892_C_T
11:119813545_G_A	11:112013786_A_G
11:119813545_G_A	11:112122382_G_A
11:119813545_G_A	11:119723430_C_CTCACA
11:119813545_G_A	11:119723433_G_T
11:119813545_G_A	11:119723434_C_A
11:119813545_G_A	11:119793489_G_A
11:119813545_G_A	11:119793573_C_T
11:119813545_G_A	11:119802623_CA_C
11:119813545_G_A	11:119804461_C_T
11:119813545_G_A	11:119805958_C_T
11:119813545_G_A	11:119808956_G_A
11:119813545_G_A	11:119813521_G_A
11:119813545_G_A	11:119816512_T_C
11:119813545_G_A	11:119939546_CAAAAAAA_C
11:119813545_G_A	11:119943201_A_G
11:119813545_G_A	11:120513914_C_T
11:119813545_G_A	11:120515839_AGTGTGT_A
11:119813545_G_A	11:120516014_C_T
11:119813545_G_A	11:120516717_G_A
11:119813545_G_A	11:120518871_A_G
11:119813545_G_A	11:120520629_T_C
11:119813545_G_A	11:120521066_C_T
11:119813545_G_A	11:120521485_A_G
11:119813545_G_A	11:120525032_A_G
11:119813545_G_A	11:120531547_C_G
11:119813545_G_A	11:120873429_G_T
11:119813545_G_A	11:126054611_A_G
11:119813545_G_A	11:126055172_A_G
11:119813545_G_A	11:126055175_CGACAGAGG_C
2:54916629_A_T	2:45191324_C_A
2:54916629_A_T	2:45192080_G_C
2:54916629_A_T	2:45193173_G_C
2:54916629_A_T	2:51689779_C_G
2:54916629_A_T	2:51694953_C_T
2:54916629_A_T	2:51695788_G_GA
2:54916629_A_T	2:51696260_C_T
2:54916629_A_T	2:51697403_C_CT
2:54916629_A_T	2:51700014_ACTACATTTTTAAAATGCC_A
2:54916629_A_T	2:51703628_C_T
2:54916629_A_T	2:51704714_G_GTTATC
2:54916629_A_T	2:51722646_C_A
2:54916629_A_T	2:51722648_C_T
2:54916629_A_T	2:52497293_A_C
2:54916629_A_T	2:54616058_A_G
2:54916629_A_T	2:54671091_T_C
2:54916629_A_T	2:54712295_C_T
2:54916629_A_T	2:54866494_C_G
2:54916629_A_T	2:54867421_G_T
2:54916629_A_T	2:54867769_G_GC
2:54916629_A_T	2:54877365_C_T
2:54916629_A_T	2:54882713_G_C
2:54916629_A_T	2:54884074_T_C
2:54916629_A_T	2:54892506_C_G
2:54916629_A_T	2:54901455_TCTC_T
2:54916629_A_T	2:54904820_C_G
2:54916629_A_T	2:54909741_G_A
2:54916629_A_T	2:54911968_T_C
2:54916629_A_T	2:54912730_CCCTT_C
2:54916629_A_T	2:54913089_C_T
2:54916629_A_T	2:54915221_G_A
2:54916629_A_T	2:54915327_A_G
2:54916629_A_T	2:54916241_G_C
2:54916629_A_T	2:54916618_C_T
2:54916629_A_T	2:54920691_C_G
2:54916629_A_T	2:54921349_G_C
2:54916629_A_T	2:54922692_A_G
2:54916629_A_T	2:54925159_AC_A
2:54916629_A_T	2:54927885_A_G
2:54916629_A_T	2:54934844_C_A
2:54916629_A_T	2:54938035_ATAATT_A
2:54916629_A_T	2:54938475_G_A
2:54916629_A_T	2:54938926_T_G
2:54916629_A_T	2:54939411_T_C
2:54916629_A_T	2:54939481_T_C
2:54916629_A_T	2:54939661_T_C
2:54916629_A_T	2:54940174_T_C
2:54916629_A_T	2:54941710_C_G
2:54916629_A_T	2:54943102_G_A
2:54916629_A_T	2:54946011_C_T
2:54916629_A_T	2:54947282_T_A
2:54916629_A_T	2:54948258_C_T
2:54916629_A_T	2:54949937_T_C
2:54916629_A_T	2:54951482_C_T
2:54916629_A_T	2:54955792_A_G
2:54916629_A_T	2:54956566_A_C
2:54916629_A_T	2:54959408_A_T
2:54916629_A_T	2:54964294_G_T
2:54916629_A_T	2:54965324_A_G
2:54916629_A_T	2:54966746_T_A
2:54916629_A_T	2:55938695_C_A
2:54916629_A_T	2:55941440_G_A
2:54916629_A_T	2:55943068_T_C
2:54916629_A_T	2:56118046_G_A
2:54916629_A_T	2:56119105_A_T
2:54916629_A_T	2:56119967_G_A
2:54916629_A_T	2:56120853_A_T
2:54916629_A_T	2:56121320_A_G
2:54916629_A_T	2:56121568_TG_T
2:54916629_A_T	2:59977645_G_A
2:54916629_A_T	2:59978985_A_G
2:54916629_A_T	2:59979540_T_TA
2:54916629_A_T	2:59979717_A_C
2:54916629_A_T	2:59980995_G_A
2:54916629_A_T	2:59981123_G_A
2:54916629_A_T	2:59994353_A_G
2:54916629_A_T	2:61367664_C_T
2:54916629_A_T	2:61370764_C_G
2:54916629_A_T	2:61393756_C_CA
2:54916629_A_T	2:61824932_G_C
2:54916629_A_T	2:61833815_G_T
2:54916629_A_T	2:64417345_G_C
2:54916629_A_T	2:64419775_T_A
2:54916629_A_T	2:64420623_T_A
14:78657484_G_A	14:69222144_G_A
14:78657484_G_A	14:69494883_A_G
14:78657484_G_A	14:69494990_G_A
14:78657484_G_A	14:69505638_C_G
14:78657484_G_A	14:69508526_A_G
14:78657484_G_A	14:69509315_C_G
14:78657484_G_A	14:69509799_A_G
14:78657484_G_A	14:69516038_C_T
14:78657484_G_A	14:69524065_A_AT
14:78657484_G_A	14:70380889_G_C
14:78657484_G_A	14:70972516_A_G
14:78657484_G_A	14:77346275_C_G
14:78657484_G_A	14:77347116_C_T
14:78657484_G_A	14:77347450_G_T
14:78657484_G_A	14:77347930_CA_C
14:78657484_G_A	14:78553635_CT_C
14:78657484_G_A	14:78630489_C_G
14:78657484_G_A	14:78632159_A_C
14:78657484_G_A	14:78637298_T_C
14:78657484_G_A	14:78638081_T_TA
14:78657484_G_A	14:78639132_A_T
14:78657484_G_A	14:78640148_CCA_C
14:78657484_G_A	14:78641532_G_GA
14:78657484_G_A	14:78641719_T_C
14:78657484_G_A	14:78642489_T_C
14:78657484_G_A	14:78646766_T_G
14:78657484_G_A	14:78649222_C_T
14:78657484_G_A	14:78649475_C_T
14:78657484_G_A	14:78649769_T_A
14:78657484_G_A	14:78654340_C_T
14:78657484_G_A	14:78656979_TTTATTTATTTATTTATTTAC_T
14:78657484_G_A	14:78657238_G_A
14:78657484_G_A	14:78657364_G_T
14:78657484_G_A	14:78657672_G_A
14:78657484_G_A	14:78659159_G_A
14:78657484_G_A	14:78659799_G_A
14:78657484_G_A	14:78675324_ACTT_A
14:78657484_G_A	14:79787116_T_C
14:78657484_G_A	14:79833494_T_C
14:78657484_G_A	14:79836656_G_T
14:78657484_G_A	14:79840211_A_G
14:78657484_G_A	14:79840758_T_G
14:78657484_G_A	14:79841686_A_C
14:78657484_G_A	14:79843942_C_CA
14:78657484_G_A	14:79846485_ACTT_A
14:78657484_G_A	14:79847550_GT_G
14:78657484_G_A	14:79848505_G_A
14:78657484_G_A	14:79848973_A_T
14:78657484_G_A	14:79849056_A_G
14:78657484_G_A	14:79851148_A_G
14:78657484_G_A	14:79853183_A_G
14:78657484_G_A	14:79855009_C_A
14:78657484_G_A	14:79855208_A_C
14:78657484_G_A	14:79855349_T_C
14:78657484_G_A	14:79855717_T_G
14:78657484_G_A	14:79857192_T_C
14:78657484_G_A	14:79857957_A_G
14:78657484_G_A	14:79865248_T_G
14:78657484_G_A	14:79868184_C_T
14:78657484_G_A	14:79868608_C_T
14:78657484_G_A	14:79871298_T_A
14:78657484_G_A	14:79872904_T_C
14:78657484_G_A	14:79874358_G_A
14:78657484_G_A	14:79876361_A_T
14:78657484_G_A	14:79876883_A_G
14:78657484_G_A	14:79877216_G_T
14:78657484_G_A	14:79878960_A_AC
14:78657484_G_A	14:79879327_T_A
14:78657484_G_A	14:79879673_A_G
14:78657484_G_A	14:79880211_G_C
14:78657484_G_A	14:79880337_G_T
14:78657484_G_A	14:79880961_T_C
14:78657484_G_A	14:79881121_G_A
14:78657484_G_A	14:79881135_C_A
14:78657484_G_A	14:79881414_T_C
14:78657484_G_A	14:79881572_C_T
14:78657484_G_A	14:79881713_G_A
14:78657484_G_A	14:79881911_T_C
14:78657484_G_A	14:79881998_A_G
14:78657484_G_A	14:79882678_T_C
14:78657484_G_A	14:79882904_A_G
14:78657484_G_A	14:79882913_A_G
14:78657484_G_A	14:79883298_A_G
14:78657484_G_A	14:79883825_T_C
14:78657484_G_A	14:79883925_A_G
14:78657484_G_A	14:79884306_GA_G
14:78657484_G_A	14:79884780_C_G
14:78657484_G_A	14:79884970_A_C
14:78657484_G_A	14:79885056_A_G
14:78657484_G_A	14:79885411_G_GA
14:78657484_G_A	14:79886715_C_T
14:78657484_G_A	14:79887369_G_A
14:78657484_G_A	14:79889064_A_G
14:78657484_G_A	14:79899454_C_T
14:78657484_G_A	14:79911681_C_CA
14:78657484_G_A	14:79930644_T_C
14:78657484_G_A	14:79932823_C_T
14:78657484_G_A	14:80074162_C_T
14:78657484_G_A	14:85576242_A_G
14:78657484_G_A	14:86687130_AT_A
14:78657484_G_A	14:88001351_G_T
14:78657484_G_A	14:88003045_T_C
14:78657484_G_A	14:88018654_G_A
14:78657484_G_A	14:88023251_A_T
14:78657484_G_A	14:88026252_G_C
14:78657484_G_A	14:88034538_C_G
14:78657484_G_A	14:88036861_T_C
14:78657484_G_A	14:88108630_G_A
14:78657484_G_A	14:88109178_A_AATT
14:78657484_G_A	14:88109783_C_CA
14:78657484_G_A	14:88110257_G_C
14:78657484_G_A	14:88110641_G_GGA
14:78657484_G_A	14:88111177_C_T
14:78657484_G_A	14:88114429_C_T
14:78657484_G_A	14:88114683_T_C
14:78657484_G_A	14:88115899_C_T
14:78657484_G_A	14:88115908_A_C
14:78657484_G_A	14:88117793_G_A
14:78657484_G_A	14:88118298_G_T
14:78657484_G_A	14:88120536_CTG_C
14:78657484_G_A	14:88120540_G_C
14:78657484_G_A	14:88120819_G_GT
14:78657484_G_A	14:88120857_T_G
14:78657484_G_A	14:88121506_C_T
14:78657484_G_A	14:88121669_G_A
14:78657484_G_A	14:88121681_A_G
14:78657484_G_A	14:88121925_G_A
14:78657484_G_A	14:88122321_ATATATATCTATATATATCGATATATAGAATATATATAGATATATATTC_A
14:78657484_G_A	14:88122403_T_G
14:78657484_G_A	14:88123452_T_C
14:78657484_G_A	14:88124609_T_C
14:78657484_G_A	14:88126241_C_T
14:78657484_G_A	14:88128503_G_A
14:78657484_G_A	14:88128690_A_T
14:78657484_G_A	14:88128921_C_CA
14:78657484_G_A	14:88130090_G_T
14:78657484_G_A	14:88130251_C_T
14:78657484_G_A	14:88130989_C_CA
14:78657484_G_A	14:88131179_G_A
14:78657484_G_A	14:88132775_G_A
14:78657484_G_A	14:88134991_G_C
22:47336894_CA_C	22:39689248_G_A
22:47336894_CA_C	22:39866938_T_C
22:47336894_CA_C	22:40566829_G_A
22:47336894_CA_C	22:41508710_A_ATTAT
22:47336894_CA_C	22:41516608_A_G
22:47336894_CA_C	22:41538111_C_G
22:47336894_CA_C	22:41549297_A_G
22:47336894_CA_C	22:41562177_A_G
22:47336894_CA_C	22:41567535_G_T
22:47336894_CA_C	22:41578333_A_G
22:47336894_CA_C	22:41804716_G_A
22:47336894_CA_C	22:41884954_A_G
22:47336894_CA_C	22:41892836_C_T
22:47336894_CA_C	22:42022647_G_T
22:47336894_CA_C	22:42060917_G_C
22:47336894_CA_C	22:42066127_C_T
22:47336894_CA_C	22:42125168_C_CAAA
22:47336894_CA_C	22:42188922_TAA_T
22:47336894_CA_C	22:42189230_T_C
22:47336894_CA_C	22:42189407_T_G
22:47336894_CA_C	22:42189551_A_G
22:47336894_CA_C	22:42194120_AACACACACACACACAC_A
22:47336894_CA_C	22:42194561_A_G
22:47336894_CA_C	22:42194567_C_G
22:47336894_CA_C	22:42194728_C_T
22:47336894_CA_C	22:42196467_A_G
22:47336894_CA_C	22:42199860_C_G
22:47336894_CA_C	22:42200324_A_C
22:47336894_CA_C	22:42201185_T_G
22:47336894_CA_C	22:42202825_T_C
22:47336894_CA_C	22:42233556_T_C
22:47336894_CA_C	22:42236193_T_A
22:47336894_CA_C	22:42236337_G_A
22:47336894_CA_C	22:42237565_C_T
22:47336894_CA_C	22:42237769_C_T
22:47336894_CA_C	22:42240797_C_T
22:47336894_CA_C	22:42243020_T_C
22:47336894_CA_C	22:42245763_C_T
22:47336894_CA_C	22:42245970_A_G
22:47336894_CA_C	22:42246392_C_T
22:47336894_CA_C	22:42285705_TA_T
22:47336894_CA_C	22:42311097_G_A
22:47336894_CA_C	22:42344297_G_A
22:47336894_CA_C	22:42344911_A_G
22:47336894_CA_C	22:42346475_G_A
22:47336894_CA_C	22:42346781_T_C
22:47336894_CA_C	22:42347371_G_T
22:47336894_CA_C	22:42347391_A_C
22:47336894_CA_C	22:42349134_T_G
22:47336894_CA_C	22:42349710_G_A
22:47336894_CA_C	22:42349994_CA_C
22:47336894_CA_C	22:42350127_G_A
22:47336894_CA_C	22:42351289_C_T
22:47336894_CA_C	22:42351309_G_A
22:47336894_CA_C	22:42351477_T_C
22:47336894_CA_C	22:42354567_T_G
22:47336894_CA_C	22:42355549_T_C
22:47336894_CA_C	22:42355563_C_G
22:47336894_CA_C	22:42356430_C_T
22:47336894_CA_C	22:42357140_GGA_G
22:47336894_CA_C	22:42360574_T_C
22:47336894_CA_C	22:42365073_G_T
22:47336894_CA_C	22:42441091_T_G
22:47336894_CA_C	22:42453772_T_C
22:47336894_CA_C	22:42472237_A_C
22:47336894_CA_C	22:42492985_G_A
22:47336894_CA_C	22:42502070_A_G
22:47336894_CA_C	22:42511727_G_T
22:47336894_CA_C	22:42516366_C_T
22:47336894_CA_C	22:42517471_A_T
22:47336894_CA_C	22:42517922_T_A
22:47336894_CA_C	22:42524947_C_T
22:47336894_CA_C	22:42537227_T_C
22:47336894_CA_C	22:42538071_G_C
22:47336894_CA_C	22:42538084_C_T
22:47336894_CA_C	22:42541328_G_A
22:47336894_CA_C	22:42546852_G_A
22:47336894_CA_C	22:42547229_C_T
22:47336894_CA_C	22:42547317_A_G
22:47336894_CA_C	22:42547409_C_T
22:47336894_CA_C	22:42547755_C_G
22:47336894_CA_C	22:42548094_A_G
22:47336894_CA_C	22:42548178_A_G
22:47336894_CA_C	22:42549164_A_G
22:47336894_CA_C	22:42550287_A_G
22:47336894_CA_C	22:42551344_G_A
22:47336894_CA_C	22:42553353_G_A
22:47336894_CA_C	22:42554409_G_T
22:47336894_CA_C	22:42561365_A_G
22:47336894_CA_C	22:42563308_C_T
22:47336894_CA_C	22:42563525_AT_A
22:47336894_CA_C	22:42563532_T_G
22:47336894_CA_C	22:42563889_C_T
22:47336894_CA_C	22:42563933_C_T
22:47336894_CA_C	22:42564304_C_T
22:47336894_CA_C	22:42567451_A_G
22:47336894_CA_C	22:42569247_A_AT
22:47336894_CA_C	22:42569298_C_A
22:47336894_CA_C	22:42572363_G_A
22:47336894_CA_C	22:42572547_C_T
22:47336894_CA_C	22:42574555_C_T
22:47336894_CA_C	22:42578596_T_C
22:47336894_CA_C	22:42580933_A_C
22:47336894_CA_C	22:42582394_T_C
22:47336894_CA_C	22:42594671_G_GTT
22:47336894_CA_C	22:42595258_G_C
22:47336894_CA_C	22:42612408_T_C
22:47336894_CA_C	22:42614823_C_CTGT
22:47336894_CA_C	22:42614904_GA_G
22:47336894_CA_C	22:42617177_T_C
22:47336894_CA_C	22:42617411_T_C
22:47336894_CA_C	22:42618494_A_AC
22:47336894_CA_C	22:42618669_A_G
22:47336894_CA_C	22:42619067_A_G
22:47336894_CA_C	22:42619308_A_G
22:47336894_CA_C	22:42623258_G_A
22:47336894_CA_C	22:42625509_C_G
22:47336894_CA_C	22:42628335_A_G
22:47336894_CA_C	22:42632833_G_A
22:47336894_CA_C	22:42633054_T_C
22:47336894_CA_C	22:42633204_G_A
22:47336894_CA_C	22:42634950_T_C
22:47336894_CA_C	22:42634964_AT_A
22:47336894_CA_C	22:42634968_A_AG
22:47336894_CA_C	22:42634980_C_T
22:47336894_CA_C	22:42634984_T_C
22:47336894_CA_C	22:42638205_C_T
22:47336894_CA_C	22:42640922_CA_C
22:47336894_CA_C	22:42642576_T_C
22:47336894_CA_C	22:42644471_C_T
22:47336894_CA_C	22:42645091_A_G
22:47336894_CA_C	22:42645202_C_T
22:47336894_CA_C	22:42648117_A_AT
22:47336894_CA_C	22:42648353_T_G
22:47336894_CA_C	22:42649509_C_T
22:47336894_CA_C	22:42651536_A_C
22:47336894_CA_C	22:42654327_C_G
22:47336894_CA_C	22:42655377_G_T
22:47336894_CA_C	22:42656588_A_T
22:47336894_CA_C	22:42660414_A_G
22:47336894_CA_C	22:42664162_T_TAAATA
22:47336894_CA_C	22:42664883_T_A
22:47336894_CA_C	22:42667473_A_G
22:47336894_CA_C	22:42668295_C_G
22:47336894_CA_C	22:42668504_G_C
22:47336894_CA_C	22:42669641_T_TA
22:47336894_CA_C	22:43787349_A_C
22:47336894_CA_C	22:43900888_T_A
22:47336894_CA_C	22:43912319_C_T
22:47336894_CA_C	22:43914396_G_A
22:47336894_CA_C	22:43920777_G_A
22:47336894_CA_C	22:43924426_T_TA
22:47336894_CA_C	22:43926857_CAAGAAGGGGT_C
22:47336894_CA_C	22:43928260_T_A
22:47336894_CA_C	22:43928898_G_A
22:47336894_CA_C	22:43929097_G_A
22:47336894_CA_C	22:43989165_G_C
22:47336894_CA_C	22:44004305_C_G
22:47336894_CA_C	22:45463379_CA_C
22:47336894_CA_C	22:45466787_G_C
22:47336894_CA_C	22:45466909_T_G
22:47336894_CA_C	22:49024064_T_C
22:47336894_CA_C	22:49024843_A_G
22:47336894_CA_C	22:49025257_A_G
22:47336894_CA_C	22:49026616_G_GCTT
22:47336894_CA_C	22:49026883_T_C
22:47336894_CA_C	22:49027339_G_C
22:47336894_CA_C	22:49028568_A_G
22:47336894_CA_C	22:49029344_G_C
22:47336894_CA_C	22:49029932_G_GCTCA
22:47336894_CA_C	22:49030307_CTTTACTCA_C
22:47336894_CA_C	22:49030831_T_C
22:47336894_CA_C	22:49031171_A_G
22:47336894_CA_C	22:49031234_C_T
22:47336894_CA_C	22:49033600_A_G
22:47336894_CA_C	22:49034746_C_CA
6:54008015_CT_C	6:46726441_G_C
6:54008015_CT_C	6:51405556_C_T
6:54008015_CT_C	6:51409684_A_T
6:54008015_CT_C	6:51409917_G_A
6:54008015_CT_C	6:51410511_T_C
6:54008015_CT_C	6:51412342_T_C
6:54008015_CT_C	6:51414804_A_T
6:54008015_CT_C	6:51415450_A_T
6:54008015_CT_C	6:51429224_G_A
6:54008015_CT_C	6:51434479_A_G
6:54008015_CT_C	6:51434574_G_T
6:54008015_CT_C	6:51434622_G_C
6:54008015_CT_C	6:51435344_G_A
6:54008015_CT_C	6:51435576_T_C
6:54008015_CT_C	6:51437649_G_A
6:54008015_CT_C	6:51437685_A_C
6:54008015_CT_C	6:51437844_A_G
6:54008015_CT_C	6:51437893_A_G
6:54008015_CT_C	6:51438827_T_TA
6:54008015_CT_C	6:51441399_C_T
6:54008015_CT_C	6:51441487_G_T
6:54008015_CT_C	6:51441669_A_G
6:54008015_CT_C	6:51442266_T_TTGTCA
6:54008015_CT_C	6:51443484_A_C
6:54008015_CT_C	6:51450023_AGTTAT_A
6:54008015_CT_C	6:51455331_A_T
6:54008015_CT_C	6:51462600_G_A
6:54008015_CT_C	6:51464718_C_T
6:54008015_CT_C	6:51464929_A_G
6:54008015_CT_C	6:51470089_TGACAGAAGA_T
6:54008015_CT_C	6:51470103_CA_C
6:54008015_CT_C	6:52205634_C_T
6:54008015_CT_C	6:52814675_T_C
6:54008015_CT_C	6:52819056_G_A
6:54008015_CT_C	6:52820382_G_A
6:54008015_CT_C	6:52828213_C_A
6:54008015_CT_C	6:53938931_C_A
6:54008015_CT_C	6:54007719_A_C
18:13209121_C_A	18:4757417_G_A
18:13209121_C_A	18:4757970_A_T
18:13209121_C_A	18:5515830_C_T
18:13209121_C_A	18:10726606_GGGACGCCGACGTGCGCT_G
18:13209121_C_A	18:12166154_C_T
18:13209121_C_A	18:12287520_G_A
18:13209121_C_A	18:12430745_GTGTGTGTGCA_G
18:13209121_C_A	18:12676458_G_GAGAT
18:13209121_C_A	18:13180638_A_C
18:13209121_C_A	18:13185749_A_G
18:13209121_C_A	18:13195866_A_G
18:13209121_C_A	18:13200249_C_T
18:13209121_C_A	18:13201688_G_T
18:13209121_C_A	18:13204759_C_T
18:13209121_C_A	18:13204927_G_A
18:13209121_C_A	18:13205610_T_A
18:13209121_C_A	18:13206180_AT_A
18:13209121_C_A	18:13212708_G_GTTA
18:13209121_C_A	18:13213864_G_C
18:13209121_C_A	18:13218463_C_T
18:13209121_C_A	18:13221311_T_C
18:13209121_C_A	18:13226014_A_C
18:13209121_C_A	18:13230642_G_A
18:13209121_C_A	18:13233905_C_G
18:13209121_C_A	18:13233992_T_G
18:13209121_C_A	18:13238259_T_C
18:13209121_C_A	18:13238647_T_G
18:13209121_C_A	18:13239191_A_AAAAG
18:13209121_C_A	18:13244963_C_T
18:13209121_C_A	18:13245811_C_G
18:13209121_C_A	18:13247331_T_TA
18:13209121_C_A	18:13247332_G_T
18:13209121_C_A	18:13337042_T_C
18:13209121_C_A	18:19486319_G_A
18:13209121_C_A	18:22674503_C_G
18:13209121_C_A	18:22950087_A_G
5:122444385_A_T	5:113037219_G_A
5:122444385_A_T	5:113742042_T_C
5:122444385_A_T	5:122005097_T_G
5:122444385_A_T	5:122042408_A_T
5:122444385_A_T	5:122042452_A_G
5:122444385_A_T	5:122043333_C_CTT
5:122444385_A_T	5:122047312_T_C
5:122444385_A_T	5:122050129_A_G
5:122444385_A_T	5:122051006_A_G
5:122444385_A_T	5:122052135_C_T
5:122444385_A_T	5:122052223_T_C
5:122444385_A_T	5:122054600_C_CT
5:122444385_A_T	5:122054688_T_C
5:122444385_A_T	5:122054920_G_A
5:122444385_A_T	5:122054972_A_G
5:122444385_A_T	5:122055238_A_G
5:122444385_A_T	5:122055464_G_T
5:122444385_A_T	5:122055602_C_T
5:122444385_A_T	5:122057999_C_T
5:122444385_A_T	5:122064769_A_G
5:122444385_A_T	5:122066146_C_T
5:122444385_A_T	5:122066554_T_C
5:122444385_A_T	5:122066602_G_A
5:122444385_A_T	5:122066666_T_C
5:122444385_A_T	5:122066680_C_T
5:122444385_A_T	5:122066692_C_T
5:122444385_A_T	5:122069246_T_G
5:122444385_A_T	5:122069447_G_C
5:122444385_A_T	5:122070002_T_C
5:122444385_A_T	5:122073275_A_T
5:122444385_A_T	5:122073550_T_G
5:122444385_A_T	5:122074506_C_T
5:122444385_A_T	5:122075309_C_CT
5:122444385_A_T	5:122075312_C_CTTT
5:122444385_A_T	5:122076009_T_C
5:122444385_A_T	5:122076097_C_CCGTG
5:122444385_A_T	5:122076344_G_A
5:122444385_A_T	5:122077077_A_T
5:122444385_A_T	5:122077475_C_T
5:122444385_A_T	5:122079673_A_T
5:122444385_A_T	5:122080320_C_CA
5:122444385_A_T	5:122080371_A_T
5:122444385_A_T	5:122080600_G_C
5:122444385_A_T	5:122081200_C_T
5:122444385_A_T	5:122081253_T_G
5:122444385_A_T	5:122081277_C_T
5:122444385_A_T	5:122081840_C_T
5:122444385_A_T	5:122081942_G_A
5:122444385_A_T	5:122082786_T_C
5:122444385_A_T	5:122083780_A_G
5:122444385_A_T	5:122084007_A_G
5:122444385_A_T	5:122084771_A_G
5:122444385_A_T	5:122084926_C_G
5:122444385_A_T	5:122085961_G_A
5:122444385_A_T	5:122085983_T_C
5:122444385_A_T	5:122086938_G_A
5:122444385_A_T	5:122087282_C_T
5:122444385_A_T	5:122087298_T_C
5:122444385_A_T	5:122087768_A_G
5:122444385_A_T	5:122088040_G_T
5:122444385_A_T	5:122088686_C_T
5:122444385_A_T	5:122088731_T_C
5:122444385_A_T	5:122088838_A_T
5:122444385_A_T	5:122089106_C_A
5:122444385_A_T	5:122089108_G_A
5:122444385_A_T	5:122089430_AG_A
5:122444385_A_T	5:122090442_G_A
5:122444385_A_T	5:122090645_C_T
5:122444385_A_T	5:122090900_C_T
5:122444385_A_T	5:122092875_A_C
5:122444385_A_T	5:122093740_T_C
5:122444385_A_T	5:122098493_A_AC
5:122444385_A_T	5:122100398_C_T
5:122444385_A_T	5:122101050_T_C
5:122444385_A_T	5:122101327_A_G
5:122444385_A_T	5:122102277_T_C
5:122444385_A_T	5:122102442_A_G
5:122444385_A_T	5:122103977_A_C
5:122444385_A_T	5:122105080_T_A
5:122444385_A_T	5:122108017_G_A
5:122444385_A_T	5:122108890_C_G
5:122444385_A_T	5:122111210_G_C
5:122444385_A_T	5:122113756_G_A
5:122444385_A_T	5:122116232_A_G
5:122444385_A_T	5:122116271_C_T
5:122444385_A_T	5:122116706_G_C
5:122444385_A_T	5:122118293_A_G
5:122444385_A_T	5:122121504_C_G
5:122444385_A_T	5:122122160_T_G
5:122444385_A_T	5:122126848_T_C
5:122444385_A_T	5:122126904_T_C
5:122444385_A_T	5:122127266_T_C
5:122444385_A_T	5:122128711_T_C
5:122444385_A_T	5:122129605_T_TC
5:122444385_A_T	5:122132725_T_C
5:122444385_A_T	5:122137708_A_G
5:122444385_A_T	5:122139008_GT_G
5:122444385_A_T	5:122139685_G_T
5:122444385_A_T	5:122141707_G_C
5:122444385_A_T	5:122145636_T_C
5:122444385_A_T	5:122145781_C_T
5:122444385_A_T	5:122146272_C_T
5:122444385_A_T	5:122146831_C_T
5:122444385_A_T	5:122146978_C_G
5:122444385_A_T	5:122153569_C_T
5:122444385_A_T	5:122159047_AT_A
5:122444385_A_T	5:122161638_A_C
5:122444385_A_T	5:122161961_A_AT
5:122444385_A_T	5:122174031_G_A
5:122444385_A_T	5:122175183_A_ATT
5:122444385_A_T	5:122179357_C_G
5:122444385_A_T	5:122182970_C_T
5:122444385_A_T	5:122184409_AAAAAAT_A
5:122444385_A_T	5:122184759_G_A
5:122444385_A_T	5:122185421_T_A
5:122444385_A_T	5:122191145_G_T
5:122444385_A_T	5:122192035_A_G
5:122444385_A_T	5:122193725_C_T
5:122444385_A_T	5:122199196_C_T
5:122444385_A_T	5:122201033_TTA_T
5:122444385_A_T	5:122202781_A_G
5:122444385_A_T	5:122204772_A_T
5:122444385_A_T	5:122209192_G_A
5:122444385_A_T	5:122230678_ATCACT_A
5:122444385_A_T	5:122242409_G_A
5:122444385_A_T	5:122319985_G_GA
5:122444385_A_T	5:122341654_T_A
5:122444385_A_T	5:122351387_CA_C
5:122444385_A_T	5:122351856_C_T
5:122444385_A_T	5:122352833_T_C
5:122444385_A_T	5:122373399_T_A
5:122444385_A_T	5:122444585_A_G
5:122444385_A_T	5:122446619_C_A
5:122444385_A_T	5:122446856_C_G
5:122444385_A_T	5:122448701_A_G
5:122444385_A_T	5:122453420_C_A
5:122444385_A_T	5:122453473_AT_A
5:122444385_A_T	5:122453586_G_C
5:122444385_A_T	5:122453933_T_C
5:122444385_A_T	5:122454305_A_G
5:122444385_A_T	5:122454354_C_T
5:122444385_A_T	5:122454550_C_T
5:122444385_A_T	5:122454845_T_A
5:122444385_A_T	5:122454975_T_G
5:122444385_A_T	5:122456021_A_G
5:122444385_A_T	5:122459145_G_T
5:122444385_A_T	5:122461259_C_G
5:122444385_A_T	5:122464635_A_G
5:122444385_A_T	5:122467316_T_C
5:122444385_A_T	5:122469524_CA_C
5:122444385_A_T	5:122470209_C_T
5:122444385_A_T	5:122470647_C_A
5:122444385_A_T	5:122470763_T_A
5:122444385_A_T	5:122470831_T_G
5:122444385_A_T	5:122471989_T_C
5:122444385_A_T	5:122472077_G_C
5:122444385_A_T	5:122472098_C_T
5:122444385_A_T	5:122472386_G_C
5:122444385_A_T	5:122472556_A_ATG
5:122444385_A_T	5:122472792_G_A
5:122444385_A_T	5:122472817_G_C
5:122444385_A_T	5:122473190_A_T
5:122444385_A_T	5:122473199_A_G
5:122444385_A_T	5:122473432_A_G
5:122444385_A_T	5:122473457_T_C
5:122444385_A_T	5:122473483_T_TA
5:122444385_A_T	5:122473514_C_T
5:122444385_A_T	5:122475196_G_A
5:122444385_A_T	5:122475437_T_C
5:122444385_A_T	5:122475438_G_A
5:122444385_A_T	5:122475779_G_A
5:122444385_A_T	5:122476934_C_A
5:122444385_A_T	5:122478001_G_GCTTCA
5:122444385_A_T	5:122478676_C_A
5:122444385_A_T	5:122478931_T_A
5:122444385_A_T	5:122479838_G_T
5:122444385_A_T	5:122480261_G_A
5:122444385_A_T	5:122480609_T_C
5:122444385_A_T	5:122480902_T_C
5:122444385_A_T	5:122481429_AAT_A
5:122444385_A_T	5:122481928_T_C
5:122444385_A_T	5:122483142_G_A
5:122444385_A_T	5:122483513_A_G
5:122444385_A_T	5:122483766_A_C
5:122444385_A_T	5:122483855_T_A
5:122444385_A_T	5:122484454_C_G
5:122444385_A_T	5:122484529_A_C
5:122444385_A_T	5:122485629_G_A
5:122444385_A_T	5:122485659_A_C
5:122444385_A_T	5:122485679_G_A
5:122444385_A_T	5:122485731_A_G
5:122444385_A_T	5:122485955_T_C
5:122444385_A_T	5:122486143_A_T
5:122444385_A_T	5:122486729_A_G
5:122444385_A_T	5:122487045_C_T
5:122444385_A_T	5:122487404_T_C
5:122444385_A_T	5:122487549_T_C
5:122444385_A_T	5:122487696_A_C
5:122444385_A_T	5:122489095_G_A
5:122444385_A_T	5:122490489_C_A
5:122444385_A_T	5:122501864_A_G
5:122444385_A_T	5:122502872_T_C
5:122444385_A_T	5:122514120_C_T
5:122444385_A_T	5:124138095_T_A
5:122444385_A_T	5:124146378_G_T
5:122444385_A_T	5:124150907_C_A
5:122444385_A_T	5:124154976_T_G
5:122444385_A_T	5:124156790_G_A
5:122444385_A_T	5:124165346_C_T
5:122444385_A_T	5:124174359_C_A
5:122444385_A_T	5:124178242_T_G
5:122444385_A_T	5:124184779_G_A
5:122444385_A_T	5:124184812_T_C
5:122444385_A_T	5:124185159_T_C
5:122444385_A_T	5:124187125_A_AT
5:122444385_A_T	5:124189913_T_G
5:122444385_A_T	5:124190097_T_C
5:122444385_A_T	5:124191944_T_G
5:122444385_A_T	5:124193377_C_T
5:122444385_A_T	5:124193730_C_T
5:122444385_A_T	5:124193746_C_T
5:122444385_A_T	5:124196772_C_G
5:122444385_A_T	5:124198400_G_A
5:122444385_A_T	5:124198844_C_T
5:122444385_A_T	5:124199262_CCT_C
5:122444385_A_T	5:124199302_G_T
5:137167674_TA_T	5:127626606_A_G
5:137167674_TA_T	5:137049448_T_C
5:137167674_TA_T	5:137070445_A_G
5:137167674_TA_T	5:137119168_G_A
5:137167674_TA_T	5:137140297_G_A
5:137167674_TA_T	5:137179924_C_T
5:137167674_TA_T	5:137181247_G_GAGA
5:137167674_TA_T	5:137190041_C_A
5:137167674_TA_T	5:137200352_C_CT
5:137167674_TA_T	5:137210651_C_T
5:137167674_TA_T	5:137245067_C_T
5:137167674_TA_T	5:137247940_T_C
5:137167674_TA_T	5:137248721_G_A
5:137167674_TA_T	5:137264921_C_T
5:137167674_TA_T	5:137276668_C_A
5:137167674_TA_T	5:137304877_C_T
5:137167674_TA_T	5:137305128_C_T
5:137167674_TA_T	5:137306635_C_G
5:137167674_TA_T	5:137306639_G_C
5:137167674_TA_T	5:137310312_A_T
5:137167674_TA_T	5:137318234_A_AACC
5:137167674_TA_T	5:137360166_T_G
5:137167674_TA_T	5:137366099_CT_C
5:137167674_TA_T	5:137371458_C_T
5:137167674_TA_T	5:137381550_C_T
5:137167674_TA_T	5:137388440_A_G
5:137167674_TA_T	5:137403095_T_A
5:137167674_TA_T	5:137405829_C_T
5:137167674_TA_T	5:137406390_G_A
5:137167674_TA_T	5:137406733_C_T
5:137167674_TA_T	5:137410691_CA_C
5:137167674_TA_T	5:137412963_T_C
5:137167674_TA_T	5:137419728_T_C
5:137167674_TA_T	5:137421274_A_G
5:137167674_TA_T	5:137434172_C_T
5:137167674_TA_T	5:137440090_G_A
5:137167674_TA_T	5:137441664_T_A
5:137167674_TA_T	5:137442403_CT_C
5:137167674_TA_T	5:137443486_T_C
5:137167674_TA_T	5:137446998_T_C
5:137167674_TA_T	5:137449954_C_T
5:137167674_TA_T	5:137455350_AT_A
5:137167674_TA_T	5:137455632_A_AT
5:137167674_TA_T	5:137459469_T_C
5:137167674_TA_T	5:137460383_T_A
5:137167674_TA_T	5:137460889_G_C
5:137167674_TA_T	5:137462659_G_A
5:137167674_TA_T	5:137467433_T_A
5:137167674_TA_T	5:137468635_T_G
5:137167674_TA_T	5:137470531_C_CAGCCTCCCGA
5:137167674_TA_T	5:137472384_C_T
5:137167674_TA_T	5:137472398_C_T
5:137167674_TA_T	5:137472454_G_C
5:137167674_TA_T	5:137473517_G_A
5:137167674_TA_T	5:137475787_C_T
5:137167674_TA_T	5:137479304_A_G
5:137167674_TA_T	5:137479315_G_C
5:137167674_TA_T	5:137479789_A_AGACCACGAACCCAACGG
5:137167674_TA_T	5:137480666_G_C
5:137167674_TA_T	5:137487341_TA_T
5:137167674_TA_T	5:137487841_G_A
5:137167674_TA_T	5:137490836_TTGAG_T
5:137167674_TA_T	5:137490974_A_G
5:137167674_TA_T	5:137493528_T_C
5:137167674_TA_T	5:137493897_T_C
5:137167674_TA_T	5:137498105_G_A
5:137167674_TA_T	5:137501003_T_C
5:137167674_TA_T	5:137501193_T_C
5:137167674_TA_T	5:137501396_A_C
5:137167674_TA_T	5:137508336_G_A
5:137167674_TA_T	5:137509086_CA_C
5:137167674_TA_T	5:137510357_T_C
5:137167674_TA_T	5:137511801_T_C
5:137167674_TA_T	5:137512178_G_A
5:137167674_TA_T	5:137513056_T_TA
5:137167674_TA_T	5:137514641_A_T
5:137167674_TA_T	5:137514815_C_T
5:137167674_TA_T	5:137514853_A_G
5:137167674_TA_T	5:137523430_T_C
5:137167674_TA_T	5:137528835_A_T
5:137167674_TA_T	5:137529682_G_C
5:137167674_TA_T	5:137533159_T_C
5:137167674_TA_T	5:137533279_G_A
5:137167674_TA_T	5:137535133_G_A
5:137167674_TA_T	5:137539239_C_T
5:137167674_TA_T	5:137539466_G_A
5:137167674_TA_T	5:137540193_CA_C
5:137167674_TA_T	5:137543135_T_C
5:137167674_TA_T	5:137543713_T_C
5:137167674_TA_T	5:137547675_T_C
5:137167674_TA_T	5:137548229_ACTCC_A
5:137167674_TA_T	5:137548289_G_A
5:137167674_TA_T	5:137548485_AC_A
5:137167674_TA_T	5:137550054_C_T
5:137167674_TA_T	5:137550604_CA_C
5:137167674_TA_T	5:137551219_C_CA
5:137167674_TA_T	5:137552970_T_C
5:137167674_TA_T	5:137555097_G_A
5:137167674_TA_T	5:137555421_CT_C
5:137167674_TA_T	5:137555500_G_A
5:137167674_TA_T	5:137557361_G_A
5:137167674_TA_T	5:137557609_T_C
5:137167674_TA_T	5:137561186_T_C
5:137167674_TA_T	5:137562179_T_C
5:137167674_TA_T	5:137563954_C_T
5:137167674_TA_T	5:137564115_A_G
5:137167674_TA_T	5:137564588_G_A
5:137167674_TA_T	5:137568701_T_C
5:137167674_TA_T	5:137569631_CT_C
5:137167674_TA_T	5:137577870_G_T
5:137167674_TA_T	5:137580418_T_A
5:137167674_TA_T	5:137581901_C_T
5:137167674_TA_T	5:137583316_G_A
5:137167674_TA_T	5:137583916_G_C
5:137167674_TA_T	5:137584080_T_C
5:137167674_TA_T	5:137584957_G_A
5:137167674_TA_T	5:137587670_CAGAT_C
5:137167674_TA_T	5:137587806_A_G
5:137167674_TA_T	5:137588340_T_A
5:137167674_TA_T	5:137590712_GAGGA_G
5:137167674_TA_T	5:137590786_G_A
5:137167674_TA_T	5:137591588_CA_C
5:137167674_TA_T	5:137591602_A_G
5:137167674_TA_T	5:137591875_G_A
5:137167674_TA_T	5:137591919_T_TA
5:137167674_TA_T	5:137591953_T_C
5:137167674_TA_T	5:137592254_A_C
5:137167674_TA_T	5:137600933_T_G
5:137167674_TA_T	5:137601014_T_C
5:137167674_TA_T	5:137601109_A_G
5:137167674_TA_T	5:137602546_C_T
5:137167674_TA_T	5:137607680_T_C
5:137167674_TA_T	5:137612484_T_TAG
5:137167674_TA_T	5:137614925_AT_A
5:137167674_TA_T	5:137617438_G_C
5:137167674_TA_T	5:137617643_G_A
5:137167674_TA_T	5:140838080_G_GT
5:137167674_TA_T	5:141761261_C_T
5:137167674_TA_T	5:141762950_C_T
5:137167674_TA_T	5:141764051_T_G
5:137167674_TA_T	5:141820256_T_C
5:137167674_TA_T	5:142358312_CT_C
5:137167674_TA_T	5:142492494_A_C
5:137167674_TA_T	5:142500828_C_T
5:137167674_TA_T	5:143580782_T_G
19:4785327_G_A	19:1857594_G_A
19:4785327_G_A	19:2822773_A_G
19:4785327_G_A	19:2822775_G_A
19:4785327_G_A	19:2825291_T_C
19:4785327_G_A	19:2825350_C_T
19:4785327_G_A	19:2825525_A_T
19:4785327_G_A	19:2826002_A_G
19:4785327_G_A	19:2843957_A_G
19:4785327_G_A	19:2867737_C_T
19:4785327_G_A	19:4754251_G_A
19:4785327_G_A	19:4756448_C_G
19:4785327_G_A	19:4759978_A_G
19:4785327_G_A	19:4760816_G_A
19:4785327_G_A	19:4764306_A_G
19:4785327_G_A	19:4767780_A_G
19:4785327_G_A	19:4771806_A_G
19:4785327_G_A	19:4772036_A_C
19:4785327_G_A	19:4773343_G_A
19:4785327_G_A	19:4778357_T_C
19:4785327_G_A	19:4778589_G_C
19:4785327_G_A	19:4778897_G_C
19:4785327_G_A	19:4784733_C_T
19:4785327_G_A	19:4784920_C_T
19:4785327_G_A	19:4786174_ATCG_A
19:4785327_G_A	19:4786755_C_G
19:4785327_G_A	19:4787763_C_T
19:4785327_G_A	19:4788791_G_A
19:4785327_G_A	19:4789861_T_C
19:4785327_G_A	19:4789873_G_A
19:4785327_G_A	19:4790442_C_T
19:4785327_G_A	19:4791107_AAAG_A
19:4785327_G_A	19:4794257_T_G
19:4785327_G_A	19:4794948_A_AAACCTCAC
19:4785327_G_A	19:4795289_G_A
19:4785327_G_A	19:4795342_G_A
19:4785327_G_A	19:4795647_G_C
19:4785327_G_A	19:4795751_C_A
19:4785327_G_A	19:4795754_C_T
19:4785327_G_A	19:4795773_G_A
19:4785327_G_A	19:4796132_C_T
19:4785327_G_A	19:4796200_C_CA
19:4785327_G_A	19:4796448_G_C
19:4785327_G_A	19:4796492_C_T
19:4785327_G_A	19:4797288_C_G
19:4785327_G_A	19:4797319_A_G
19:4785327_G_A	19:4797363_T_C
19:4785327_G_A	19:4797606_AAG_A
19:4785327_G_A	19:4798021_C_T
19:4785327_G_A	19:4798063_G_A
19:4785327_G_A	19:4798065_T_A
19:4785327_G_A	19:4798105_T_C
19:4785327_G_A	19:4799087_A_G
19:4785327_G_A	19:4799287_A_G
19:4785327_G_A	19:4799295_A_G
19:4785327_G_A	19:4799430_C_A
19:4785327_G_A	19:4799679_G_A
19:4785327_G_A	19:4802424_CT_C
19:4785327_G_A	19:4804212_A_T
19:4785327_G_A	19:4805003_T_C
19:4785327_G_A	19:4805095_C_G
19:4785327_G_A	19:4805983_C_G
19:4785327_G_A	19:4806381_C_G
19:4785327_G_A	19:4806639_A_G
19:4785327_G_A	19:4806640_T_G
19:4785327_G_A	19:4806705_T_G
19:4785327_G_A	19:4807247_C_T
19:4785327_G_A	19:4807893_G_C
19:4785327_G_A	19:4808305_C_T
19:4785327_G_A	19:4808789_G_A
19:4785327_G_A	19:4812368_C_T
19:4785327_G_A	19:4815359_GTTCA_G
19:4785327_G_A	19:4815467_G_T
19:4785327_G_A	19:4818487_C_A
19:4785327_G_A	19:4818488_C_G
19:4785327_G_A	19:4820670_T_C
19:4785327_G_A	19:4821164_C_T
19:4785327_G_A	19:4821898_T_C
19:4785327_G_A	19:4828938_C_T
19:4785327_G_A	19:5148383_G_A
19:4785327_G_A	19:5149033_C_T
19:4785327_G_A	19:5187121_A_G
19:4785327_G_A	19:5188319_T_C
19:4785327_G_A	19:5190338_CAA_C
19:4785327_G_A	19:5192090_GCT_G
19:4785327_G_A	19:8156221_A_G
19:4785327_G_A	19:8156260_C_T
19:4785327_G_A	19:8156523_T_C
19:4785327_G_A	19:8156622_T_C
19:4785327_G_A	19:14718182_A_AT
1:209514460_A_G	1:203499073_A_G
1:209514460_A_G	1:203544455_T_C
1:209514460_A_G	1:204979752_G_A
1:209514460_A_G	1:209099128_G_GC
1:209514460_A_G	1:209375114_C_T
1:209514460_A_G	1:209436565_C_T
1:209514460_A_G	1:209446141_G_A
1:209514460_A_G	1:209447982_AT_A
1:209514460_A_G	1:209449735_A_G
1:209514460_A_G	1:209458150_G_A
1:209514460_A_G	1:209471321_CAT_C
1:209514460_A_G	1:209480695_GA_G
1:209514460_A_G	1:209487905_C_T
1:209514460_A_G	1:209488744_T_C
1:209514460_A_G	1:209491278_C_T
1:209514460_A_G	1:209493291_G_C
1:209514460_A_G	1:209493348_C_T
1:209514460_A_G	1:209494692_A_G
1:209514460_A_G	1:209497471_A_G
1:209514460_A_G	1:209498048_C_CT
1:209514460_A_G	1:209500469_TC_T
1:209514460_A_G	1:209503233_T_G
1:209514460_A_G	1:209503931_T_G
1:209514460_A_G	1:209509678_C_T
1:209514460_A_G	1:209509883_A_G
1:209514460_A_G	1:209510308_A_C
1:209514460_A_G	1:209510317_T_C
1:209514460_A_G	1:209511150_A_G
1:209514460_A_G	1:209512734_A_AT
1:209514460_A_G	1:209513037_T_C
1:209514460_A_G	1:214486947_C_G
1:209514460_A_G	1:218328472_T_A
20:13043014_A_C	20:7133039_A_T
20:13043014_A_C	20:7134653_G_A
20:13043014_A_C	20:7137757_A_C
20:13043014_A_C	20:7142997_G_A
20:13043014_A_C	20:7164725_G_A
20:13043014_A_C	20:7164922_G_A
20:13043014_A_C	20:11787725_A_AT
20:13043014_A_C	20:11809442_T_C
20:13043014_A_C	20:11818882_T_C
20:13043014_A_C	20:11821024_T_C
20:13043014_A_C	20:11821343_T_C
20:13043014_A_C	20:11821388_A_G
20:13043014_A_C	20:11821510_A_G
20:13043014_A_C	20:11821582_G_C
20:13043014_A_C	20:11821739_A_C
20:13043014_A_C	20:11821817_C_G
20:13043014_A_C	20:11822125_A_G
20:13043014_A_C	20:11822147_C_T
20:13043014_A_C	20:11822578_A_T
20:13043014_A_C	20:11822609_C_CT
20:13043014_A_C	20:11823433_C_T
20:13043014_A_C	20:11824434_T_C
20:13043014_A_C	20:11824471_G_C
20:13043014_A_C	20:11825678_G_T
20:13043014_A_C	20:11830963_C_A
20:13043014_A_C	20:11832033_T_C
20:13043014_A_C	20:11834294_C_T
20:13043014_A_C	20:11836330_G_A
20:13043014_A_C	20:11845553_C_G
20:13043014_A_C	20:11845930_G_T
20:13043014_A_C	20:11846950_G_A
20:13043014_A_C	20:11847252_T_C
20:13043014_A_C	20:11850961_C_A
20:13043014_A_C	20:11851106_A_T
20:13043014_A_C	20:11851393_G_A
20:13043014_A_C	20:11853177_T_G
20:13043014_A_C	20:11854530_T_G
20:13043014_A_C	20:11855394_A_G
20:13043014_A_C	20:11856040_C_T
20:13043014_A_C	20:11856972_C_T
20:13043014_A_C	20:11860508_A_C
20:13043014_A_C	20:11862199_G_A
20:13043014_A_C	20:11862303_T_C
20:13043014_A_C	20:11862360_C_T
20:13043014_A_C	20:11862983_A_G
20:13043014_A_C	20:11863289_G_GA
20:13043014_A_C	20:11863335_A_G
20:13043014_A_C	20:11864449_CTGT_C
20:13043014_A_C	20:11864486_C_G
20:13043014_A_C	20:11864702_A_G
20:13043014_A_C	20:11864738_G_A
20:13043014_A_C	20:11865107_T_C
20:13043014_A_C	20:11865359_A_G
20:13043014_A_C	20:11865712_AT_A
20:13043014_A_C	20:11865731_C_T
20:13043014_A_C	20:11866118_A_G
20:13043014_A_C	20:11866323_T_C
20:13043014_A_C	20:11866520_G_T
20:13043014_A_C	20:11866961_T_C
20:13043014_A_C	20:11867241_T_C
20:13043014_A_C	20:11868378_G_GAGTC
20:13043014_A_C	20:11869164_C_T
20:13043014_A_C	20:11869170_T_C
20:13043014_A_C	20:11869609_T_A
20:13043014_A_C	20:11869791_T_C
20:13043014_A_C	20:11871253_G_C
20:13043014_A_C	20:11873282_C_T
20:13043014_A_C	20:11874099_C_T
20:13043014_A_C	20:11874454_A_G
20:13043014_A_C	20:11874462_C_CTTTT
20:13043014_A_C	20:11875290_C_T
20:13043014_A_C	20:11875313_A_G
20:13043014_A_C	20:11876481_G_A
20:13043014_A_C	20:11883705_A_G
20:13043014_A_C	20:11886935_C_T
20:13043014_A_C	20:11890873_G_GA
20:13043014_A_C	20:11891608_A_G
20:13043014_A_C	20:11893242_T_G
20:13043014_A_C	20:11995353_A_G
20:13043014_A_C	20:11996720_C_T
20:13043014_A_C	20:11996731_C_G
20:13043014_A_C	20:11997518_AAT_A
20:13043014_A_C	20:11999401_C_A
20:13043014_A_C	20:12988132_T_A
20:13043014_A_C	20:12988524_G_A
20:13043014_A_C	20:12988978_C_G
20:13043014_A_C	20:13029790_C_T
20:13043014_A_C	20:13038163_C_T
20:13043014_A_C	20:13045437_A_G
20:13043014_A_C	20:13046037_T_G
20:13043014_A_C	20:13046318_T_G
20:13043014_A_C	20:13046591_T_G
20:13043014_A_C	20:13047504_C_T
20:13043014_A_C	20:13047838_A_G
20:13043014_A_C	20:13049532_A_G
20:13043014_A_C	20:13051492_G_A
20:13043014_A_C	20:13052559_T_A
20:13043014_A_C	20:13053018_T_G
17:65446346_G_A	17:57491348_A_G
17:65446346_G_A	17:57796677_C_CACAA
17:65446346_G_A	17:57861501_T_A
17:65446346_G_A	17:57861503_T_A
17:65446346_G_A	17:57950619_T_TTG
17:65446346_G_A	17:57950621_T_TG
17:65446346_G_A	17:64876955_T_C
17:65446346_G_A	17:64879052_C_A
17:65446346_G_A	17:65439895_C_T
17:65446346_G_A	17:65445135_G_A
17:65446346_G_A	17:65446491_TA_T
17:65446346_G_A	17:65454705_C_A
17:65446346_G_A	17:68315821_A_T
17:65446346_G_A	17:68316259_C_T
17:65446346_G_A	17:68633079_T_A
17:65446346_G_A	17:68633143_G_A
4:164113887_G_A	4:163534283_G_A
4:164113887_G_A	4:163534494_A_G
4:164113887_G_A	4:164016854_C_T
4:164113887_G_A	4:164179394_C_T
4:164113887_G_A	4:164269605_G_A
4:164113887_G_A	4:164274849_T_A
4:164113887_G_A	4:164276529_C_T
4:164113887_G_A	4:164288004_G_C
4:164113887_G_A	4:164288523_T_G
4:164113887_G_A	4:164288899_G_A
4:164113887_G_A	4:164291862_G_T
4:164113887_G_A	4:164292787_T_C
4:164113887_G_A	4:164297650_T_C
4:164113887_G_A	4:164298828_C_T
4:164113887_G_A	4:164300005_C_A
4:164113887_G_A	4:164301803_G_T
4:164113887_G_A	4:164302850_G_C
4:164113887_G_A	4:164302921_G_C
4:164113887_G_A	4:164344795_A_G
4:164113887_G_A	4:164351901_G_C
4:164113887_G_A	4:164478300_C_T
4:164113887_G_A	4:164517456_A_G
4:164113887_G_A	4:164554114_A_G
4:164113887_G_A	4:164565667_C_G
4:164113887_G_A	4:164653853_AGT_A
4:164113887_G_A	4:167343215_C_T
4:164113887_G_A	4:167349545_A_AT
4:164113887_G_A	4:167359613_CT_C
4:164113887_G_A	4:167359900_C_T
4:164113887_G_A	4:167361483_A_T
4:164113887_G_A	4:167361790_G_A
4:164113887_G_A	4:167362610_T_C
4:164113887_G_A	4:167362943_ACCAAAAG_A
4:164113887_G_A	4:167365030_A_G
4:164113887_G_A	4:167366409_G_A
4:164113887_G_A	4:167368812_A_G
4:164113887_G_A	4:167372087_T_G
4:164113887_G_A	4:167372632_A_G
4:164113887_G_A	4:167372858_G_T
4:164113887_G_A	4:167374582_G_A
4:164113887_G_A	4:167379172_TTTG_T
4:164113887_G_A	4:167384815_C_T
4:164113887_G_A	4:167385257_T_A
4:164113887_G_A	4:167385317_A_G
4:164113887_G_A	4:167388506_T_A
4:164113887_G_A	4:167388740_C_G
4:164113887_G_A	4:167389775_A_T
4:164113887_G_A	4:167402443_C_T
4:164113887_G_A	4:167403732_A_C
4:164113887_G_A	4:169992966_C_T
4:164113887_G_A	4:173326418_A_T
6:134791075_G_A	6:128120706_T_A
6:134791075_G_A	6:128192283_C_T
6:134791075_G_A	6:128195550_AC_A
6:134791075_G_A	6:128196866_C_T
6:134791075_G_A	6:128198743_C_T
6:134791075_G_A	6:131146423_C_CA
6:134791075_G_A	6:131317118_C_T
6:134791075_G_A	6:131344715_T_C
6:134791075_G_A	6:131810238_G_A
6:134791075_G_A	6:131811111_G_C
6:134791075_G_A	6:132830484_A_G
6:134791075_G_A	6:133704149_T_A
6:134791075_G_A	6:133891668_CAGAA_C
6:134791075_G_A	6:134747999_A_G
6:134791075_G_A	6:134753474_A_T
6:134791075_G_A	6:134755476_T_G
6:134791075_G_A	6:134756594_A_G
6:134791075_G_A	6:134757127_C_T
6:134791075_G_A	6:134758313_A_T
6:134791075_G_A	6:134758480_G_A
6:134791075_G_A	6:134759368_G_A
6:134791075_G_A	6:134760299_C_T
6:134791075_G_A	6:134760857_T_C
6:134791075_G_A	6:134762226_T_C
6:134791075_G_A	6:134762280_G_A
6:134791075_G_A	6:134763680_T_A
6:134791075_G_A	6:134763693_C_T
6:134791075_G_A	6:134764004_G_A
6:134791075_G_A	6:134764036_C_T
6:134791075_G_A	6:134764184_T_C
6:134791075_G_A	6:134764252_G_C
6:134791075_G_A	6:134764253_A_G
6:134791075_G_A	6:134764260_CT_C
6:134791075_G_A	6:134764300_C_T
6:134791075_G_A	6:134764387_C_T
6:134791075_G_A	6:134764428_G_T
6:134791075_G_A	6:134764449_G_C
6:134791075_G_A	6:134764655_T_C
6:134791075_G_A	6:134764848_T_C
6:134791075_G_A	6:134764878_C_T
6:134791075_G_A	6:134764970_T_C
6:134791075_G_A	6:134765058_T_C
6:134791075_G_A	6:134765869_C_T
6:134791075_G_A	6:134766051_G_A
6:134791075_G_A	6:134766743_G_A
6:134791075_G_A	6:134766753_C_T
6:134791075_G_A	6:134766873_C_T
6:134791075_G_A	6:134767124_C_T
6:134791075_G_A	6:134767265_G_A
6:134791075_G_A	6:134767305_G_A
6:134791075_G_A	6:134767495_T_C
6:134791075_G_A	6:134767557_G_A
6:134791075_G_A	6:134767570_C_T
6:134791075_G_A	6:134767761_A_G
6:134791075_G_A	6:134768096_A_C
6:134791075_G_A	6:134768131_A_T
6:134791075_G_A	6:134768211_A_AAG
6:134791075_G_A	6:134768224_C_A
6:134791075_G_A	6:134768272_C_T
6:134791075_G_A	6:134768288_C_T
6:134791075_G_A	6:134768470_T_C
6:134791075_G_A	6:134768597_A_G
6:134791075_G_A	6:134769013_G_A
6:134791075_G_A	6:134769073_C_T
6:134791075_G_A	6:134769443_G_T
6:134791075_G_A	6:134769665_A_C
6:134791075_G_A	6:134769825_A_G
6:134791075_G_A	6:134769994_G_A
6:134791075_G_A	6:134770493_C_CTTCT
6:134791075_G_A	6:134770722_A_G
6:134791075_G_A	6:134770799_C_T
6:134791075_G_A	6:134772635_AC_A
6:134791075_G_A	6:134772706_T_A
6:134791075_G_A	6:134772875_G_T
6:134791075_G_A	6:134773408_T_C
6:134791075_G_A	6:134774208_T_A
6:134791075_G_A	6:134774314_T_A
6:134791075_G_A	6:134774535_A_G
6:134791075_G_A	6:134774577_G_A
6:134791075_G_A	6:134774685_T_C
6:134791075_G_A	6:134774815_C_A
6:134791075_G_A	6:134775016_C_G
6:134791075_G_A	6:134776146_A_C
6:134791075_G_A	6:134776364_G_A
6:134791075_G_A	6:134777934_T_C
6:134791075_G_A	6:134778543_A_G
6:134791075_G_A	6:134778783_C_T
6:134791075_G_A	6:134778896_T_C
6:134791075_G_A	6:134779012_G_A
6:134791075_G_A	6:134779760_C_G
6:134791075_G_A	6:134780645_C_T
6:134791075_G_A	6:134780751_T_C
6:134791075_G_A	6:134781163_T_C
6:134791075_G_A	6:134781270_G_A
6:134791075_G_A	6:134781292_C_CT
6:134791075_G_A	6:134781425_T_C
6:134791075_G_A	6:134781864_G_A
6:134791075_G_A	6:134782152_T_A
6:134791075_G_A	6:134782385_C_A
6:134791075_G_A	6:134782423_T_TG
6:134791075_G_A	6:134782435_A_G
6:134791075_G_A	6:134782659_A_G
6:134791075_G_A	6:134783064_G_GA
6:134791075_G_A	6:134783421_T_A
6:134791075_G_A	6:134783481_T_G
6:134791075_G_A	6:134783484_T_A
6:134791075_G_A	6:134783485_T_C
6:134791075_G_A	6:134783494_A_G
6:134791075_G_A	6:134783638_C_T
6:134791075_G_A	6:134786236_C_T
6:134791075_G_A	6:134790138_T_C
6:134791075_G_A	6:134790305_T_C
6:134791075_G_A	6:134790368_T_C
6:134791075_G_A	6:134790396_G_T
6:134791075_G_A	6:134790483_C_T
6:134791075_G_A	6:134790547_CA_C
6:134791075_G_A	6:134790800_T_C
6:134791075_G_A	6:134790858_TA_T
6:134791075_G_A	6:134790972_TG_T
6:134791075_G_A	6:134791088_C_T
6:134791075_G_A	6:134791256_T_G
6:134791075_G_A	6:134791801_A_C
6:134791075_G_A	6:134791816_C_CTTCT
6:134791075_G_A	6:134791868_T_TTC
6:134791075_G_A	6:134791949_T_TTC
6:134791075_G_A	6:134792301_A_G
6:134791075_G_A	6:134792926_G_A
6:134791075_G_A	6:134792984_T_C
6:134791075_G_A	6:134793611_A_C
6:134791075_G_A	6:134795159_G_C
6:134791075_G_A	6:134801580_C_T
6:134791075_G_A	6:139939792_C_T
6:134791075_G_A	6:142290671_A_G
6:134791075_G_A	6:142299345_G_A
6:134791075_G_A	6:142307292_T_C
6:134791075_G_A	6:142313071_T_C
6:134791075_G_A	6:142337175_T_C
6:134791075_G_A	6:142502856_C_A
6:134791075_G_A	6:143145259_T_G
17:35228631_G_A	17:27397084_TG_T
17:35228631_G_A	17:27405050_T_C
17:35228631_G_A	17:27410548_G_A
17:35228631_G_A	17:27433403_G_A
17:35228631_G_A	17:27434446_A_T
17:35228631_G_A	17:27434490_G_A
17:35228631_G_A	17:27437710_C_G
17:35228631_G_A	17:27443718_CAT_C
17:35228631_G_A	17:27449059_C_A
17:35228631_G_A	17:27449765_A_G
17:35228631_G_A	17:27453301_T_A
17:35228631_G_A	17:27455189_T_G
17:35228631_G_A	17:27456255_G_C
17:35228631_G_A	17:27456591_A_G
17:35228631_G_A	17:27457008_T_G
17:35228631_G_A	17:27457136_G_A
17:35228631_G_A	17:27539029_A_C
17:35228631_G_A	17:32360029_G_A
17:35228631_G_A	17:33657609_T_G
17:35228631_G_A	17:35115613_A_G
17:35228631_G_A	17:35217341_A_G
17:35228631_G_A	17:35217386_C_T
17:35228631_G_A	17:35217514_C_G
17:35228631_G_A	17:35218063_A_T
17:35228631_G_A	17:35228301_A_G
17:35228631_G_A	17:35229883_G_A
17:35228631_G_A	17:35239698_T_TC
17:35228631_G_A	17:35256323_CGTG_C
17:35228631_G_A	17:35743858_TCCC_T
17:35228631_G_A	17:35751870_A_G
17:35228631_G_A	17:35760572_GCTGT_G
17:35228631_G_A	17:35859400_C_T
17:35228631_G_A	17:35874330_T_A
17:35228631_G_A	17:35877662_T_A
17:35228631_G_A	17:35885929_T_C
17:35228631_G_A	17:35891336_A_G
17:35228631_G_A	17:35893561_TA_T
17:35228631_G_A	17:35893645_T_A
17:35228631_G_A	17:35894811_T_C
17:35228631_G_A	17:39630802_T_C
17:35228631_G_A	17:39634576_T_G
17:35228631_G_A	17:39634625_A_G
17:35228631_G_A	17:39636432_G_A
17:35228631_G_A	17:39636681_AC_A
17:35228631_G_A	17:39641363_G_A
17:35228631_G_A	17:39641499_C_T
17:35228631_G_A	17:42061277_G_C
17:35228631_G_A	17:42197409_C_T
17:35228631_G_A	17:42904720_A_C
16:52067029_A_T	16:49760638_C_A
16:52067029_A_T	16:51561872_G_A
16:52067029_A_T	16:52062217_A_G
16:52067029_A_T	16:52066144_G_A
16:52067029_A_T	16:52069841_G_A
16:52067029_A_T	16:52071220_A_T
16:52067029_A_T	16:52083691_C_T
16:52067029_A_T	16:52950064_G_A
16:52067029_A_T	16:52950198_A_G
16:52067029_A_T	16:52950602_A_T
16:52067029_A_T	16:52951992_C_T
16:52067029_A_T	16:55383530_GA_G
16:52067029_A_T	16:55385152_T_A
16:52067029_A_T	16:55387338_G_T
16:52067029_A_T	16:55391293_T_C
16:52067029_A_T	16:55396333_T_A
16:52067029_A_T	16:55400950_G_A
16:52067029_A_T	16:55404119_A_T
16:52067029_A_T	16:55414577_TA_T
16:52067029_A_T	16:55426561_T_G
16:52067029_A_T	16:55430188_C_T
16:52067029_A_T	16:55435775_G_A
16:52067029_A_T	16:55448541_G_A
16:52067029_A_T	16:55452188_A_G
16:52067029_A_T	16:55461759_A_G
16:52067029_A_T	16:59242246_C_A
16:52067029_A_T	16:59257576_A_G
16:52067029_A_T	16:59259772_A_G
16:52067029_A_T	16:59260188_A_ATATAT
16:52067029_A_T	16:59260257_ATAAT_A
16:52067029_A_T	16:59263421_T_C
16:52067029_A_T	16:59264207_G_A
16:52067029_A_T	16:59269792_A_T
16:52067029_A_T	16:59270065_T_C
16:52067029_A_T	16:59274353_TAA_T
16:52067029_A_T	16:59276017_G_A
16:52067029_A_T	16:59276342_A_C
16:52067029_A_T	16:59278245_G_A
16:52067029_A_T	16:59279621_A_T
16:52067029_A_T	16:59279725_T_C
16:52067029_A_T	16:59284148_TATATATGTATACACATAATATATATATACAC_T
16:52067029_A_T	16:59290179_T_G
16:52067029_A_T	16:59290742_G_A
16:52067029_A_T	16:59291429_T_TG
16:52067029_A_T	16:59292444_C_CGTCT
16:52067029_A_T	16:59292943_A_G
16:52067029_A_T	16:59294309_G_A
16:52067029_A_T	16:59294419_G_C
16:52067029_A_T	16:59295927_G_GT
16:52067029_A_T	16:59296478_T_A
16:52067029_A_T	16:59298198_A_G
16:52067029_A_T	16:59298858_G_A
16:52067029_A_T	16:59311387_G_A
16:52067029_A_T	16:59312121_A_T
16:52067029_A_T	16:59312392_A_G
16:52067029_A_T	16:59312768_T_C
16:52067029_A_T	16:59313041_A_G
16:52067029_A_T	16:59314314_T_G
16:52067029_A_T	16:59314789_G_T
16:52067029_A_T	16:59317191_G_C
16:52067029_A_T	16:59323537_A_G
16:52067029_A_T	16:59323576_T_C
16:52067029_A_T	16:59325326_A_G
16:52067029_A_T	16:59325499_T_C
16:52067029_A_T	16:59328080_C_CT
16:52067029_A_T	16:59328165_A_T
16:52067029_A_T	16:59328331_T_C
16:52067029_A_T	16:59329661_GAGAA_G
16:52067029_A_T	16:59333665_A_G
16:52067029_A_T	16:59335696_T_G
16:52067029_A_T	16:59337598_G_A
16:52067029_A_T	16:59338790_C_G
16:52067029_A_T	16:59339196_CTTTTTTGTTT_C
16:52067029_A_T	16:59339947_G_A
16:52067029_A_T	16:59340176_A_G
16:52067029_A_T	16:59341296_A_G
16:52067029_A_T	16:59344347_C_T
16:52067029_A_T	16:59350120_T_G
16:52067029_A_T	16:59352206_G_A
16:52067029_A_T	16:59352502_T_C
16:52067029_A_T	16:59353299_C_T
16:52067029_A_T	16:59360042_A_T
16:52067029_A_T	16:59361158_A_G
16:52067029_A_T	16:59362913_T_C
16:52067029_A_T	16:59365050_A_T
16:52067029_A_T	16:59366799_C_T
16:52067029_A_T	16:59371832_GA_G
16:52067029_A_T	16:59372771_A_G
16:52067029_A_T	16:59373755_T_C
16:52067029_A_T	16:59374207_A_G
16:52067029_A_T	16:59375060_GCTAACAC_G
16:52067029_A_T	16:59375322_T_C
16:52067029_A_T	16:59377127_G_A
16:52067029_A_T	16:59377850_C_T
16:52067029_A_T	16:59379282_A_T
16:52067029_A_T	16:59380464_A_T
16:52067029_A_T	16:59381433_A_G
16:52067029_A_T	16:59381610_T_C
16:52067029_A_T	16:59381862_A_C
16:52067029_A_T	16:59382454_TA_T
16:52067029_A_T	16:59382501_T_C
16:52067029_A_T	16:59382647_G_A
16:52067029_A_T	16:59384443_A_G
16:52067029_A_T	16:59388212_A_T
16:52067029_A_T	16:59388689_T_G
16:52067029_A_T	16:59396042_A_G
16:52067029_A_T	16:59397103_A_T
16:52067029_A_T	16:59398501_A_G
16:52067029_A_T	16:59401372_G_A
16:52067029_A_T	16:59404297_A_ATT
16:52067029_A_T	16:59409797_C_G
16:52067029_A_T	16:59411217_A_G
16:52067029_A_T	16:59411381_T_C
16:52067029_A_T	16:59411564_T_C
16:52067029_A_T	16:59412195_A_G
16:52067029_A_T	16:59412663_T_A
16:52067029_A_T	16:59418997_G_T
16:52067029_A_T	16:59425453_T_A
16:52067029_A_T	16:59432639_T_C
16:52067029_A_T	16:59433491_A_G
16:52067029_A_T	16:59434042_C_T
16:52067029_A_T	16:59437028_A_G
16:52067029_A_T	16:59441583_T_C
16:52067029_A_T	16:59442077_A_G
16:52067029_A_T	16:59443611_A_G
16:52067029_A_T	16:59444220_A_G
16:52067029_A_T	16:59444778_T_A
16:52067029_A_T	16:59445687_A_G
16:52067029_A_T	16:59446097_C_G
16:52067029_A_T	16:59452245_C_T
16:52067029_A_T	16:59456833_A_G
16:52067029_A_T	16:59457573_T_C
16:52067029_A_T	16:59457648_T_C
16:52067029_A_T	16:59457864_A_ATATCTG
16:52067029_A_T	16:59458593_G_C
16:52067029_A_T	16:59458615_T_C
16:52067029_A_T	16:59459467_C_A
16:52067029_A_T	16:59464031_C_T
16:52067029_A_T	16:59466141_A_C
16:52067029_A_T	16:59466267_C_G
16:52067029_A_T	16:59467641_G_C
16:52067029_A_T	16:59467697_T_C
16:52067029_A_T	16:59467905_A_G
16:52067029_A_T	16:59468403_G_GA
16:52067029_A_T	16:59470139_T_C
16:52067029_A_T	16:59473133_A_G
16:52067029_A_T	16:59473982_A_T
16:52067029_A_T	16:59474852_C_CTTCT
16:52067029_A_T	16:59476998_T_C
16:52067029_A_T	16:59479015_T_C
16:52067029_A_T	16:59482304_G_T
16:52067029_A_T	16:59483250_C_T
16:52067029_A_T	16:59488830_A_G
16:52067029_A_T	16:59497155_T_C
16:52067029_A_T	16:59908475_A_G
16:52067029_A_T	16:60801909_AAG_A
16:52067029_A_T	16:60802246_TA_T
16:52067029_A_T	16:60803316_C_A
16:52067029_A_T	16:60806672_A_G
16:52067029_A_T	16:60806823_G_C
16:52067029_A_T	16:60809038_TA_T
16:52067029_A_T	16:60817270_G_A
16:52067029_A_T	16:60818059_G_GA
16:52067029_A_T	16:60821715_A_T
16:52067029_A_T	16:60826857_C_T
16:52067029_A_T	16:60832500_G_A
16:52067029_A_T	16:60836262_A_G
16:52067029_A_T	16:60839008_ATAAAT_A
16:52067029_A_T	16:60839042_A_C
16:52067029_A_T	16:60842355_C_T
16:52067029_A_T	16:60843145_G_C
16:52067029_A_T	16:60843488_C_G
16:52067029_A_T	16:60864457_A_T
16:52067029_A_T	16:60869156_G_T
16:52067029_A_T	16:60870593_C_T
16:52067029_A_T	16:60887320_A_G
16:52067029_A_T	16:60894971_G_A
16:52067029_A_T	16:60896413_C_T
16:52067029_A_T	16:60896600_T_C
16:52067029_A_T	16:60896624_G_T
16:52067029_A_T	16:60896631_C_T
16:52067029_A_T	16:60897313_A_G
16:52067029_A_T	16:60897326_C_T
16:52067029_A_T	16:60897338_C_A
16:52067029_A_T	16:60897453_C_CTTAT
16:52067029_A_T	16:60898126_G_A
16:52067029_A_T	16:60899047_T_A
16:52067029_A_T	16:60899129_T_C
16:52067029_A_T	16:60899157_G_A
16:52067029_A_T	16:60899237_C_CTAAATTTATCTTTTTTTTTTTTTTTTTGCA
16:52067029_A_T	16:60899333_C_T
16:52067029_A_T	16:60899366_T_C
16:52067029_A_T	16:60899385_A_G
16:52067029_A_T	16:60899869_A_G
16:52067029_A_T	16:60899877_G_C
16:52067029_A_T	16:60899953_T_G
16:52067029_A_T	16:60900218_C_T
16:52067029_A_T	16:60900449_C_T
16:52067029_A_T	16:60900617_G_T
16:52067029_A_T	16:60900810_T_C
16:52067029_A_T	16:60900825_T_C
16:52067029_A_T	16:60900862_G_A
16:52067029_A_T	16:60902711_T_C
16:52067029_A_T	16:60903686_T_A
16:52067029_A_T	16:60921848_A_G
16:52067029_A_T	16:60922661_C_A
16:52067029_A_T	16:60931673_G_A
16:52067029_A_T	16:60934753_T_C
16:52067029_A_T	16:60940079_G_A
16:52067029_A_T	16:61583172_T_C
11:5751269_A_AT	11:413651_G_T
11:5751269_A_AT	11:415357_A_G
11:5751269_A_AT	11:4737929_T_C
11:5751269_A_AT	11:4738090_A_C
11:5751269_A_AT	11:4739784_C_T
11:5751269_A_AT	11:5018472_T_G
11:5751269_A_AT	11:5022292_G_A
11:5751269_A_AT	11:5096349_C_G
11:5751269_A_AT	11:5721996_G_T
11:5751269_A_AT	11:5722499_G_A
11:5751269_A_AT	11:5724623_T_C
11:5751269_A_AT	11:5724717_G_A
11:5751269_A_AT	11:5726811_G_T
11:5751269_A_AT	11:5726836_AC_A
11:5751269_A_AT	11:5730010_G_A
11:5751269_A_AT	11:5733142_G_C
11:5751269_A_AT	11:5734494_C_T
11:5751269_A_AT	11:5734785_C_T
11:5751269_A_AT	11:5736083_G_C
11:5751269_A_AT	11:5737338_C_T
11:5751269_A_AT	11:5737703_A_C
11:5751269_A_AT	11:5740634_G_A
11:5751269_A_AT	11:5741102_A_G
11:5751269_A_AT	11:5741594_G_A
11:5751269_A_AT	11:5743897_A_G
11:5751269_A_AT	11:5744245_T_A
11:5751269_A_AT	11:5746997_A_T
11:5751269_A_AT	11:5748125_A_T
11:5751269_A_AT	11:5748826_A_T
11:5751269_A_AT	11:5749476_TA_T
11:5751269_A_AT	11:5750552_G_A
11:5751269_A_AT	11:5751383_C_G
11:5751269_A_AT	11:5751515_G_A
11:5751269_A_AT	11:5753271_A_G
11:5751269_A_AT	11:5755682_T_C
11:5751269_A_AT	11:8250143_G_C
11:5751269_A_AT	11:8253049_T_C
11:5751269_A_AT	11:8255106_G_A
11:5751269_A_AT	11:8267782_T_C
11:5751269_A_AT	11:8272605_A_G
11:5751269_A_AT	11:8283316_A_G
11:5751269_A_AT	11:8325821_A_G
11:5751269_A_AT	11:8325929_C_T
11:5751269_A_AT	11:8326250_T_A
11:5751269_A_AT	11:8328335_T_C
11:5751269_A_AT	11:8328403_TA_T
11:5751269_A_AT	11:8329230_T_C
11:5751269_A_AT	11:8330056_C_CT
11:5751269_A_AT	11:8336462_G_A
11:5751269_A_AT	11:8401139_G_A
11:5751269_A_AT	11:8414089_C_CA
11:5751269_A_AT	11:8459270_T_C
11:5751269_A_AT	11:8568771_T_C
11:5751269_A_AT	11:11076017_G_A
11:5751269_A_AT	11:11078054_G_C
11:5751269_A_AT	11:11081863_CTT_C
11:5751269_A_AT	11:11082200_AAAAC_A
11:5751269_A_AT	11:11082966_T_C
11:5751269_A_AT	11:11083707_C_G
11:5751269_A_AT	11:11085255_T_C
11:5751269_A_AT	11:11085504_A_G
11:5751269_A_AT	11:11086928_T_C
11:5751269_A_AT	11:11088504_A_C
11:5751269_A_AT	11:11089024_A_G
11:5751269_A_AT	11:11089090_A_T
11:5751269_A_AT	11:11089980_C_A
11:5751269_A_AT	11:11091359_T_C
11:5751269_A_AT	11:11092859_G_A
11:5751269_A_AT	11:11092888_C_T
11:5751269_A_AT	11:11093492_C_G
11:5751269_A_AT	11:11094851_G_A
11:5751269_A_AT	11:11096770_A_C
11:5751269_A_AT	11:11097160_T_G
11:5751269_A_AT	11:11098039_C_T
11:5751269_A_AT	11:11098296_C_T
11:5751269_A_AT	11:11098676_A_G
11:5751269_A_AT	11:11098771_GTTTTTTT_G
11:5751269_A_AT	11:11099460_G_T
11:5751269_A_AT	11:13055517_C_A
11:5751269_A_AT	11:14734012_GTTTTTTT_G
3:154954037_A_G	3:151204675_G_C
3:154954037_A_G	3:151213401_A_G
3:154954037_A_G	3:151214185_G_A
3:154954037_A_G	3:151221270_A_G
3:154954037_A_G	3:151225648_T_C
3:154954037_A_G	3:151227584_T_C
3:154954037_A_G	3:151227653_G_C
3:154954037_A_G	3:151228023_G_A
3:154954037_A_G	3:151229793_C_A
3:154954037_A_G	3:151229801_C_T
3:154954037_A_G	3:151230536_T_A
3:154954037_A_G	3:151235798_G_A
3:154954037_A_G	3:151237144_A_AT
3:154954037_A_G	3:151238733_AT_A
3:154954037_A_G	3:151238773_A_G
3:154954037_A_G	3:151239796_G_C
3:154954037_A_G	3:151246981_G_A
3:154954037_A_G	3:151248550_A_G
3:154954037_A_G	3:151251578_C_A
3:154954037_A_G	3:151251957_G_A
3:154954037_A_G	3:151256144_G_A
3:154954037_A_G	3:154378425_A_C
3:154954037_A_G	3:154436170_A_C
3:154954037_A_G	3:154457502_A_G
3:154954037_A_G	3:154584304_C_A
3:154954037_A_G	3:154914006_G_C
3:154954037_A_G	3:154921536_G_A
3:154954037_A_G	3:154921862_T_C
3:154954037_A_G	3:154928048_C_T
3:154954037_A_G	3:154931000_G_A
3:154954037_A_G	3:154934746_T_A
3:154954037_A_G	3:154934840_T_G
3:154954037_A_G	3:154935378_C_T
3:154954037_A_G	3:154939068_G_A
3:154954037_A_G	3:154951945_A_G
3:154954037_A_G	3:154954440_A_C
3:154954037_A_G	3:154955403_C_T
3:154954037_A_G	3:154955864_G_A
3:154954037_A_G	3:154959807_A_G
3:154954037_A_G	3:154960502_T_A
3:154954037_A_G	3:154961989_T_C
3:154954037_A_G	3:154962660_G_A
3:154954037_A_G	3:154963681_G_GA
3:154954037_A_G	3:154965086_T_C
3:154954037_A_G	3:154977614_C_T
3:154954037_A_G	3:154978762_A_G
3:154954037_A_G	3:161148946_G_A
3:154954037_A_G	3:161150878_G_C
3:154954037_A_G	3:161151534_T_C
3:154954037_A_G	3:161152045_T_C
3:154954037_A_G	3:161152264_A_G
3:154954037_A_G	3:161153006_C_A
3:154954037_A_G	3:161153339_T_C
3:154954037_A_G	3:161154800_A_G
3:154954037_A_G	3:161155496_AG_A
3:154954037_A_G	3:161155805_T_C
3:154954037_A_G	3:161156428_A_C
3:154954037_A_G	3:161156846_A_G
3:154954037_A_G	3:161159002_C_A
3:154954037_A_G	3:161160475_A_G
3:154954037_A_G	3:161160582_T_C
3:154954037_A_G	3:161170279_TTG_T
3:154954037_A_G	3:161170611_G_A
3:154954037_A_G	3:161175663_G_A
3:154954037_A_G	3:161182191_A_G
3:154954037_A_G	3:161185927_G_A
3:154954037_A_G	3:161185953_T_C
3:154954037_A_G	3:161187449_T_C
3:154954037_A_G	3:161189911_T_C
3:154954037_A_G	3:161194059_T_C
3:154954037_A_G	3:161194277_C_T
3:154954037_A_G	3:161194487_C_T
3:154954037_A_G	3:164395712_CA_C
17:43232014_G_T	17:41152503_G_T
17:43232014_G_T	17:41154250_C_T
17:43232014_G_T	17:41163649_C_T
17:43232014_G_T	17:42336149_C_T
17:43232014_G_T	17:43185492_C_G
17:43232014_G_T	17:43218259_A_G
17:43232014_G_T	17:43218677_G_A
17:43232014_G_T	17:43219666_G_A
17:43232014_G_T	17:43221639_CT_C
17:43232014_G_T	17:43221808_G_A
17:43232014_G_T	17:43226477_TC_T
17:43232014_G_T	17:43229651_T_A
17:43232014_G_T	17:43231991_T_G
17:43232014_G_T	17:43232013_G_A
17:43232014_G_T	17:43232512_CA_C
17:43232014_G_T	17:43242694_G_A
17:43232014_G_T	17:43417995_C_A
17:43232014_G_T	17:46369132_CTCA_C
17:43232014_G_T	17:47078420_T_G
17:43232014_G_T	17:47085648_A_G
17:43232014_G_T	17:47090024_C_T
17:43232014_G_T	17:47113314_C_A
17:43232014_G_T	17:47113440_GCGGGGTTGACTGGAAGCGAC_G
17:43232014_G_T	17:47114482_C_T
17:43232014_G_T	17:47123887_C_G
17:43232014_G_T	17:47125984_T_C
17:43232014_G_T	17:47130230_G_C
17:43232014_G_T	17:47137428_G_C
17:43232014_G_T	17:47632357_A_G
17:43232014_G_T	17:49953212_C_T
6:166444054_C_T	6:157986200_G_A
6:166444054_C_T	6:159322457_G_T
6:166444054_C_T	6:166326802_T_C
6:166444054_C_T	6:166331460_T_C
6:166444054_C_T	6:166333758_A_T
6:166444054_C_T	6:166342423_C_A
6:166444054_C_T	6:166415767_G_C
6:166444054_C_T	6:166418568_G_A
6:166444054_C_T	6:166420110_GA_G
6:166444054_C_T	6:166421433_G_C
6:166444054_C_T	6:166422831_T_G
6:166444054_C_T	6:166423157_G_GA
6:166444054_C_T	6:166434257_G_A
6:166444054_C_T	6:166444070_G_T
6:166444054_C_T	6:166444143_C_A
6:166444054_C_T	6:166444909_C_T
6:166444054_C_T	6:166446087_G_A
6:166444054_C_T	6:166446717_G_A
6:166444054_C_T	6:166448136_G_A
6:166444054_C_T	6:166452934_T_C
6:166444054_C_T	6:166460535_T_C
6:166444054_C_T	6:166460945_A_G
6:166444054_C_T	6:166461439_TA_T
6:166444054_C_T	6:166461846_T_G
6:166444054_C_T	6:166462745_T_C
6:166444054_C_T	6:166463558_T_TGATTCTCATCTCAGC
6:166444054_C_T	6:166466472_A_T
6:166444054_C_T	6:166497469_A_AG
6:166444054_C_T	6:166503786_T_A
6:166444054_C_T	6:166509216_A_G
6:166444054_C_T	6:166593147_G_T
3:125774565_A_T	3:119588936_T_C
3:125774565_A_T	3:119633858_G_C
3:125774565_A_T	3:124353868_G_A
3:125774565_A_T	3:124361098_T_C
3:125774565_A_T	3:124361333_G_A
3:125774565_A_T	3:124361445_C_A
3:125774565_A_T	3:124362493_T_A
3:125774565_A_T	3:124363180_A_AT
3:125774565_A_T	3:124363979_T_G
3:125774565_A_T	3:124364656_G_A
3:125774565_A_T	3:124365209_A_G
3:125774565_A_T	3:124367574_G_T
3:125774565_A_T	3:124369637_G_A
3:125774565_A_T	3:124369744_C_T
3:125774565_A_T	3:124370526_C_T
3:125774565_A_T	3:124370635_C_G
3:125774565_A_T	3:124373682_AT_A
3:125774565_A_T	3:124374102_C_T
3:125774565_A_T	3:124379488_A_G
3:125774565_A_T	3:124393040_A_G
3:125774565_A_T	3:124393896_T_G
3:125774565_A_T	3:124395138_G_A
3:125774565_A_T	3:124417054_C_T
3:125774565_A_T	3:125609346_A_T
3:125774565_A_T	3:125611697_G_A
3:125774565_A_T	3:125625904_G_A
3:125774565_A_T	3:125630498_A_G
3:125774565_A_T	3:125646971_G_A
3:125774565_A_T	3:125655917_A_C
3:125774565_A_T	3:125676638_T_C
3:125774565_A_T	3:125731925_T_G
3:125774565_A_T	3:125732724_C_A
3:125774565_A_T	3:125771370_A_T
3:125774565_A_T	3:125771656_C_T
3:125774565_A_T	3:125778507_G_A
3:125774565_A_T	3:125778854_C_G
3:125774565_A_T	3:125781007_C_T
3:125774565_A_T	3:125783471_G_A
3:125774565_A_T	3:125785643_G_A
3:125774565_A_T	3:125787175_C_CG
3:125774565_A_T	3:125789376_C_T
3:125774565_A_T	3:125791703_A_G
3:125774565_A_T	3:125792512_G_A
3:125774565_A_T	3:125797655_T_G
3:125774565_A_T	3:125800105_A_G
3:125774565_A_T	3:125802560_A_C
3:125774565_A_T	3:125803317_C_T
3:125774565_A_T	3:125807251_C_T
3:125774565_A_T	3:125808172_A_G
3:125774565_A_T	3:125808306_A_T
3:125774565_A_T	3:125816786_A_G
3:125774565_A_T	3:125819090_C_T
3:125774565_A_T	3:125821843_A_G
3:125774565_A_T	3:125826360_C_G
3:125774565_A_T	3:125834015_A_C
3:125774565_A_T	3:126534487_C_G
3:125774565_A_T	3:126584403_T_C
3:125774565_A_T	3:126603779_A_G
3:125774565_A_T	3:126754644_G_C
3:125774565_A_T	3:133227514_G_A
X:138698652_GA_G	X:129382611_A_T
X:138698652_GA_G	X:137075381_T_C
X:138698652_GA_G	X:137080057_A_G
X:138698652_GA_G	X:137080737_A_G
X:138698652_GA_G	X:137088138_C_T
X:138698652_GA_G	X:138223209_TGATAGATA_T
X:138698652_GA_G	X:138651779_A_G
X:138698652_GA_G	X:138654852_G_T
X:138698652_GA_G	X:138655113_G_A
X:138698652_GA_G	X:138656062_T_C
X:138698652_GA_G	X:138661156_G_A
X:138698652_GA_G	X:138661986_T_A
X:138698652_GA_G	X:138663155_C_T
X:138698652_GA_G	X:138665857_A_G
X:138698652_GA_G	X:138667452_C_T
X:138698652_GA_G	X:138670921_C_A
X:138698652_GA_G	X:138672695_G_A
X:138698652_GA_G	X:138672708_CTTCCTTA_C
X:138698652_GA_G	X:138672787_A_G
X:138698652_GA_G	X:138677441_A_G
X:138698652_GA_G	X:138679712_T_A
X:138698652_GA_G	X:138681881_C_T
X:138698652_GA_G	X:138685852_G_T
X:138698652_GA_G	X:138686478_C_CA
X:138698652_GA_G	X:138689704_T_A
X:138698652_GA_G	X:138694139_G_A
X:138698652_GA_G	X:138697246_A_C
X:138698652_GA_G	X:138698665_T_C
X:138698652_GA_G	X:138700416_C_T
X:138698652_GA_G	X:138700576_C_T
X:138698652_GA_G	X:138702188_A_G
X:138698652_GA_G	X:138705825_G_C
X:138698652_GA_G	X:138705826_TAA_T
X:138698652_GA_G	X:138705832_T_C
X:138698652_GA_G	X:138705836_CCCATGTA_C
X:138698652_GA_G	X:138710426_C_T
X:138698652_GA_G	X:138717823_T_A
X:138698652_GA_G	X:141554728_T_A
X:138698652_GA_G	X:145157174_C_T
X:138698652_GA_G	X:147806350_G_A
X:138698652_GA_G	X:147807613_A_T
X:138698652_GA_G	X:147821207_G_A
5:174443233_T_C	5:166076958_A_G
5:174443233_T_C	5:166126147_C_A
5:174443233_T_C	5:166127026_A_G
5:174443233_T_C	5:166129794_C_T
5:174443233_T_C	5:167589013_T_C
5:174443233_T_C	5:170593430_G_GT
5:174443233_T_C	5:170620147_T_G
5:174443233_T_C	5:170626735_A_G
5:174443233_T_C	5:170661724_C_G
5:174443233_T_C	5:172129189_T_C
5:174443233_T_C	5:172130320_A_G
5:174443233_T_C	5:173576522_G_A
5:174443233_T_C	5:173579675_C_T
5:174443233_T_C	5:173583296_G_T
5:174443233_T_C	5:173584572_C_T
5:174443233_T_C	5:173585861_C_T
5:174443233_T_C	5:173594964_ATTG_A
5:174443233_T_C	5:173596738_T_TTAA
5:174443233_T_C	5:173597303_C_A
5:174443233_T_C	5:173599522_G_T
5:174443233_T_C	5:173607212_A_AC
5:174443233_T_C	5:173607391_A_G
5:174443233_T_C	5:174190130_T_C
5:174443233_T_C	5:174190638_A_G
5:174443233_T_C	5:174191419_T_C
5:174443233_T_C	5:174191465_A_G
5:174443233_T_C	5:174193478_A_T
5:174443233_T_C	5:174193745_A_G
5:174443233_T_C	5:174194805_G_A
5:174443233_T_C	5:174194968_T_C
5:174443233_T_C	5:174195202_C_T
5:174443233_T_C	5:174196152_AAAGAAAGG_A
5:174443233_T_C	5:174196542_C_A
5:174443233_T_C	5:174437636_G_T
5:174443233_T_C	5:174438465_A_G
5:174443233_T_C	5:174439107_A_G
5:174443233_T_C	5:174439109_A_G
5:174443233_T_C	5:174443994_C_G
5:174443233_T_C	5:174460370_A_C
5:174443233_T_C	5:174461208_T_A
5:174443233_T_C	5:174462778_T_C
5:174443233_T_C	5:174469283_T_C
5:174443233_T_C	5:180150787_C_T
16:86691273_C_A	16:77232746_A_C
16:86691273_C_A	16:77234163_A_ATATG
16:86691273_C_A	16:77234692_G_A
16:86691273_C_A	16:77238948_A_AG
16:86691273_C_A	16:77239243_A_G
16:86691273_C_A	16:77240896_C_A
16:86691273_C_A	16:77245971_G_A
16:86691273_C_A	16:77247504_C_T
16:86691273_C_A	16:77248791_G_A
16:86691273_C_A	16:77249085_G_A
16:86691273_C_A	16:77255496_A_C
16:86691273_C_A	16:77257613_T_C
16:86691273_C_A	16:77258129_C_G
16:86691273_C_A	16:77261943_C_G
16:86691273_C_A	16:77270643_GC_G
16:86691273_C_A	16:77270718_A_AT
16:86691273_C_A	16:77274504_C_T
16:86691273_C_A	16:77277067_A_G
16:86691273_C_A	16:77277233_G_A
16:86691273_C_A	16:77277339_A_G
16:86691273_C_A	16:77278316_A_T
16:86691273_C_A	16:77279682_C_T
16:86691273_C_A	16:77280379_A_G
16:86691273_C_A	16:77281628_C_G
16:86691273_C_A	16:77283822_G_A
16:86691273_C_A	16:77284925_T_G
16:86691273_C_A	16:77790309_A_G
16:86691273_C_A	16:79773930_G_C
16:86691273_C_A	16:79965446_G_C
16:86691273_C_A	16:79965489_G_A
16:86691273_C_A	16:79966132_T_A
16:86691273_C_A	16:79968749_GT_G
16:86691273_C_A	16:79968790_T_C
16:86691273_C_A	16:79977473_A_G
16:86691273_C_A	16:79979756_A_T
16:86691273_C_A	16:79979938_A_G
16:86691273_C_A	16:79980410_A_C
16:86691273_C_A	16:79980463_C_T
16:86691273_C_A	16:79980883_G_T
16:86691273_C_A	16:79981082_C_G
16:86691273_C_A	16:79982099_T_G
16:86691273_C_A	16:79983835_C_T
16:86691273_C_A	16:80055273_T_TA
16:86691273_C_A	16:80056408_T_C
16:86691273_C_A	16:80056774_A_G
16:86691273_C_A	16:80056963_GA_G
16:86691273_C_A	16:80141620_AACACAC_A
16:86691273_C_A	16:80565857_T_TA
16:86691273_C_A	16:80865852_G_A
16:86691273_C_A	16:80869137_T_A
16:86691273_C_A	16:81139182_T_TAAAAAAA
16:86691273_C_A	16:84291904_A_C
16:86691273_C_A	16:85064348_TA_T
16:86691273_C_A	16:86266032_T_C
16:86691273_C_A	16:86266567_G_A
16:86691273_C_A	16:86267072_G_A
16:86691273_C_A	16:86269404_G_A
16:86691273_C_A	16:86270005_G_A
16:86691273_C_A	16:86270516_C_A
16:86691273_C_A	16:86271294_C_T
16:86691273_C_A	16:86272532_A_T
16:86691273_C_A	16:86694417_A_G
16:86691273_C_A	16:86695720_G_C
16:86691273_C_A	16:86696224_G_C
16:86691273_C_A	16:86697008_C_T
16:86691273_C_A	16:86699023_C_T
16:86691273_C_A	16:86699088_T_C
16:86691273_C_A	16:86699767_T_A
16:86691273_C_A	16:86700030_C_T
16:86691273_C_A	16:86700865_T_G
16:86691273_C_A	16:86701111_G_A
16:86691273_C_A	16:86701426_C_T
16:86691273_C_A	16:86701519_A_G
16:86691273_C_A	16:86701780_G_A
16:86691273_C_A	16:86702285_T_A
16:86691273_C_A	16:86702431_C_T
16:86691273_C_A	16:86702768_T_C
16:86691273_C_A	16:86703086_G_C
16:86691273_C_A	16:86703949_C_T
16:86691273_C_A	16:86705372_G_A
16:86691273_C_A	16:86706795_G_T
16:86691273_C_A	16:86706867_T_A
16:86691273_C_A	16:86708914_C_T
16:86691273_C_A	16:86709415_T_A
16:86691273_C_A	16:86709423_A_G
16:86691273_C_A	16:86709958_GT_G
16:86691273_C_A	16:86711955_T_G
1:41745770_T_C	1:32068570_T_A
1:41745770_T_C	1:32068572_T_A
1:41745770_T_C	1:32082822_C_G
1:41745770_T_C	1:32083047_T_TG
1:41745770_T_C	1:32083273_G_C
1:41745770_T_C	1:32085776_G_A
1:41745770_T_C	1:32089839_C_T
1:41745770_T_C	1:32092735_T_G
1:41745770_T_C	1:32092918_T_TTCC
1:41745770_T_C	1:32093561_C_T
1:41745770_T_C	1:32105192_C_A
1:41745770_T_C	1:32142684_TTTA_T
1:41745770_T_C	1:32147615_AC_A
1:41745770_T_C	1:32147673_C_T
1:41745770_T_C	1:32300130_T_C
1:41745770_T_C	1:32301518_A_G
1:41745770_T_C	1:32301876_A_T
1:41745770_T_C	1:32302042_G_A
1:41745770_T_C	1:32302108_C_T
1:41745770_T_C	1:32303465_AG_A
1:41745770_T_C	1:32307489_T_C
1:41745770_T_C	1:32308063_C_G
1:41745770_T_C	1:32311955_A_AG
1:41745770_T_C	1:33341612_G_GT
1:41745770_T_C	1:33760743_T_C
1:41745770_T_C	1:34261267_G_T
1:41745770_T_C	1:34262615_G_A
1:41745770_T_C	1:34264478_A_G
1:41745770_T_C	1:34264879_G_T
1:41745770_T_C	1:34268324_C_A
1:41745770_T_C	1:34274882_A_AAAATC
1:41745770_T_C	1:34283261_G_A
1:41745770_T_C	1:34288232_A_G
1:41745770_T_C	1:34293026_C_T
1:41745770_T_C	1:34293029_T_C
1:41745770_T_C	1:34293074_T_C
1:41745770_T_C	1:34293265_TG_T
1:41745770_T_C	1:34293848_G_A
1:41745770_T_C	1:34295221_T_C
1:41745770_T_C	1:34295285_A_G
1:41745770_T_C	1:34295468_A_G
1:41745770_T_C	1:34295473_G_A
1:41745770_T_C	1:34295496_G_C
1:41745770_T_C	1:34295626_T_C
1:41745770_T_C	1:34295627_G_C
1:41745770_T_C	1:34295889_G_A
1:41745770_T_C	1:34295964_T_C
1:41745770_T_C	1:34296096_C_A
1:41745770_T_C	1:34296171_G_A
1:41745770_T_C	1:34296576_G_C
1:41745770_T_C	1:34296580_C_T
1:41745770_T_C	1:34296713_T_C
1:41745770_T_C	1:34296736_C_T
1:41745770_T_C	1:34296737_G_T
1:41745770_T_C	1:34296810_T_G
1:41745770_T_C	1:34296869_T_C
1:41745770_T_C	1:34297374_C_T
1:41745770_T_C	1:34297758_T_C
1:41745770_T_C	1:34297759_G_A
1:41745770_T_C	1:34298915_A_G
1:41745770_T_C	1:34301315_C_CAAAA
1:41745770_T_C	1:34301459_T_C
1:41745770_T_C	1:34301496_G_A
1:41745770_T_C	1:34301762_A_G
1:41745770_T_C	1:34301765_C_G
1:41745770_T_C	1:34303064_G_GA
1:41745770_T_C	1:34303066_T_TC
1:41745770_T_C	1:34303068_T_G
1:41745770_T_C	1:34354679_C_T
1:41745770_T_C	1:34358314_C_G
1:41745770_T_C	1:34362545_A_C
1:41745770_T_C	1:34363830_C_T
1:41745770_T_C	1:34801679_T_C
1:41745770_T_C	1:34854116_T_G
1:41745770_T_C	1:34858824_A_T
1:41745770_T_C	1:34869618_C_G
1:41745770_T_C	1:35709202_T_A
1:41745770_T_C	1:35847103_G_C
1:41745770_T_C	1:35865741_CA_C
1:41745770_T_C	1:38604788_A_G
1:41745770_T_C	1:40361783_G_C
1:41745770_T_C	1:41457693_T_A
1:41745770_T_C	1:41464134_G_A
1:41745770_T_C	1:41467164_G_A
1:41745770_T_C	1:41470855_G_A
1:41745770_T_C	1:41475571_C_T
1:41745770_T_C	1:41476180_G_T
1:41745770_T_C	1:41482660_G_A
1:41745770_T_C	1:41485446_T_C
1:41745770_T_C	1:41485589_G_T
1:41745770_T_C	1:41487337_G_T
1:41745770_T_C	1:41490177_G_A
1:41745770_T_C	1:41490761_G_C
1:41745770_T_C	1:41491570_CA_C
1:41745770_T_C	1:41493749_G_A
1:41745770_T_C	1:41498348_G_A
1:41745770_T_C	1:41500081_A_G
1:41745770_T_C	1:41503820_C_A
1:41745770_T_C	1:41504195_G_T
1:41745770_T_C	1:41504442_T_A
1:41745770_T_C	1:41507401_G_T
1:41745770_T_C	1:41507431_C_G
1:41745770_T_C	1:41514150_C_G
1:41745770_T_C	1:41514949_A_G
1:41745770_T_C	1:41514982_A_ATGTG
1:41745770_T_C	1:41518041_C_G
1:41745770_T_C	1:41519800_A_G
1:41745770_T_C	1:41520712_T_C
1:41745770_T_C	1:41524669_G_A
1:41745770_T_C	1:41525770_T_G
1:41745770_T_C	1:41525890_T_C
1:41745770_T_C	1:41526023_A_G
1:41745770_T_C	1:41532444_G_A
1:41745770_T_C	1:41538516_C_T
1:41745770_T_C	1:41539494_A_G
1:41745770_T_C	1:41540265_T_C
1:41745770_T_C	1:41540853_A_T
1:41745770_T_C	1:41540861_T_C
1:41745770_T_C	1:41543807_A_G
1:41745770_T_C	1:41544279_G_T
1:41745770_T_C	1:41545150_A_G
1:41745770_T_C	1:41547491_T_TA
1:41745770_T_C	1:41550202_T_G
1:41745770_T_C	1:41551441_G_A
1:41745770_T_C	1:41553594_C_CAA
1:41745770_T_C	1:41556839_T_C
1:41745770_T_C	1:41557601_GA_G
1:41745770_T_C	1:41558441_A_G
1:41745770_T_C	1:41558840_G_A
1:41745770_T_C	1:41559065_A_G
1:41745770_T_C	1:41559612_C_T
1:41745770_T_C	1:41560291_A_G
1:41745770_T_C	1:41561232_C_G
1:41745770_T_C	1:41562243_C_T
1:41745770_T_C	1:41562285_T_G
1:41745770_T_C	1:41563329_A_C
1:41745770_T_C	1:41566229_T_TTTTC
1:41745770_T_C	1:41570459_G_A
1:41745770_T_C	1:41571317_A_T
1:41745770_T_C	1:41571681_T_G
1:41745770_T_C	1:41572164_T_C
1:41745770_T_C	1:41574622_C_T
1:41745770_T_C	1:41578114_C_T
1:41745770_T_C	1:41578198_A_T
1:41745770_T_C	1:41581312_A_G
1:41745770_T_C	1:41581963_T_C
1:41745770_T_C	1:41583069_A_G
1:41745770_T_C	1:41583526_C_T
1:41745770_T_C	1:41583610_T_C
1:41745770_T_C	1:41591134_T_C
1:41745770_T_C	1:41595081_C_T
1:41745770_T_C	1:41595165_G_T
1:41745770_T_C	1:41607331_A_G
1:41745770_T_C	1:41610814_A_T
1:41745770_T_C	1:41613890_C_A
1:41745770_T_C	1:41618442_A_T
1:41745770_T_C	1:41620387_A_G
1:41745770_T_C	1:41621385_A_G
1:41745770_T_C	1:41621419_T_C
1:41745770_T_C	1:41630124_A_AG
1:41745770_T_C	1:41631329_A_C
1:41745770_T_C	1:41632601_T_C
1:41745770_T_C	1:41633782_G_A
1:41745770_T_C	1:41636924_C_A
1:41745770_T_C	1:41644987_G_GC
1:41745770_T_C	1:41646808_G_C
1:41745770_T_C	1:41663367_T_TA
1:41745770_T_C	1:41665456_T_A
1:41745770_T_C	1:41670906_C_T
1:41745770_T_C	1:41671734_TAGATAAAACCACAAA_T
1:41745770_T_C	1:41673582_G_C
1:41745770_T_C	1:41674613_A_C
1:41745770_T_C	1:41677215_T_C
1:41745770_T_C	1:41677544_T_A
1:41745770_T_C	1:41685422_C_T
1:41745770_T_C	1:41686655_TTTAA_T
1:41745770_T_C	1:41687167_CA_C
1:41745770_T_C	1:41691323_C_T
1:41745770_T_C	1:41704787_T_TA
1:41745770_T_C	1:41714807_A_G
1:41745770_T_C	1:41714878_C_T
1:41745770_T_C	1:41719115_A_G
1:41745770_T_C	1:41719455_G_GT
1:41745770_T_C	1:41722396_G_A
1:41745770_T_C	1:41727027_C_T
1:41745770_T_C	1:41735943_C_T
1:41745770_T_C	1:41742155_G_A
1:41745770_T_C	1:41744821_G_A
1:41745770_T_C	1:42864638_TAA_T
1:41745770_T_C	1:42883403_T_C
1:41745770_T_C	1:42898577_T_C
1:41745770_T_C	1:42903187_A_AT
1:41745770_T_C	1:42903360_T_A
1:41745770_T_C	1:42904901_A_AAAC
1:41745770_T_C	1:42905037_G_A
1:41745770_T_C	1:42906630_T_C
1:41745770_T_C	1:42907583_A_G
1:41745770_T_C	1:42908219_A_T
1:41745770_T_C	1:42910624_A_G
1:41745770_T_C	1:42911502_T_C
1:41745770_T_C	1:42911819_A_G
1:41745770_T_C	1:42912066_T_C
1:41745770_T_C	1:42912305_A_C
1:41745770_T_C	1:42912687_T_G
1:41745770_T_C	1:42912688_A_G
1:41745770_T_C	1:42912689_A_C
1:41745770_T_C	1:42915409_A_G
1:41745770_T_C	1:42915753_T_C
1:41745770_T_C	1:42916036_A_G
1:41745770_T_C	1:42916408_C_T
1:41745770_T_C	1:42916544_A_G
1:41745770_T_C	1:42918587_G_T
1:41745770_T_C	1:42918754_A_C
1:41745770_T_C	1:42921066_C_G
1:41745770_T_C	1:42921211_C_G
1:41745770_T_C	1:42923470_A_G
1:41745770_T_C	1:42923626_C_CA
1:41745770_T_C	1:42923651_T_A
1:41745770_T_C	1:42925080_T_C
1:41745770_T_C	1:42925688_T_G
1:41745770_T_C	1:42927473_T_C
1:41745770_T_C	1:42928979_A_C
1:41745770_T_C	1:42929130_A_C
1:41745770_T_C	1:42930675_A_C
1:41745770_T_C	1:42931327_T_C
1:41745770_T_C	1:42931534_G_A
1:41745770_T_C	1:42932228_GT_G
1:41745770_T_C	1:42936167_A_G
1:41745770_T_C	1:42937560_C_CT
1:41745770_T_C	1:42937560_C_CTTTTT
1:41745770_T_C	1:42941835_T_C
1:41745770_T_C	1:42945013_T_C
1:41745770_T_C	1:42945235_CT_C
1:41745770_T_C	1:42946462_C_T
1:41745770_T_C	1:42946674_G_T
1:41745770_T_C	1:42947247_CAAA_C
1:41745770_T_C	1:42947921_G_C
1:41745770_T_C	1:42948585_C_A
1:41745770_T_C	1:42949804_T_A
1:41745770_T_C	1:42950487_G_A
1:41745770_T_C	1:42951330_G_A
1:41745770_T_C	1:42954823_A_G
1:41745770_T_C	1:42959090_G_C
1:41745770_T_C	1:42959296_G_A
1:41745770_T_C	1:42961041_A_G
1:41745770_T_C	1:42965451_C_CT
1:41745770_T_C	1:42966550_G_A
1:41745770_T_C	1:42966978_T_C
1:41745770_T_C	1:42970093_A_G
1:41745770_T_C	1:42970208_T_C
1:41745770_T_C	1:42971966_G_A
1:41745770_T_C	1:42972798_G_A
1:41745770_T_C	1:42976851_T_C
1:41745770_T_C	1:42978550_A_G
1:41745770_T_C	1:42982078_A_G
1:41745770_T_C	1:42983312_T_TTC
1:41745770_T_C	1:42985831_G_GT
1:41745770_T_C	1:42986438_G_A
1:41745770_T_C	1:42986770_A_G
1:41745770_T_C	1:42987605_G_A
1:41745770_T_C	1:42989423_C_G
1:41745770_T_C	1:42990898_C_T
1:41745770_T_C	1:42992731_G_A
1:41745770_T_C	1:42994117_A_G
1:41745770_T_C	1:42994621_A_T
1:41745770_T_C	1:42996704_T_C
1:41745770_T_C	1:42999639_CA_C
1:41745770_T_C	1:42999787_T_A
1:41745770_T_C	1:43000249_T_G
1:41745770_T_C	1:43001724_G_A
1:41745770_T_C	1:43002744_G_A
1:41745770_T_C	1:43003228_G_A
1:41745770_T_C	1:43003782_A_G
1:41745770_T_C	1:43005589_TA_T
1:41745770_T_C	1:43006953_A_T
1:41745770_T_C	1:43009461_T_A
1:41745770_T_C	1:43011389_A_G
1:41745770_T_C	1:43012184_A_G
1:41745770_T_C	1:43012824_T_A
1:41745770_T_C	1:43016954_G_A
1:41745770_T_C	1:43021810_C_T
1:41745770_T_C	1:43024748_T_C
1:41745770_T_C	1:43026949_A_G
1:41745770_T_C	1:43028103_T_C
1:41745770_T_C	1:43030158_G_A
1:41745770_T_C	1:43030190_A_ACCTCAGGTGATCCACCCACCTCGG
1:41745770_T_C	1:43033623_G_A
1:41745770_T_C	1:43034336_A_G
1:41745770_T_C	1:43034740_T_C
1:41745770_T_C	1:43035620_C_G
1:41745770_T_C	1:43036481_A_G
1:41745770_T_C	1:43037603_T_A
1:41745770_T_C	1:43037684_C_T
1:41745770_T_C	1:43077310_AT_A
1:41745770_T_C	1:43135438_T_C
1:41745770_T_C	1:43155918_C_CT
1:41745770_T_C	1:43156542_C_A
1:41745770_T_C	1:43158430_C_A
1:41745770_T_C	1:43158490_G_A
1:41745770_T_C	1:43160081_GTT_G
1:41745770_T_C	1:43163546_C_T
1:41745770_T_C	1:43169007_A_G
1:41745770_T_C	1:43170523_C_T
1:41745770_T_C	1:43170548_G_A
1:41745770_T_C	1:43171822_T_C
1:41745770_T_C	1:43172247_T_C
1:41745770_T_C	1:43176293_T_C
1:41745770_T_C	1:43179060_T_C
1:41745770_T_C	1:43179196_GTTATA_G
1:41745770_T_C	1:43185046_GA_G
1:41745770_T_C	1:43232798_G_T
1:41745770_T_C	1:43233484_G_A
1:41745770_T_C	1:43238031_A_G
1:41745770_T_C	1:43253010_G_A
1:41745770_T_C	1:43266058_T_C
1:41745770_T_C	1:43270419_AT_A
1:41745770_T_C	1:43272246_C_T
1:41745770_T_C	1:43275796_T_C
1:41745770_T_C	1:43278242_C_T
1:41745770_T_C	1:43279132_C_T
1:41745770_T_C	1:43279896_G_GC
1:41745770_T_C	1:43285754_C_T
1:41745770_T_C	1:43289804_A_G
1:41745770_T_C	1:43294439_G_A
1:41745770_T_C	1:43296173_C_T
1:41745770_T_C	1:51530170_A_ACA
1:98562260_T_C	1:88692313_G_A
1:98562260_T_C	1:89897506_CAA_C
1:98562260_T_C	1:89923326_T_TA
1:98562260_T_C	1:90609560_T_C
1:98562260_T_C	1:90980414_A_C
1:98562260_T_C	1:96541150_C_T
1:98562260_T_C	1:96553155_C_G
1:98562260_T_C	1:98223916_CA_C
1:98562260_T_C	1:98227080_A_G
1:98562260_T_C	1:98230887_T_C
1:98562260_T_C	1:98233046_GTTCTGT_G
1:98562260_T_C	1:98233530_G_C
1:98562260_T_C	1:98234512_C_T
1:98562260_T_C	1:98236756_G_A
1:98562260_T_C	1:98239710_G_A
1:98562260_T_C	1:98244251_G_A
1:98562260_T_C	1:98244768_G_C
1:98562260_T_C	1:98253405_A_G
1:98562260_T_C	1:98253510_G_A
1:98562260_T_C	1:98253666_T_C
1:98562260_T_C	1:98253738_A_G
1:98562260_T_C	1:98254702_G_A
1:98562260_T_C	1:98255121_G_A
1:98562260_T_C	1:98258690_C_T
1:98562260_T_C	1:98262653_A_T
1:98562260_T_C	1:98263014_CT_C
1:98562260_T_C	1:98263610_C_T
1:98562260_T_C	1:98264578_G_A
1:98562260_T_C	1:98265667_G_A
1:98562260_T_C	1:98266745_A_AG
1:98562260_T_C	1:98266746_A_G
1:98562260_T_C	1:98267427_G_T
1:98562260_T_C	1:98268137_A_C
1:98562260_T_C	1:98270478_C_A
1:98562260_T_C	1:98271226_A_C
1:98562260_T_C	1:98275559_C_T
1:98562260_T_C	1:98275611_C_G
1:98562260_T_C	1:98275695_T_C
1:98562260_T_C	1:98279091_T_C
1:98562260_T_C	1:98279259_T_G
1:98562260_T_C	1:98280639_AAGAAAAGAGAAGAGAAG_A
1:98562260_T_C	1:98282662_C_T
1:98562260_T_C	1:98283854_T_C
1:98562260_T_C	1:98283965_A_G
1:98562260_T_C	1:98284940_T_C
1:98562260_T_C	1:98285320_A_G
1:98562260_T_C	1:98285422_A_G
1:98562260_T_C	1:98287474_C_T
1:98562260_T_C	1:98287683_C_T
1:98562260_T_C	1:98287790_C_A
1:98562260_T_C	1:98288517_A_C
1:98562260_T_C	1:98288805_G_A
1:98562260_T_C	1:98289809_A_G
1:98562260_T_C	1:98290577_C_T
1:98562260_T_C	1:98290685_C_T
1:98562260_T_C	1:98291840_T_A
1:98562260_T_C	1:98291971_GTTCT_G
1:98562260_T_C	1:98292937_A_G
1:98562260_T_C	1:98294250_T_C
1:98562260_T_C	1:98294255_CA_C
1:98562260_T_C	1:98295006_A_T
1:98562260_T_C	1:98296227_C_T
1:98562260_T_C	1:98297731_C_G
1:98562260_T_C	1:98309251_A_C
1:98562260_T_C	1:98316150_CAG_C
1:98562260_T_C	1:98316285_T_G
1:98562260_T_C	1:98316355_C_T
1:98562260_T_C	1:98327133_A_C
1:98562260_T_C	1:98332523_G_C
1:98562260_T_C	1:98340139_A_T
1:98562260_T_C	1:98375391_C_T
1:98562260_T_C	1:98376245_C_T
1:98562260_T_C	1:98376502_G_T
1:98562260_T_C	1:98378786_A_C
1:98562260_T_C	1:98379562_G_A
1:98562260_T_C	1:98381437_T_G
1:98562260_T_C	1:98381860_T_C
1:98562260_T_C	1:98382113_G_A
1:98562260_T_C	1:98382114_G_T
1:98562260_T_C	1:98383395_C_T
1:98562260_T_C	1:98385673_T_A
1:98562260_T_C	1:98385830_T_C
1:98562260_T_C	1:98390072_T_A
1:98562260_T_C	1:98391864_C_A
1:98562260_T_C	1:98394864_A_G
1:98562260_T_C	1:98395714_T_A
1:98562260_T_C	1:98395881_G_T
1:98562260_T_C	1:98396847_C_T
1:98562260_T_C	1:98397765_C_T
1:98562260_T_C	1:98399903_G_T
1:98562260_T_C	1:98400439_T_A
1:98562260_T_C	1:98400957_C_CGATAT
1:98562260_T_C	1:98403226_TTTGTTG_T
1:98562260_T_C	1:98404234_T_C
1:98562260_T_C	1:98405032_C_G
1:98562260_T_C	1:98405856_G_A
1:98562260_T_C	1:98409303_C_A
1:98562260_T_C	1:98409901_A_G
1:98562260_T_C	1:98410616_C_T
1:98562260_T_C	1:98411869_G_A
1:98562260_T_C	1:98416157_A_G
1:98562260_T_C	1:98416940_T_C
1:98562260_T_C	1:98417446_G_C
1:98562260_T_C	1:98417967_C_A
1:98562260_T_C	1:98418687_G_A
1:98562260_T_C	1:98419702_C_T
1:98562260_T_C	1:98420453_G_C
1:98562260_T_C	1:98421934_A_G
1:98562260_T_C	1:98421965_C_A
1:98562260_T_C	1:98422612_A_G
1:98562260_T_C	1:98423149_G_A
1:98562260_T_C	1:98424252_G_A
1:98562260_T_C	1:98425888_A_G
1:98562260_T_C	1:98426476_G_A
1:98562260_T_C	1:98427843_CT_C
1:98562260_T_C	1:98428260_C_T
1:98562260_T_C	1:98430950_C_A
1:98562260_T_C	1:98431165_A_G
1:98562260_T_C	1:98431639_G_A
1:98562260_T_C	1:98432507_T_A
1:98562260_T_C	1:98432826_G_A
1:98562260_T_C	1:98432916_A_G
1:98562260_T_C	1:98433535_T_A
1:98562260_T_C	1:98435544_G_A
1:98562260_T_C	1:98436232_T_G
1:98562260_T_C	1:98437528_CA_C
1:98562260_T_C	1:98437556_T_G
1:98562260_T_C	1:98438135_A_C
1:98562260_T_C	1:98440529_C_T
1:98562260_T_C	1:98441830_G_A
1:98562260_T_C	1:98441888_T_C
1:98562260_T_C	1:98442308_T_G
1:98562260_T_C	1:98443440_T_A
1:98562260_T_C	1:98443509_C_T
1:98562260_T_C	1:98443858_A_G
1:98562260_T_C	1:98445830_C_G
1:98562260_T_C	1:98446194_G_C
1:98562260_T_C	1:98447298_A_C
1:98562260_T_C	1:98448341_A_G
1:98562260_T_C	1:98449825_ACTGT_A
1:98562260_T_C	1:98452069_C_T
1:98562260_T_C	1:98454469_G_T
1:98562260_T_C	1:98455957_G_A
1:98562260_T_C	1:98456731_C_T
1:98562260_T_C	1:98456907_C_A
1:98562260_T_C	1:98457303_C_G
1:98562260_T_C	1:98457523_A_T
1:98562260_T_C	1:98460106_G_A
1:98562260_T_C	1:98461257_G_GTTGT
1:98562260_T_C	1:98461954_T_C
1:98562260_T_C	1:98465528_G_A
1:98562260_T_C	1:98468538_CTA_C
1:98562260_T_C	1:98470051_C_CAT
1:98562260_T_C	1:98470605_A_G
1:98562260_T_C	1:98472879_C_T
1:98562260_T_C	1:98472958_T_A
1:98562260_T_C	1:98473716_T_A
1:98562260_T_C	1:98474767_C_T
1:98562260_T_C	1:98475522_T_C
1:98562260_T_C	1:98475913_G_A
1:98562260_T_C	1:98476718_G_A
1:98562260_T_C	1:98476950_T_C
1:98562260_T_C	1:98476958_C_T
1:98562260_T_C	1:98476966_G_C
1:98562260_T_C	1:98478544_A_T
1:98562260_T_C	1:98478981_C_T
1:98562260_T_C	1:98480128_T_C
1:98562260_T_C	1:98482580_G_A
1:98562260_T_C	1:98482693_A_G
1:98562260_T_C	1:98482828_A_G
1:98562260_T_C	1:98482961_C_T
1:98562260_T_C	1:98483035_G_A
1:98562260_T_C	1:98483150_A_G
1:98562260_T_C	1:98483322_T_C
1:98562260_T_C	1:98484152_T_C
1:98562260_T_C	1:98484291_G_A
1:98562260_T_C	1:98484474_T_C
1:98562260_T_C	1:98484617_C_T
1:98562260_T_C	1:98484954_G_T
1:98562260_T_C	1:98485102_G_A
1:98562260_T_C	1:98485192_C_T
1:98562260_T_C	1:98485573_C_T
1:98562260_T_C	1:98485698_C_CTTT
1:98562260_T_C	1:98485927_T_C
1:98562260_T_C	1:98486162_T_C
1:98562260_T_C	1:98486242_C_CA
1:98562260_T_C	1:98486370_G_A
1:98562260_T_C	1:98487333_A_G
1:98562260_T_C	1:98487510_C_A
1:98562260_T_C	1:98487566_C_T
1:98562260_T_C	1:98487763_G_A
1:98562260_T_C	1:98487899_C_A
1:98562260_T_C	1:98487959_G_A
1:98562260_T_C	1:98488030_G_A
1:98562260_T_C	1:98488155_G_A
1:98562260_T_C	1:98488863_A_G
1:98562260_T_C	1:98488895_C_T
1:98562260_T_C	1:98489080_G_A
1:98562260_T_C	1:98489277_A_ATACTT
1:98562260_T_C	1:98489330_C_T
1:98562260_T_C	1:98489478_A_G
1:98562260_T_C	1:98489735_T_C
1:98562260_T_C	1:98490011_CTT_C
1:98562260_T_C	1:98490165_C_T
1:98562260_T_C	1:98490358_G_T
1:98562260_T_C	1:98490636_T_C
1:98562260_T_C	1:98490770_C_CTTAAGTAT
1:98562260_T_C	1:98491248_A_C
1:98562260_T_C	1:98491382_G_A
1:98562260_T_C	1:98491473_A_C
1:98562260_T_C	1:98491732_T_C
1:98562260_T_C	1:98492462_C_T
1:98562260_T_C	1:98492854_T_C
1:98562260_T_C	1:98493263_A_G
1:98562260_T_C	1:98493785_G_A
1:98562260_T_C	1:98493789_A_G
1:98562260_T_C	1:98494185_G_A
1:98562260_T_C	1:98494200_A_C
1:98562260_T_C	1:98494388_T_TA
1:98562260_T_C	1:98494606_A_G
1:98562260_T_C	1:98495513_T_C
1:98562260_T_C	1:98497176_A_C
1:98562260_T_C	1:98497672_A_G
1:98562260_T_C	1:98498898_C_A
1:98562260_T_C	1:98499843_T_C
1:98562260_T_C	1:98501984_T_C
1:98562260_T_C	1:98502159_G_C
1:98562260_T_C	1:98502340_G_A
1:98562260_T_C	1:98502410_A_C
1:98562260_T_C	1:98502594_A_C
1:98562260_T_C	1:98507696_A_G
1:98562260_T_C	1:98507718_C_A
1:98562260_T_C	1:98508258_C_T
1:98562260_T_C	1:98512127_G_T
1:98562260_T_C	1:98513144_T_A
1:98562260_T_C	1:98513675_G_GGC
1:98562260_T_C	1:98513845_G_A
1:98562260_T_C	1:98513959_A_G
1:98562260_T_C	1:98520219_T_A
1:98562260_T_C	1:98521585_A_G
1:98562260_T_C	1:98524960_A_G
1:98562260_T_C	1:98525221_A_G
1:98562260_T_C	1:98526167_T_C
1:98562260_T_C	1:98527259_C_T
1:98562260_T_C	1:98528211_A_C
1:98562260_T_C	1:98528452_C_T
1:98562260_T_C	1:98528830_C_T
1:98562260_T_C	1:98529378_A_G
1:98562260_T_C	1:98530398_A_G
1:98562260_T_C	1:98530559_T_C
1:98562260_T_C	1:98531022_A_G
1:98562260_T_C	1:98532403_T_C
1:98562260_T_C	1:98532848_A_G
1:98562260_T_C	1:98533392_G_A
1:98562260_T_C	1:98535375_A_C
1:98562260_T_C	1:98536724_C_T
1:98562260_T_C	1:98536725_T_A
1:98562260_T_C	1:98537363_T_G
1:98562260_T_C	1:98537817_TC_T
1:98562260_T_C	1:98537932_A_T
1:98562260_T_C	1:98540744_A_T
1:98562260_T_C	1:98541287_C_CT
1:98562260_T_C	1:98541309_G_A
1:98562260_T_C	1:98541359_A_G
1:98562260_T_C	1:98541836_C_G
1:98562260_T_C	1:98545954_C_T
1:98562260_T_C	1:98546134_G_A
1:98562260_T_C	1:98546821_G_A
1:98562260_T_C	1:98547502_A_G
1:98562260_T_C	1:98549810_A_G
1:98562260_T_C	1:98550374_G_A
1:98562260_T_C	1:98550411_T_C
1:98562260_T_C	1:98555553_C_T
1:98562260_T_C	1:98555752_TA_T
1:98562260_T_C	1:98556159_A_T
1:98562260_T_C	1:98557010_T_C
1:98562260_T_C	1:98559024_T_C
1:98562260_T_C	1:98559093_T_A
1:98562260_T_C	1:98966257_A_G
1:98562260_T_C	1:98966324_T_C
1:98562260_T_C	1:98966328_T_G
1:98562260_T_C	1:98966688_C_T
1:98562260_T_C	1:98967249_A_G
1:98562260_T_C	1:98968130_G_A
1:98562260_T_C	1:98998156_A_G
1:98562260_T_C	1:99002621_A_G
1:98562260_T_C	1:99008004_T_G
1:98562260_T_C	1:99010331_C_A
1:98562260_T_C	1:99074549_C_T
1:98562260_T_C	1:99090942_G_A
1:98562260_T_C	1:99185477_A_G
1:98562260_T_C	1:99185632_A_G
1:98562260_T_C	1:99185989_T_C
1:98562260_T_C	1:99186721_A_G
1:98562260_T_C	1:99188344_AATG_A
1:98562260_T_C	1:99188373_A_T
1:98562260_T_C	1:99188599_C_T
1:98562260_T_C	1:99188806_A_G
1:98562260_T_C	1:99189017_CT_C
1:98562260_T_C	1:99189039_G_T
1:98562260_T_C	1:99189935_C_T
1:98562260_T_C	1:99191063_C_T
1:98562260_T_C	1:99191143_C_T
1:98562260_T_C	1:99191881_G_A
1:98562260_T_C	1:99191980_T_C
1:98562260_T_C	1:99192215_AT_A
1:98562260_T_C	1:99192462_G_A
1:98562260_T_C	1:99195789_TA_T
1:98562260_T_C	1:99197193_C_T
1:98562260_T_C	1:99197496_G_A
1:98562260_T_C	1:99197600_G_A
1:98562260_T_C	1:99198542_G_A
1:98562260_T_C	1:99198770_TCTC_T
1:98562260_T_C	1:99199457_G_A
1:98562260_T_C	1:99199734_G_T
1:98562260_T_C	1:99199742_G_A
1:98562260_T_C	1:99200544_A_G
1:98562260_T_C	1:99200741_G_A
1:98562260_T_C	1:99202634_G_T
1:98562260_T_C	1:99204596_G_A
1:98562260_T_C	1:99204684_A_T
1:98562260_T_C	1:99205172_T_G
1:98562260_T_C	1:99205242_CAGATA_C
1:98562260_T_C	1:99205528_G_C
1:98562260_T_C	1:99205992_G_A
1:98562260_T_C	1:99206273_C_T
1:98562260_T_C	1:99206542_G_A
1:98562260_T_C	1:99206773_C_T
1:98562260_T_C	1:99206788_G_A
1:98562260_T_C	1:99207971_G_T
1:98562260_T_C	1:99208922_TTTAAA_T
1:98562260_T_C	1:99211276_T_C
1:98562260_T_C	1:99212311_T_C
1:98562260_T_C	1:99223208_C_T
1:98562260_T_C	1:99223508_C_T
1:98562260_T_C	1:99224250_T_G
1:98562260_T_C	1:99226477_A_G
1:98562260_T_C	1:99227621_AT_A
1:98562260_T_C	1:99230046_G_C
1:98562260_T_C	1:99230158_T_TA
1:98562260_T_C	1:99231152_A_T
1:98562260_T_C	1:99233980_T_A
1:98562260_T_C	1:99234825_G_A
1:98562260_T_C	1:99235941_A_G
1:98562260_T_C	1:99237347_T_C
1:98562260_T_C	1:99242849_A_G
1:98562260_T_C	1:99242884_T_A
1:98562260_T_C	1:99248551_A_G
1:98562260_T_C	1:99248917_G_A
1:98562260_T_C	1:99248918_A_T
1:98562260_T_C	1:99260372_T_TTA
1:98562260_T_C	1:99350233_G_A
1:98562260_T_C	1:99352781_G_A
1:98562260_T_C	1:99361788_C_T
1:98562260_T_C	1:99367737_C_T
1:98562260_T_C	1:99368627_C_A
1:98562260_T_C	1:99369685_C_T
1:98562260_T_C	1:99370528_C_T
1:98562260_T_C	1:99370765_G_C
1:98562260_T_C	1:99371878_A_C
1:98562260_T_C	1:99372148_C_A
1:98562260_T_C	1:99372616_C_T
1:98562260_T_C	1:99373428_T_C
1:98562260_T_C	1:99373488_T_C
1:98562260_T_C	1:99373559_G_T
1:98562260_T_C	1:99373662_C_T
1:98562260_T_C	1:99373916_A_T
1:98562260_T_C	1:99374045_T_G
1:98562260_T_C	1:99374181_A_C
1:98562260_T_C	1:99387892_A_G
1:98562260_T_C	1:99388561_A_C
1:98562260_T_C	1:99388780_T_C
1:98562260_T_C	1:99389462_A_T
1:98562260_T_C	1:99392984_C_T
1:98562260_T_C	1:99393710_T_C
1:98562260_T_C	1:99395309_C_A
1:98562260_T_C	1:99395390_T_A
1:98562260_T_C	1:99395692_G_A
1:98562260_T_C	1:99911709_A_T
1:98562260_T_C	1:100784091_GA_G
1:98562260_T_C	1:101088010_G_A
1:98562260_T_C	1:103452742_T_C
1:98562260_T_C	1:103452809_G_GAT
1:98562260_T_C	1:103453379_G_C
1:98562260_T_C	1:103453824_C_T
1:98562260_T_C	1:103455899_TA_T
1:98562260_T_C	1:103553607_T_A
1:98562260_T_C	1:106979688_GC_G
1:98562260_T_C	1:108093866_T_C
1:98562260_T_C	1:108112059_C_T
1:98562260_T_C	1:108116051_G_A
1:98562260_T_C	1:108126723_C_T
1:98562260_T_C	1:108159875_C_T
1:98562260_T_C	1:108169073_T_C
9:15547564_T_TTTC	9:7167481_G_T
9:15547564_T_TTTC	9:7168193_G_A
9:15547564_T_TTTC	9:7170165_G_A
9:15547564_T_TTTC	9:7171021_G_C
9:15547564_T_TTTC	9:7173176_C_A
9:15547564_T_TTTC	9:7173752_A_G
9:15547564_T_TTTC	9:7174250_A_ACCTCGTTGGGCAAGAGC
9:15547564_T_TTTC	9:7174430_T_C
9:15547564_T_TTTC	9:7175689_G_A
9:15547564_T_TTTC	9:7176125_A_G
9:15547564_T_TTTC	9:7177068_A_C
9:15547564_T_TTTC	9:7177496_G_C
9:15547564_T_TTTC	9:7177945_A_G
9:15547564_T_TTTC	9:7178197_G_A
9:15547564_T_TTTC	9:7178410_G_A
9:15547564_T_TTTC	9:7178499_CT_C
9:15547564_T_TTTC	9:7181406_C_T
9:15547564_T_TTTC	9:7182267_A_G
9:15547564_T_TTTC	9:7182349_C_G
9:15547564_T_TTTC	9:7186222_C_T
9:15547564_T_TTTC	9:7187974_C_T
9:15547564_T_TTTC	9:7192758_A_T
9:15547564_T_TTTC	9:7194880_A_C
9:15547564_T_TTTC	9:7195131_T_C
9:15547564_T_TTTC	9:7196816_G_A
9:15547564_T_TTTC	9:7197469_T_C
9:15547564_T_TTTC	9:7197543_G_A
9:15547564_T_TTTC	9:7197569_C_T
9:15547564_T_TTTC	9:7197796_C_T
9:15547564_T_TTTC	9:7198174_TC_T
9:15547564_T_TTTC	9:7198532_G_C
9:15547564_T_TTTC	9:7198688_G_A
9:15547564_T_TTTC	9:7198867_A_G
9:15547564_T_TTTC	9:7200125_T_G
9:15547564_T_TTTC	9:15533394_T_C
9:15547564_T_TTTC	9:15535211_A_T
9:15547564_T_TTTC	9:15536667_G_A
9:15547564_T_TTTC	9:15536855_A_T
9:15547564_T_TTTC	9:15537508_C_G
9:15547564_T_TTTC	9:15538695_C_T
9:15547564_T_TTTC	9:15538710_A_G
9:15547564_T_TTTC	9:15538875_TC_T
9:15547564_T_TTTC	9:15539811_G_A
9:15547564_T_TTTC	9:15539893_T_A
9:15547564_T_TTTC	9:15540493_GA_G
9:15547564_T_TTTC	9:15540955_C_T
9:15547564_T_TTTC	9:15542854_T_TA
9:15547564_T_TTTC	9:15544049_C_T
9:15547564_T_TTTC	9:15544062_G_A
9:15547564_T_TTTC	9:15544388_A_G
9:15547564_T_TTTC	9:15544619_A_C
9:15547564_T_TTTC	9:15545230_C_T
9:15547564_T_TTTC	9:15545737_G_A
9:15547564_T_TTTC	9:15545807_C_T
9:15547564_T_TTTC	9:15545865_CTTTTTTT_C
9:15547564_T_TTTC	9:15548007_A_T
9:15547564_T_TTTC	9:15549502_A_T
9:15547564_T_TTTC	9:15550114_T_G
9:15547564_T_TTTC	9:15553591_G_C
9:15547564_T_TTTC	9:15554021_C_CT
9:15547564_T_TTTC	9:15554960_T_C
9:15547564_T_TTTC	9:15555038_C_G
9:15547564_T_TTTC	9:15555458_C_T
9:15547564_T_TTTC	9:15556533_A_C
9:15547564_T_TTTC	9:15556750_T_C
9:15547564_T_TTTC	9:15557752_G_A
9:15547564_T_TTTC	9:15557949_T_G
9:15547564_T_TTTC	9:15559693_C_G
9:15547564_T_TTTC	9:15559745_G_T
9:15547564_T_TTTC	9:15560517_C_T
9:15547564_T_TTTC	9:15560848_T_TC
9:15547564_T_TTTC	9:15562879_G_A
9:15547564_T_TTTC	9:15562902_T_TAG
9:15547564_T_TTTC	9:15563200_A_G
9:15547564_T_TTTC	9:15564904_G_A
9:15547564_T_TTTC	9:15566017_G_A
9:15547564_T_TTTC	9:15567025_C_CT
9:15547564_T_TTTC	9:15567200_A_C
9:15547564_T_TTTC	9:15568070_T_A
9:15547564_T_TTTC	9:15568230_A_G
9:15547564_T_TTTC	9:15568330_G_A
9:15547564_T_TTTC	9:15568435_AT_A
9:15547564_T_TTTC	9:15569541_C_T
9:15547564_T_TTTC	9:15569585_G_A
9:15547564_T_TTTC	9:15569836_C_CAA
9:15547564_T_TTTC	9:15569843_AC_A
9:15547564_T_TTTC	9:15570319_C_T
9:15547564_T_TTTC	9:15572744_T_A
9:15547564_T_TTTC	9:15573582_A_G
9:15547564_T_TTTC	9:15573639_T_TC
9:15547564_T_TTTC	9:15573753_A_C
9:15547564_T_TTTC	9:15574785_G_C
9:15547564_T_TTTC	9:15574853_T_C
9:15547564_T_TTTC	9:15576114_T_TATC
9:15547564_T_TTTC	9:15576131_TTG_T
9:15547564_T_TTTC	9:15577004_T_G
9:15547564_T_TTTC	9:15577549_G_C
9:15547564_T_TTTC	9:15578352_C_T
9:15547564_T_TTTC	9:15578530_A_T
9:15547564_T_TTTC	9:15581302_C_T
9:15547564_T_TTTC	9:15582252_G_C
9:15547564_T_TTTC	9:15583444_G_C
9:15547564_T_TTTC	9:15584228_A_T
9:15547564_T_TTTC	9:15584485_A_T
9:15547564_T_TTTC	9:15584809_G_C
9:15547564_T_TTTC	9:15585047_C_T
9:15547564_T_TTTC	9:15585395_A_G
9:15547564_T_TTTC	9:15586534_C_T
9:15547564_T_TTTC	9:15588008_G_A
9:15547564_T_TTTC	9:15590755_T_TTCTTTCTTTCTTTC
9:15547564_T_TTTC	9:15591372_T_A
9:15547564_T_TTTC	9:15595858_C_T
9:15547564_T_TTTC	9:15596224_A_G
9:15547564_T_TTTC	9:15597042_G_T
9:15547564_T_TTTC	9:15597149_C_T
9:15547564_T_TTTC	9:15597193_A_G
9:15547564_T_TTTC	9:15597990_T_C
9:15547564_T_TTTC	9:15599027_A_T
9:15547564_T_TTTC	9:15599101_A_G
9:15547564_T_TTTC	9:15599158_C_T
9:15547564_T_TTTC	9:15599350_C_A
9:15547564_T_TTTC	9:15599351_A_G
9:15547564_T_TTTC	9:15600741_A_G
9:15547564_T_TTTC	9:15601139_C_T
9:15547564_T_TTTC	9:15601971_G_A
9:15547564_T_TTTC	9:15602068_A_T
9:15547564_T_TTTC	9:15602101_C_T
9:15547564_T_TTTC	9:15603066_A_G
9:15547564_T_TTTC	9:15604093_G_GT
9:15547564_T_TTTC	9:15604746_T_G
9:15547564_T_TTTC	9:15608986_A_T
9:15547564_T_TTTC	9:15608987_A_T
9:15547564_T_TTTC	9:15609961_T_G
9:15547564_T_TTTC	9:15610507_T_C
9:15547564_T_TTTC	9:15611407_G_C
9:15547564_T_TTTC	9:15611506_C_A
9:15547564_T_TTTC	9:15613838_T_A
9:15547564_T_TTTC	9:15614370_A_T
9:15547564_T_TTTC	9:15615321_C_T
9:15547564_T_TTTC	9:15615932_C_T
9:15547564_T_TTTC	9:15616281_G_A
9:15547564_T_TTTC	9:15616508_T_G
9:15547564_T_TTTC	9:15617677_G_T
9:15547564_T_TTTC	9:15619125_T_C
9:15547564_T_TTTC	9:15621105_T_C
9:15547564_T_TTTC	9:15621211_T_C
9:15547564_T_TTTC	9:15622520_G_C
9:15547564_T_TTTC	9:15623163_A_G
9:15547564_T_TTTC	9:15623462_T_C
9:15547564_T_TTTC	9:15623475_A_G
9:15547564_T_TTTC	9:15623644_A_G
9:15547564_T_TTTC	9:15623961_C_T
9:15547564_T_TTTC	9:15624711_T_G
9:15547564_T_TTTC	9:15625217_T_C
9:15547564_T_TTTC	9:15625263_T_C
9:15547564_T_TTTC	9:15625906_G_C
9:15547564_T_TTTC	9:15626731_T_C
9:15547564_T_TTTC	9:15626925_T_C
9:15547564_T_TTTC	9:15627385_G_C
9:15547564_T_TTTC	9:15627510_G_C
9:15547564_T_TTTC	9:15628254_C_T
9:15547564_T_TTTC	9:15628515_G_A
9:15547564_T_TTTC	9:15629239_A_G
9:15547564_T_TTTC	9:15629455_C_G
9:15547564_T_TTTC	9:15630489_G_A
9:15547564_T_TTTC	9:15630545_A_G
9:15547564_T_TTTC	9:15631267_A_C
9:15547564_T_TTTC	9:15631268_G_A
9:15547564_T_TTTC	9:15631279_T_A
9:15547564_T_TTTC	9:15631735_C_A
9:15547564_T_TTTC	9:15632045_A_G
9:15547564_T_TTTC	9:15632175_T_C
9:15547564_T_TTTC	9:15632205_G_A
9:15547564_T_TTTC	9:15632245_A_G
9:15547564_T_TTTC	9:15633006_C_T
9:15547564_T_TTTC	9:15633070_T_G
9:15547564_T_TTTC	9:15633072_G_A
9:15547564_T_TTTC	9:15633216_C_T
9:15547564_T_TTTC	9:15633592_A_C
9:15547564_T_TTTC	9:15634244_T_A
9:15547564_T_TTTC	9:15634249_A_T
9:15547564_T_TTTC	9:15634326_T_C
9:15547564_T_TTTC	9:15634646_A_T
9:15547564_T_TTTC	9:15636260_C_A
9:15547564_T_TTTC	9:15637447_T_A
9:15547564_T_TTTC	9:15638364_A_G
9:15547564_T_TTTC	9:15638471_T_C
9:15547564_T_TTTC	9:15638678_A_T
9:15547564_T_TTTC	9:15640025_A_C
9:15547564_T_TTTC	9:15640042_T_A
9:15547564_T_TTTC	9:15640047_C_T
9:15547564_T_TTTC	9:15640404_C_T
9:15547564_T_TTTC	9:15641279_C_T
9:15547564_T_TTTC	9:15641978_A_G
9:15547564_T_TTTC	9:15642191_G_T
9:15547564_T_TTTC	9:15642225_T_C
9:15547564_T_TTTC	9:15642602_T_C
9:15547564_T_TTTC	9:15642883_A_G
9:15547564_T_TTTC	9:15642909_C_T
9:15547564_T_TTTC	9:15643065_T_A
9:15547564_T_TTTC	9:15643077_T_G
9:15547564_T_TTTC	9:15644441_G_A
9:15547564_T_TTTC	9:15644532_A_T
9:15547564_T_TTTC	9:15645343_AG_A
9:15547564_T_TTTC	9:15645713_C_T
9:15547564_T_TTTC	9:15645896_G_A
9:15547564_T_TTTC	9:15646646_CAAAG_C
9:15547564_T_TTTC	9:15647348_G_T
9:15547564_T_TTTC	9:15647499_A_C
9:15547564_T_TTTC	9:15648590_T_C
9:15547564_T_TTTC	9:15649496_A_C
9:15547564_T_TTTC	9:15650009_C_A
9:15547564_T_TTTC	9:15650011_T_G
9:15547564_T_TTTC	9:15650206_T_C
9:15547564_T_TTTC	9:15650504_G_A
9:15547564_T_TTTC	9:15653593_A_G
9:15547564_T_TTTC	9:15653868_G_T
9:15547564_T_TTTC	9:15653882_C_T
9:15547564_T_TTTC	9:15654254_T_A
9:15547564_T_TTTC	9:15655978_A_G
9:15547564_T_TTTC	9:15656259_G_C
9:15547564_T_TTTC	9:15658794_G_A
9:15547564_T_TTTC	9:15660497_T_C
9:15547564_T_TTTC	9:15660904_C_T
9:15547564_T_TTTC	9:15662037_G_A
9:15547564_T_TTTC	9:15662787_A_C
9:15547564_T_TTTC	9:15664421_T_A
9:15547564_T_TTTC	9:15664809_G_T
9:15547564_T_TTTC	9:15665201_G_T
9:15547564_T_TTTC	9:15665602_G_C
9:15547564_T_TTTC	9:15666712_A_G
9:15547564_T_TTTC	9:15667702_G_T
9:15547564_T_TTTC	9:15670445_T_C
9:15547564_T_TTTC	9:15670492_G_T
9:15547564_T_TTTC	9:15671691_CT_C
9:15547564_T_TTTC	9:15673893_G_A
9:15547564_T_TTTC	9:15674665_G_C
9:15547564_T_TTTC	9:15674969_C_T
9:15547564_T_TTTC	9:15676182_G_A
9:15547564_T_TTTC	9:15676255_T_G
9:15547564_T_TTTC	9:15677078_C_T
9:15547564_T_TTTC	9:15677427_T_C
9:15547564_T_TTTC	9:15677925_A_T
9:15547564_T_TTTC	9:15681694_C_A
9:15547564_T_TTTC	9:15681901_A_G
9:15547564_T_TTTC	9:15683175_G_C
9:15547564_T_TTTC	9:15683562_C_T
9:15547564_T_TTTC	9:15687161_C_G
9:15547564_T_TTTC	9:15687846_G_A
9:15547564_T_TTTC	9:15688401_A_T
9:15547564_T_TTTC	9:15689563_G_A
9:15547564_T_TTTC	9:15689759_C_G
9:15547564_T_TTTC	9:15690496_G_T
9:15547564_T_TTTC	9:15691712_G_T
9:15547564_T_TTTC	9:15693077_A_G
9:15547564_T_TTTC	9:15693225_C_G
9:15547564_T_TTTC	9:15693471_CAA_C
9:15547564_T_TTTC	9:15695533_C_G
9:15547564_T_TTTC	9:15695882_A_T
9:15547564_T_TTTC	9:15698062_GAGT_G
9:15547564_T_TTTC	9:15698068_A_ACC
9:15547564_T_TTTC	9:15698069_A_C
9:15547564_T_TTTC	9:15698293_G_T
9:15547564_T_TTTC	9:15698391_T_C
9:15547564_T_TTTC	9:15699078_C_T
9:15547564_T_TTTC	9:15699088_TA_T
9:15547564_T_TTTC	9:15699277_G_T
9:15547564_T_TTTC	9:15699817_G_A
9:15547564_T_TTTC	9:15699874_C_T
9:15547564_T_TTTC	9:15699913_T_C
9:15547564_T_TTTC	9:15699997_C_T
9:15547564_T_TTTC	9:15700391_G_A
9:15547564_T_TTTC	9:15700723_G_A
9:15547564_T_TTTC	9:15701074_C_T
9:15547564_T_TTTC	9:15701630_C_T
9:15547564_T_TTTC	9:15701695_G_A
9:15547564_T_TTTC	9:15702540_C_A
9:15547564_T_TTTC	9:15702704_G_T
9:15547564_T_TTTC	9:15702900_GT_G
9:15547564_T_TTTC	9:15703068_A_T
9:15547564_T_TTTC	9:15704193_ATTTG_A
9:15547564_T_TTTC	9:15704211_C_G
9:15547564_T_TTTC	9:15704337_A_G
9:15547564_T_TTTC	9:15704527_A_C
9:15547564_T_TTTC	9:15704715_A_G
9:15547564_T_TTTC	9:15704772_C_T
9:15547564_T_TTTC	9:15704787_T_C
9:15547564_T_TTTC	9:15705395_G_T
9:15547564_T_TTTC	9:15705479_C_A
9:15547564_T_TTTC	9:15705718_A_T
9:15547564_T_TTTC	9:15705955_C_T
9:15547564_T_TTTC	9:15706641_G_A
9:15547564_T_TTTC	9:15707223_C_T
9:15547564_T_TTTC	9:15707317_G_T
9:15547564_T_TTTC	9:15707406_A_T
9:15547564_T_TTTC	9:15707882_G_T
9:15547564_T_TTTC	9:15708140_C_A
9:15547564_T_TTTC	9:15709741_T_C
9:15547564_T_TTTC	9:15709795_A_G
9:15547564_T_TTTC	9:15710207_T_C
9:15547564_T_TTTC	9:15710393_C_T
9:15547564_T_TTTC	9:15710606_A_T
9:15547564_T_TTTC	9:15710636_C_T
9:15547564_T_TTTC	9:15710874_C_T
9:15547564_T_TTTC	9:15711143_G_A
9:15547564_T_TTTC	9:15711234_C_A
9:15547564_T_TTTC	9:15712674_C_G
9:15547564_T_TTTC	9:15713090_A_G
9:15547564_T_TTTC	9:15713413_A_G
9:15547564_T_TTTC	9:15713775_G_C
9:15547564_T_TTTC	9:15714456_A_C
9:15547564_T_TTTC	9:15714465_A_G
9:15547564_T_TTTC	9:15714658_C_T
9:15547564_T_TTTC	9:15714811_G_C
9:15547564_T_TTTC	9:15715215_G_A
9:15547564_T_TTTC	9:15715526_C_T
9:15547564_T_TTTC	9:15716039_T_C
9:15547564_T_TTTC	9:15718989_G_A
9:15547564_T_TTTC	9:15719658_T_G
9:15547564_T_TTTC	9:15720131_A_AAATT
9:15547564_T_TTTC	9:15720718_A_G
9:15547564_T_TTTC	9:15720790_A_C
9:15547564_T_TTTC	9:15723336_G_A
9:15547564_T_TTTC	9:15723547_T_C
9:15547564_T_TTTC	9:15725282_A_G
9:15547564_T_TTTC	9:15727144_A_G
9:15547564_T_TTTC	9:15728517_A_G
9:15547564_T_TTTC	9:15732420_C_A
9:15547564_T_TTTC	9:15733667_T_TTAATCACTC
9:15547564_T_TTTC	9:15733836_G_A
9:15547564_T_TTTC	9:15734514_C_T
9:15547564_T_TTTC	9:15735618_A_T
9:15547564_T_TTTC	9:15737363_T_G
9:15547564_T_TTTC	9:15737731_G_A
9:15547564_T_TTTC	9:15739738_A_ATT
9:15547564_T_TTTC	9:15740381_CT_C
9:15547564_T_TTTC	9:15740673_G_T
9:15547564_T_TTTC	9:15742075_C_CT
9:15547564_T_TTTC	9:15746168_G_A
9:15547564_T_TTTC	9:15746300_A_G
9:15547564_T_TTTC	9:15746302_G_A
9:15547564_T_TTTC	9:15747795_A_G
9:15547564_T_TTTC	9:15747856_C_G
9:15547564_T_TTTC	9:15749092_T_C
9:15547564_T_TTTC	9:15749141_CA_C
9:15547564_T_TTTC	9:15749960_G_A
9:15547564_T_TTTC	9:15750037_G_GT
9:15547564_T_TTTC	9:15750747_C_G
9:15547564_T_TTTC	9:15751024_C_T
9:15547564_T_TTTC	9:15751913_T_C
9:15547564_T_TTTC	9:15753411_T_C
9:15547564_T_TTTC	9:15753528_A_G
9:15547564_T_TTTC	9:15754393_A_G
9:15547564_T_TTTC	9:15754631_A_G
9:15547564_T_TTTC	9:15755645_T_A
9:15547564_T_TTTC	9:15756094_A_G
9:15547564_T_TTTC	9:15757537_G_A
9:15547564_T_TTTC	9:15759359_G_A
9:15547564_T_TTTC	9:15759446_G_C
9:15547564_T_TTTC	9:15759602_C_A
9:15547564_T_TTTC	9:15760822_C_T
9:15547564_T_TTTC	9:15760988_G_T
9:15547564_T_TTTC	9:15761077_C_T
9:15547564_T_TTTC	9:15761808_T_C
9:15547564_T_TTTC	9:15761880_CAA_C
9:15547564_T_TTTC	9:15762446_A_G
9:15547564_T_TTTC	9:15762716_T_C
9:15547564_T_TTTC	9:15763124_A_G
9:15547564_T_TTTC	9:15764178_A_G
9:15547564_T_TTTC	9:15764196_A_G
9:15547564_T_TTTC	9:15765429_G_C
9:15547564_T_TTTC	9:15765856_A_G
9:15547564_T_TTTC	9:15766661_A_AT
9:15547564_T_TTTC	9:15766694_C_T
9:15547564_T_TTTC	9:15767898_A_T
9:15547564_T_TTTC	9:15767899_T_A
9:15547564_T_TTTC	9:15768190_T_TAA
9:15547564_T_TTTC	9:15768683_G_A
9:15547564_T_TTTC	9:15769014_C_A
9:15547564_T_TTTC	9:15769256_A_G
9:15547564_T_TTTC	9:15769551_C_T
9:15547564_T_TTTC	9:15771170_A_G
9:15547564_T_TTTC	9:15771570_TTATCA_T
9:15547564_T_TTTC	9:15771859_G_T
9:15547564_T_TTTC	9:15773019_G_T
9:15547564_T_TTTC	9:15773606_C_A
9:15547564_T_TTTC	9:15773701_A_AT
9:15547564_T_TTTC	9:15773953_A_G
9:15547564_T_TTTC	9:15774379_A_G
9:15547564_T_TTTC	9:15774883_A_G
9:15547564_T_TTTC	9:15775103_T_TA
9:15547564_T_TTTC	9:15775208_G_A
9:15547564_T_TTTC	9:15776138_G_T
9:15547564_T_TTTC	9:15776169_T_A
9:15547564_T_TTTC	9:15776638_G_A
9:15547564_T_TTTC	9:15778141_A_G
9:15547564_T_TTTC	9:15778536_C_T
9:15547564_T_TTTC	9:15778617_C_T
9:15547564_T_TTTC	9:15778621_C_G
9:15547564_T_TTTC	9:15778623_T_G
9:15547564_T_TTTC	9:15778630_T_C
9:15547564_T_TTTC	9:15778631_A_G
9:15547564_T_TTTC	9:15778636_T_TCC
9:15547564_T_TTTC	9:15779259_G_C
9:15547564_T_TTTC	9:15779336_G_A
9:15547564_T_TTTC	9:15779398_C_T
9:15547564_T_TTTC	9:15780528_A_T
9:15547564_T_TTTC	9:15780859_AT_A
9:15547564_T_TTTC	9:15782358_C_G
9:15547564_T_TTTC	9:15782760_A_T
9:15547564_T_TTTC	9:15782874_A_G
9:15547564_T_TTTC	9:15783128_G_T
9:15547564_T_TTTC	9:15783266_C_T
9:15547564_T_TTTC	9:15784496_C_G
9:15547564_T_TTTC	9:15784865_C_T
9:15547564_T_TTTC	9:15785919_A_G
9:15547564_T_TTTC	9:15786817_A_T
9:15547564_T_TTTC	9:15786902_T_A
9:15547564_T_TTTC	9:15787502_C_T
9:15547564_T_TTTC	9:15789654_A_G
9:15547564_T_TTTC	9:15789861_G_C
9:15547564_T_TTTC	9:15789865_C_T
9:15547564_T_TTTC	9:15789869_A_G
9:15547564_T_TTTC	9:15789882_G_A
9:15547564_T_TTTC	9:15790000_G_T
9:15547564_T_TTTC	9:15790796_T_G
9:15547564_T_TTTC	9:15790809_G_A
9:15547564_T_TTTC	9:15791611_T_C
9:15547564_T_TTTC	9:15791681_G_A
9:15547564_T_TTTC	9:15792152_G_A
9:15547564_T_TTTC	9:15792397_T_G
9:15547564_T_TTTC	9:15792472_G_A
9:15547564_T_TTTC	9:15792774_C_A
9:15547564_T_TTTC	9:15793336_C_T
9:15547564_T_TTTC	9:15793463_C_T
9:15547564_T_TTTC	9:15793500_A_T
9:15547564_T_TTTC	9:15793592_A_T
9:15547564_T_TTTC	9:15794385_C_T
9:15547564_T_TTTC	9:15794897_C_G
9:15547564_T_TTTC	9:15795532_A_G
9:15547564_T_TTTC	9:15795602_C_G
9:15547564_T_TTTC	9:15795646_T_G
9:15547564_T_TTTC	9:15795865_C_G
9:15547564_T_TTTC	9:15797453_A_G
9:15547564_T_TTTC	9:15797980_T_C
9:15547564_T_TTTC	9:15798256_T_C
9:15547564_T_TTTC	9:15798634_C_T
9:15547564_T_TTTC	9:15799343_C_T
9:15547564_T_TTTC	9:15799406_T_C
9:15547564_T_TTTC	9:15799423_T_C
9:15547564_T_TTTC	9:15799724_G_T
9:15547564_T_TTTC	9:15800221_A_G
9:15547564_T_TTTC	9:15800342_A_T
9:15547564_T_TTTC	9:15800846_T_A
9:15547564_T_TTTC	9:15801649_T_C
9:15547564_T_TTTC	9:15802264_A_C
9:15547564_T_TTTC	9:15802840_C_T
9:15547564_T_TTTC	9:15803748_C_CT
9:15547564_T_TTTC	9:15804297_G_A
9:15547564_T_TTTC	9:15804992_T_C
9:15547564_T_TTTC	9:15806573_T_C
9:15547564_T_TTTC	9:15808216_T_C
9:15547564_T_TTTC	9:15808249_A_G
9:15547564_T_TTTC	9:15808994_T_A
9:15547564_T_TTTC	9:15809051_G_A
9:15547564_T_TTTC	9:15809900_A_C
9:15547564_T_TTTC	9:15809927_T_A
9:15547564_T_TTTC	9:15810787_G_C
9:15547564_T_TTTC	9:15811562_T_G
9:15547564_T_TTTC	9:15811980_T_G
9:15547564_T_TTTC	9:15812396_G_A
9:15547564_T_TTTC	9:15812665_A_G
9:15547564_T_TTTC	9:15812829_G_A
9:15547564_T_TTTC	9:15813148_T_C
9:15547564_T_TTTC	9:15813622_A_G
9:15547564_T_TTTC	9:15813851_T_G
9:15547564_T_TTTC	9:15813871_C_T
9:15547564_T_TTTC	9:15813937_T_G
9:15547564_T_TTTC	9:15814630_AC_A
9:15547564_T_TTTC	9:15814752_T_C
9:15547564_T_TTTC	9:15814756_G_A
9:15547564_T_TTTC	9:15815030_G_A
9:15547564_T_TTTC	9:15815246_T_C
9:15547564_T_TTTC	9:15818995_G_A
9:15547564_T_TTTC	9:15822330_G_T
9:15547564_T_TTTC	9:15822386_G_C
9:15547564_T_TTTC	9:15822447_A_C
9:15547564_T_TTTC	9:15822518_C_T
9:15547564_T_TTTC	9:15822775_T_C
9:15547564_T_TTTC	9:15823173_G_A
9:15547564_T_TTTC	9:15823229_G_A
9:15547564_T_TTTC	9:15823667_T_C
9:15547564_T_TTTC	9:15823918_A_G
9:15547564_T_TTTC	9:15824469_T_C
9:15547564_T_TTTC	9:15824475_T_A
9:15547564_T_TTTC	9:15824569_A_G
9:15547564_T_TTTC	9:15824678_A_T
9:15547564_T_TTTC	9:15825230_A_G
9:15547564_T_TTTC	9:15826324_C_CT
9:15547564_T_TTTC	9:15826335_T_A
9:15547564_T_TTTC	9:15826530_T_C
9:15547564_T_TTTC	9:15826603_C_G
9:15547564_T_TTTC	9:15826730_T_C
9:15547564_T_TTTC	9:15826794_G_A
9:15547564_T_TTTC	9:15826898_T_C
9:15547564_T_TTTC	9:15827269_A_G
9:15547564_T_TTTC	9:15827270_G_C
9:15547564_T_TTTC	9:15827572_T_C
9:15547564_T_TTTC	9:15827685_A_C
9:15547564_T_TTTC	9:15827796_T_A
9:15547564_T_TTTC	9:15827921_C_A
9:15547564_T_TTTC	9:15828147_G_T
9:15547564_T_TTTC	9:15828359_G_C
9:15547564_T_TTTC	9:15828641_C_G
9:15547564_T_TTTC	9:15828664_C_A
9:15547564_T_TTTC	9:15828904_G_C
9:15547564_T_TTTC	9:15828967_C_G
9:15547564_T_TTTC	9:15829263_G_A
9:15547564_T_TTTC	9:15829503_T_C
9:15547564_T_TTTC	9:15829949_C_T
9:15547564_T_TTTC	9:15830018_T_C
9:15547564_T_TTTC	9:15830506_T_G
9:15547564_T_TTTC	9:15832086_T_A
9:15547564_T_TTTC	9:15832935_C_T
9:15547564_T_TTTC	9:15833445_T_C
9:15547564_T_TTTC	9:15833655_T_C
9:15547564_T_TTTC	9:15834607_G_A
9:15547564_T_TTTC	9:15837289_T_A
9:15547564_T_TTTC	9:15837531_A_G
9:15547564_T_TTTC	9:15839292_T_C
9:15547564_T_TTTC	9:15839516_G_A
9:15547564_T_TTTC	9:15839632_C_G
9:15547564_T_TTTC	9:15839830_A_G
9:15547564_T_TTTC	9:15839862_G_A
9:15547564_T_TTTC	9:15839977_CT_C
9:15547564_T_TTTC	9:15841937_A_C
9:15547564_T_TTTC	9:15842758_T_A
9:15547564_T_TTTC	9:15846112_C_T
9:15547564_T_TTTC	9:15846288_G_A
9:15547564_T_TTTC	9:15852777_T_G
9:15547564_T_TTTC	9:15855545_C_T
9:15547564_T_TTTC	9:15857072_A_G
9:15547564_T_TTTC	9:15857402_T_A
9:15547564_T_TTTC	9:15857875_T_C
9:15547564_T_TTTC	9:15860140_GT_G
9:15547564_T_TTTC	9:15860333_C_T
9:15547564_T_TTTC	9:15861885_T_C
9:15547564_T_TTTC	9:15862077_A_C
9:15547564_T_TTTC	9:15863890_AGTT_A
9:15547564_T_TTTC	9:15866156_C_G
9:15547564_T_TTTC	9:15866759_G_A
9:15547564_T_TTTC	9:15868769_G_C
9:15547564_T_TTTC	9:15870665_T_C
9:15547564_T_TTTC	9:15871476_G_GC
9:15547564_T_TTTC	9:15871477_G_A
9:15547564_T_TTTC	9:15876507_G_T
9:15547564_T_TTTC	9:15880523_C_T
9:15547564_T_TTTC	9:15880555_A_G
9:15547564_T_TTTC	9:15885041_A_G
9:15547564_T_TTTC	9:15887965_G_A
9:15547564_T_TTTC	9:15888024_A_C
9:15547564_T_TTTC	9:15888333_A_G
9:15547564_T_TTTC	9:15888484_A_G
9:15547564_T_TTTC	9:15889634_C_T
9:15547564_T_TTTC	9:15890137_C_G
9:15547564_T_TTTC	9:15893448_A_G
9:15547564_T_TTTC	9:15893580_A_G
9:15547564_T_TTTC	9:15893770_A_G
9:15547564_T_TTTC	9:15894495_C_G
9:15547564_T_TTTC	9:15894943_G_A
9:15547564_T_TTTC	9:15895539_T_C
9:15547564_T_TTTC	9:15895806_T_C
9:15547564_T_TTTC	9:15895834_T_G
9:15547564_T_TTTC	9:15897282_C_CT
9:15547564_T_TTTC	9:15897290_C_A
9:15547564_T_TTTC	9:15897372_C_T
9:15547564_T_TTTC	9:15898228_C_T
9:15547564_T_TTTC	9:15898553_C_A
9:15547564_T_TTTC	9:15899327_T_C
9:15547564_T_TTTC	9:15899357_AT_A
9:15547564_T_TTTC	9:15899764_A_C
9:15547564_T_TTTC	9:15900506_AGACACCCGAGCAGAG_A
9:15547564_T_TTTC	9:15900509_CA_C
9:15547564_T_TTTC	9:15900709_C_G
9:15547564_T_TTTC	9:15900893_G_A
9:15547564_T_TTTC	9:15901124_C_G
9:15547564_T_TTTC	9:15901305_C_T
9:15547564_T_TTTC	9:15901875_A_G
9:15547564_T_TTTC	9:15902638_C_G
9:15547564_T_TTTC	9:15906218_A_T
9:15547564_T_TTTC	9:15906242_C_T
9:15547564_T_TTTC	9:15906776_C_A
9:15547564_T_TTTC	9:15907260_A_G
9:15547564_T_TTTC	9:15907921_A_G
9:15547564_T_TTTC	9:15908175_A_G
9:15547564_T_TTTC	9:15908228_C_T
9:15547564_T_TTTC	9:15908412_A_C
9:15547564_T_TTTC	9:15908419_T_C
9:15547564_T_TTTC	9:15909397_C_T
9:15547564_T_TTTC	9:15910044_A_C
9:15547564_T_TTTC	9:15911359_C_T
9:15547564_T_TTTC	9:15911584_G_A
9:15547564_T_TTTC	9:15911745_G_C
9:15547564_T_TTTC	9:15912375_G_C
9:15547564_T_TTTC	9:15913490_T_C
9:15547564_T_TTTC	9:15918706_A_T
9:15547564_T_TTTC	9:15918933_A_G
9:15547564_T_TTTC	9:15920960_TA_T
9:15547564_T_TTTC	9:15921622_G_A
9:15547564_T_TTTC	9:15922325_A_T
9:15547564_T_TTTC	9:15924438_C_CAA
9:15547564_T_TTTC	9:15925930_CA_C
9:15547564_T_TTTC	9:15926064_TA_T
9:15547564_T_TTTC	9:15926796_A_T
9:15547564_T_TTTC	9:15928495_A_T
9:15547564_T_TTTC	9:15929374_A_G
9:15547564_T_TTTC	9:15931774_C_G
9:15547564_T_TTTC	9:15937603_T_G
9:15547564_T_TTTC	9:15942147_A_G
9:15547564_T_TTTC	9:15942765_A_G
9:15547564_T_TTTC	9:15943498_G_T
9:15547564_T_TTTC	9:15944448_T_C
9:15547564_T_TTTC	9:15952689_G_C
9:15547564_T_TTTC	9:15953336_G_C
9:15547564_T_TTTC	9:15961571_G_T
9:15547564_T_TTTC	9:15961853_C_A
9:15547564_T_TTTC	9:15964439_C_CT
9:15547564_T_TTTC	9:15980555_A_G
9:15547564_T_TTTC	9:15984439_T_C
9:15547564_T_TTTC	9:15999278_AAGG_A
9:15547564_T_TTTC	9:16035428_G_A
9:15547564_T_TTTC	9:16047293_T_G
9:15547564_T_TTTC	9:16048248_C_T
9:15547564_T_TTTC	9:16048739_G_C
9:15547564_T_TTTC	9:16048844_G_A
9:15547564_T_TTTC	9:16049260_G_A
9:15547564_T_TTTC	9:16049356_A_G
9:15547564_T_TTTC	9:16049970_T_C
9:15547564_T_TTTC	9:16050029_C_T
9:15547564_T_TTTC	9:16050076_A_G
9:15547564_T_TTTC	9:16050453_AGAT_A
9:15547564_T_TTTC	9:16050880_A_G
9:15547564_T_TTTC	9:16051490_C_T
9:15547564_T_TTTC	9:16051759_T_C
9:15547564_T_TTTC	9:16053485_G_A
9:15547564_T_TTTC	9:16053710_G_A
9:15547564_T_TTTC	9:21021385_A_G
9:15547564_T_TTTC	9:21022500_A_C
9:15547564_T_TTTC	9:21022869_A_C
9:15547564_T_TTTC	9:21024670_G_A
18:42422069_A_G	18:35996467_C_A
18:42422069_A_G	18:35998429_C_A
18:42422069_A_G	18:35998530_A_C
18:42422069_A_G	18:35998684_C_A
18:42422069_A_G	18:35998972_T_C
18:42422069_A_G	18:35999105_A_G
18:42422069_A_G	18:35999225_T_C
18:42422069_A_G	18:35999235_T_G
18:42422069_A_G	18:36000801_A_G
18:42422069_A_G	18:36001103_G_C
18:42422069_A_G	18:36001458_A_G
18:42422069_A_G	18:36001799_G_A
18:42422069_A_G	18:36002816_T_C
18:42422069_A_G	18:36004648_C_G
18:42422069_A_G	18:36004847_C_T
18:42422069_A_G	18:36010239_G_T
18:42422069_A_G	18:36010297_C_T
18:42422069_A_G	18:36012486_C_T
18:42422069_A_G	18:36021915_G_T
18:42422069_A_G	18:41081111_G_A
18:42422069_A_G	18:42435973_A_C
18:42422069_A_G	18:42440538_T_C
18:42422069_A_G	18:42499312_C_CT
18:42422069_A_G	18:42591084_T_C
18:42422069_A_G	18:42728617_C_T
18:42422069_A_G	18:42728626_G_A
18:42422069_A_G	18:42731729_G_C
18:42422069_A_G	18:42731992_A_G
18:42422069_A_G	18:42732081_A_ACT
18:42422069_A_G	18:42732379_A_C
18:42422069_A_G	18:42732473_A_G
18:42422069_A_G	18:42732851_C_CCTGT
18:42422069_A_G	18:42732927_T_G
18:42422069_A_G	18:42732979_A_T
18:42422069_A_G	18:42733082_A_C
18:42422069_A_G	18:42733175_C_T
18:42422069_A_G	18:42733226_A_G
18:42422069_A_G	18:42733438_C_T
18:42422069_A_G	18:42733631_A_G
18:42422069_A_G	18:42733670_C_A
18:42422069_A_G	18:42733710_G_A
18:42422069_A_G	18:42733890_G_T
18:42422069_A_G	18:42734234_C_T
18:42422069_A_G	18:42734372_A_C
18:42422069_A_G	18:42734571_G_C
18:42422069_A_G	18:42735327_C_T
18:42422069_A_G	18:42735333_G_C
18:42422069_A_G	18:42735697_G_A
18:42422069_A_G	18:42735945_G_A
18:42422069_A_G	18:42735988_T_G
18:42422069_A_G	18:42736155_T_A
18:42422069_A_G	18:42736194_G_A
18:42422069_A_G	18:42736868_G_A
18:42422069_A_G	18:42736919_G_T
18:42422069_A_G	18:42753759_G_A
18:42422069_A_G	18:42769020_G_A
18:42422069_A_G	18:42873563_C_T
18:42422069_A_G	18:42873878_T_C
18:42422069_A_G	18:42875686_G_A
18:42422069_A_G	18:42876221_C_A
18:42422069_A_G	18:42876239_G_A
18:42422069_A_G	18:42876699_T_C
18:42422069_A_G	18:42876791_G_A
18:42422069_A_G	18:42876934_A_G
18:42422069_A_G	18:42877148_G_A
18:42422069_A_G	18:42878436_T_C
18:42422069_A_G	18:42880402_C_A
18:42422069_A_G	18:42880507_T_C
18:42422069_A_G	18:42883040_G_A
18:42422069_A_G	18:42886001_G_A
18:42422069_A_G	18:42889517_CCT_C
18:42422069_A_G	18:42891844_G_A
18:42422069_A_G	18:42899987_G_A
18:42422069_A_G	18:42908726_T_C
18:42422069_A_G	18:42917025_C_T
18:42422069_A_G	18:43087260_C_T
18:42422069_A_G	18:46392645_T_C
18:42422069_A_G	18:46786362_A_T
15:52930846_T_C	15:50180626_GA_G
15:52930846_T_C	15:50551632_G_T
15:52930846_T_C	15:52827339_C_T
15:52930846_T_C	15:52830072_C_T
15:52930846_T_C	15:52875828_C_T
15:52930846_T_C	15:52881317_A_G
15:52930846_T_C	15:52881740_T_TA
15:52930846_T_C	15:52882281_G_A
15:52930846_T_C	15:52883285_T_C
15:52930846_T_C	15:52884601_G_A
15:52930846_T_C	15:52886466_A_G
15:52930846_T_C	15:52886499_G_A
15:52930846_T_C	15:52886962_C_T
15:52930846_T_C	15:52888493_A_G
15:52930846_T_C	15:52889385_C_T
15:52930846_T_C	15:52889448_T_C
15:52930846_T_C	15:52890991_A_G
15:52930846_T_C	15:52897478_T_C
15:52930846_T_C	15:52900206_C_T
15:52930846_T_C	15:52903749_T_C
15:52930846_T_C	15:52904901_T_C
15:52930846_T_C	15:52905233_A_G
15:52930846_T_C	15:52906322_A_G
15:52930846_T_C	15:52906550_G_A
15:52930846_T_C	15:52908137_T_C
15:52930846_T_C	15:52908313_T_C
15:52930846_T_C	15:52909987_A_AAATT
15:52930846_T_C	15:52910244_C_CT
15:52930846_T_C	15:52911335_A_G
15:52930846_T_C	15:52913092_A_C
15:52930846_T_C	15:52914725_A_G
15:52930846_T_C	15:52915783_T_C
15:52930846_T_C	15:52917898_T_TA
15:52930846_T_C	15:52918583_G_A
15:52930846_T_C	15:52921485_G_C
15:52930846_T_C	15:52921657_G_A
15:52930846_T_C	15:52921719_G_A
15:52930846_T_C	15:52922054_T_C
15:52930846_T_C	15:52922216_G_A
15:52930846_T_C	15:52924231_G_T
15:52930846_T_C	15:52926838_G_A
15:52930846_T_C	15:52927376_T_C
15:52930846_T_C	15:52927427_G_A
15:52930846_T_C	15:52928065_C_T
15:52930846_T_C	15:52928324_A_ATAT
15:52930846_T_C	15:52928719_A_C
15:52930846_T_C	15:52929716_C_T
15:52930846_T_C	15:52930499_T_C
15:52930846_T_C	15:52930725_G_T
15:52930846_T_C	15:52932839_A_AT
15:52930846_T_C	15:52933548_C_G
15:52930846_T_C	15:52934282_A_C
15:52930846_T_C	15:52934402_A_G
15:52930846_T_C	15:52935679_TCTCA_T
15:52930846_T_C	15:52936330_G_A
15:52930846_T_C	15:52937640_C_CAAAT
15:52930846_T_C	15:52937768_C_T
15:52930846_T_C	15:52939209_T_G
15:52930846_T_C	15:52939438_TAA_T
15:52930846_T_C	15:52940755_C_T
15:52930846_T_C	15:52942626_C_T
15:52930846_T_C	15:52943241_C_T
15:52930846_T_C	15:52945210_G_A
15:52930846_T_C	15:52946340_G_GATATC
15:52930846_T_C	15:52946784_A_C
15:52930846_T_C	15:52947401_G_A
15:52930846_T_C	15:52948357_T_C
15:52930846_T_C	15:52950606_G_A
15:52930846_T_C	15:52950769_T_TA
15:52930846_T_C	15:52951166_G_A
15:52930846_T_C	15:52952810_C_T
15:52930846_T_C	15:52953933_G_A
15:52930846_T_C	15:52954884_G_A
15:52930846_T_C	15:52954891_C_T
15:52930846_T_C	15:52955802_ATTAAT_A
15:52930846_T_C	15:52956124_G_A
15:52930846_T_C	15:52956671_G_T
15:52930846_T_C	15:52957147_TG_T
15:52930846_T_C	15:52957415_G_A
15:52930846_T_C	15:52957625_A_T
15:52930846_T_C	15:52958665_G_A
15:52930846_T_C	15:52958953_A_G
15:52930846_T_C	15:52960264_C_T
15:52930846_T_C	15:52961682_T_C
15:52930846_T_C	15:52964698_CA_C
15:52930846_T_C	15:52965468_T_C
15:52930846_T_C	15:52967110_C_T
15:52930846_T_C	15:52968193_A_C
15:52930846_T_C	15:52970993_G_A
15:52930846_T_C	15:52971441_C_T
15:52930846_T_C	15:52973078_A_ATCACTTT
15:52930846_T_C	15:52973081_A_AATTAAC
15:52930846_T_C	15:52973081_A_ACTTTGCAATTAAC
15:52930846_T_C	15:52976474_C_G
15:52930846_T_C	15:52989496_C_G
15:52930846_T_C	15:60720220_T_C
12:79294854_G_A	12:70384959_C_A
12:79294854_G_A	12:73258968_G_A
12:79294854_G_A	12:77866318_T_TA
12:79294854_G_A	12:78746493_C_A
12:79294854_G_A	12:78748014_G_A
12:79294854_G_A	12:78748322_C_T
12:79294854_G_A	12:78749653_C_T
12:79294854_G_A	12:78749794_C_T
12:79294854_G_A	12:78771681_G_A
12:79294854_G_A	12:78773251_C_T
12:79294854_G_A	12:78785722_G_A
12:79294854_G_A	12:78795417_AG_A
12:79294854_G_A	12:78820360_A_C
12:79294854_G_A	12:78826861_T_C
12:79294854_G_A	12:78832500_A_G
12:79294854_G_A	12:79239829_A_G
12:79294854_G_A	12:79271087_G_A
12:79294854_G_A	12:79271507_C_T
12:79294854_G_A	12:79275753_C_T
12:79294854_G_A	12:79339890_A_G
12:79294854_G_A	12:79343780_A_AT
12:79294854_G_A	12:79367007_T_G
12:79294854_G_A	12:79372433_C_T
12:79294854_G_A	12:79375724_G_A
12:79294854_G_A	12:79405893_C_G
12:79294854_G_A	12:79423138_TAA_T
12:79294854_G_A	12:79423603_AG_A
12:79294854_G_A	12:79425223_T_C
12:79294854_G_A	12:79425249_G_C
12:79294854_G_A	12:79446923_G_A
12:79294854_G_A	12:79453006_T_C
12:79294854_G_A	12:79453647_A_G
12:79294854_G_A	12:79460281_AC_A
12:79294854_G_A	12:79508633_A_G
12:79294854_G_A	12:81034477_C_T
12:79294854_G_A	12:81206060_GATTA_G
12:79294854_G_A	12:81207290_T_A
12:79294854_G_A	12:81208539_A_T
12:79294854_G_A	12:81209948_G_C
12:79294854_G_A	12:81211476_A_G
12:79294854_G_A	12:81213512_TTAGTTTA_T
12:79294854_G_A	12:81214041_G_A
12:79294854_G_A	12:81215609_T_G
12:79294854_G_A	12:81216243_A_C
12:79294854_G_A	12:81217597_T_A
12:79294854_G_A	12:81218096_A_G
12:79294854_G_A	12:81218472_T_C
12:79294854_G_A	12:81219883_CAGG_C
12:79294854_G_A	12:84175370_A_T
12:79294854_G_A	12:84175515_A_C
12:79294854_G_A	12:84175652_A_T
12:79294854_G_A	12:84176318_G_T
12:79294854_G_A	12:84176658_A_G
12:79294854_G_A	12:84177263_A_C
12:79294854_G_A	12:84177300_C_T
12:79294854_G_A	12:84177350_G_C
12:79294854_G_A	12:84177431_G_C
12:79294854_G_A	12:84178113_G_A
12:79294854_G_A	12:84179278_C_T
12:79294854_G_A	12:84179457_A_T
12:79294854_G_A	12:84179522_A_T
12:79294854_G_A	12:84179548_C_CTA
12:79294854_G_A	12:84179686_T_C
12:79294854_G_A	12:84179993_G_T
12:79294854_G_A	12:84179994_T_A
12:79294854_G_A	12:84180047_A_T
12:79294854_G_A	12:84180409_T_C
12:79294854_G_A	12:84180461_G_T
12:79294854_G_A	12:84180739_G_A
12:79294854_G_A	12:84180915_C_CTA
12:79294854_G_A	12:84181173_C_T
12:79294854_G_A	12:84181265_T_G
12:79294854_G_A	12:84181316_T_C
12:79294854_G_A	12:84181337_C_A
12:79294854_G_A	12:84181367_T_C
12:79294854_G_A	12:84181515_C_A
12:79294854_G_A	12:84181910_T_A
12:79294854_G_A	12:84182062_T_C
12:79294854_G_A	12:84182408_G_C
12:79294854_G_A	12:84182956_T_C
12:79294854_G_A	12:84182974_A_T
12:79294854_G_A	12:84183323_G_T
12:79294854_G_A	12:84183450_C_A
12:79294854_G_A	12:84183505_T_C
12:79294854_G_A	12:84183665_C_T
12:79294854_G_A	12:84183792_T_A
12:79294854_G_A	12:84184227_G_A
12:79294854_G_A	12:84184892_G_A
12:79294854_G_A	12:84185924_T_G
12:79294854_G_A	12:84186393_A_G
12:79294854_G_A	12:84186474_A_G
12:79294854_G_A	12:84186735_T_C
12:79294854_G_A	12:84186876_A_G
12:79294854_G_A	12:84188018_T_A
12:79294854_G_A	12:84188396_T_G
12:79294854_G_A	12:84189116_A_G
12:79294854_G_A	12:84189245_C_T
12:79294854_G_A	12:84189447_T_TA
12:79294854_G_A	12:84189646_C_A
12:79294854_G_A	12:84189985_G_C
12:79294854_G_A	12:84191070_A_G
12:79294854_G_A	12:84191116_T_A
12:79294854_G_A	12:84191253_G_C
12:79294854_G_A	12:84191428_C_T
12:79294854_G_A	12:84191865_A_T
12:79294854_G_A	12:84192164_C_CT
12:79294854_G_A	12:84192633_A_G
12:79294854_G_A	12:84192636_G_A
12:79294854_G_A	12:84193182_C_T
12:79294854_G_A	12:84193302_A_G
12:79294854_G_A	12:84193651_C_T
12:79294854_G_A	12:84194012_A_C
12:79294854_G_A	12:84194264_C_T
12:79294854_G_A	12:84195472_C_T
12:79294854_G_A	12:84196299_A_G
12:79294854_G_A	12:84196349_C_T
12:79294854_G_A	12:86669893_C_CA
12:79294854_G_A	12:86980554_C_T
X:24249757_C_T	X:19053317_G_A
X:24249757_C_T	X:23890325_G_A
X:24249757_C_T	X:23986185_T_A
X:24249757_C_T	X:24095682_G_A
X:24249757_C_T	X:24137184_G_A
X:24249757_C_T	X:24161870_T_C
X:24249757_C_T	X:24162056_A_G
X:24249757_C_T	X:24163230_AT_A
X:24249757_C_T	X:24164444_T_G
X:24249757_C_T	X:24165249_C_CT
X:24249757_C_T	X:24170636_G_A
X:24249757_C_T	X:24172915_T_C
X:24249757_C_T	X:24176802_G_A
X:24249757_C_T	X:24179042_C_T
X:24249757_C_T	X:24179406_C_A
X:24249757_C_T	X:24181337_G_GGT
X:24249757_C_T	X:24182600_A_G
X:24249757_C_T	X:24188650_G_A
X:24249757_C_T	X:24196197_C_T
X:24249757_C_T	X:24196490_C_T
X:24249757_C_T	X:24199213_C_A
X:24249757_C_T	X:24201317_T_A
X:24249757_C_T	X:24204735_A_G
X:24249757_C_T	X:24206173_C_T
X:24249757_C_T	X:24209832_C_T
X:24249757_C_T	X:24220038_C_A
X:24249757_C_T	X:24222255_A_T
X:24249757_C_T	X:24222808_T_A
X:24249757_C_T	X:24227793_G_A
X:24249757_C_T	X:24231018_G_GT
X:24249757_C_T	X:24231180_C_A
X:24249757_C_T	X:24231758_T_C
X:24249757_C_T	X:24233104_T_G
X:24249757_C_T	X:24233489_A_G
X:24249757_C_T	X:24233909_A_T
X:24249757_C_T	X:24234497_A_G
X:24249757_C_T	X:24235113_A_AGAG
X:24249757_C_T	X:24236117_G_GA
X:24249757_C_T	X:24236638_T_G
X:24249757_C_T	X:24238392_TCTC_T
X:24249757_C_T	X:24238393_C_T
X:24249757_C_T	X:24238612_G_C
X:24249757_C_T	X:24239537_T_C
X:24249757_C_T	X:24239593_TATC_T
X:24249757_C_T	X:24240793_GA_G
X:24249757_C_T	X:24241976_A_G
X:24249757_C_T	X:24245790_T_C
X:24249757_C_T	X:24246995_A_G
X:24249757_C_T	X:24247110_C_T
X:24249757_C_T	X:24247696_T_C
X:24249757_C_T	X:24248969_G_T
X:24249757_C_T	X:24250222_A_G
X:24249757_C_T	X:24250265_T_C
X:24249757_C_T	X:24250333_C_T
X:24249757_C_T	X:24251135_A_G
X:24249757_C_T	X:24251557_C_CT
X:24249757_C_T	X:24251679_C_CT
X:24249757_C_T	X:24252258_G_GTT
X:24249757_C_T	X:24253719_G_A
X:24249757_C_T	X:24253875_A_G
X:24249757_C_T	X:24256135_T_C
X:24249757_C_T	X:32018008_C_T
X:24249757_C_T	X:32647717_TTC_T
X:24249757_C_T	X:32657848_A_C
X:24249757_C_T	X:32986366_AT_A
X:24249757_C_T	X:32996218_GTCT_G
X:24249757_C_T	X:33011927_G_A
X:24249757_C_T	X:33025319_G_A
X:24249757_C_T	X:33027500_C_CAT
X:24249757_C_T	X:33027565_A_G
X:24249757_C_T	X:33028177_GTA_G
X:24249757_C_T	X:33032768_A_T
X:24249757_C_T	X:33033802_G_C
X:24249757_C_T	X:33038535_G_A
X:24249757_C_T	X:33039487_AT_A
X:24249757_C_T	X:33039782_G_A
X:24249757_C_T	X:33040341_G_T
X:24249757_C_T	X:33041454_A_T
X:24249757_C_T	X:33044479_T_G
X:24249757_C_T	X:33044852_A_T
X:24249757_C_T	X:33044858_G_A
X:24249757_C_T	X:33630471_C_T
X:24249757_C_T	X:33634976_G_T
X:24249757_C_T	X:33642432_A_C
3:62431387_G_GAA	3:56407082_T_C
3:62431387_G_GAA	3:56543337_T_A
3:62431387_G_GAA	3:56546764_G_A
3:62431387_G_GAA	3:56547522_T_C
3:62431387_G_GAA	3:56550621_G_A
3:62431387_G_GAA	3:56553641_CAT_C
3:62431387_G_GAA	3:56554994_G_T
3:62431387_G_GAA	3:56561465_G_A
3:62431387_G_GAA	3:56574015_C_G
3:62431387_G_GAA	3:56580984_T_TG
3:62431387_G_GAA	3:56581379_G_T
3:62431387_G_GAA	3:56587815_CA_C
3:62431387_G_GAA	3:56588743_C_G
3:62431387_G_GAA	3:56591422_G_C
3:62431387_G_GAA	3:56591904_T_C
3:62431387_G_GAA	3:56592005_C_G
3:62431387_G_GAA	3:56593757_C_G
3:62431387_G_GAA	3:56594121_A_G
3:62431387_G_GAA	3:56596215_C_T
3:62431387_G_GAA	3:56602115_G_A
3:62431387_G_GAA	3:56605938_AG_A
3:62431387_G_GAA	3:56614456_C_T
3:62431387_G_GAA	3:56617229_G_A
3:62431387_G_GAA	3:56618809_C_G
3:62431387_G_GAA	3:56621303_A_G
3:62431387_G_GAA	3:56621630_G_A
3:62431387_G_GAA	3:56633694_A_G
3:62431387_G_GAA	3:56640051_C_T
3:62431387_G_GAA	3:56640718_C_A
3:62431387_G_GAA	3:56645111_G_A
3:62431387_G_GAA	3:56664964_C_T
3:62431387_G_GAA	3:56670983_C_T
3:62431387_G_GAA	3:56707415_G_A
3:62431387_G_GAA	3:56919812_C_T
3:62431387_G_GAA	3:56923750_G_A
3:62431387_G_GAA	3:56932855_C_T
3:62431387_G_GAA	3:56938178_C_A
3:62431387_G_GAA	3:56940819_C_T
3:62431387_G_GAA	3:56941586_A_C
3:62431387_G_GAA	3:61708608_A_G
3:62431387_G_GAA	3:61713607_C_A
3:62431387_G_GAA	3:61722481_A_G
3:62431387_G_GAA	3:61723588_G_GTT
3:62431387_G_GAA	3:61727502_G_C
3:62431387_G_GAA	3:61728256_G_T
3:62431387_G_GAA	3:61728724_C_T
3:62431387_G_GAA	3:61729061_G_A
3:62431387_G_GAA	3:61729688_G_A
3:62431387_G_GAA	3:61730502_CAG_C
3:62431387_G_GAA	3:61730864_G_A
3:62431387_G_GAA	3:61738404_A_G
3:62431387_G_GAA	3:61739637_A_C
3:62431387_G_GAA	3:61747112_G_A
3:62431387_G_GAA	3:61748362_G_A
3:62431387_G_GAA	3:61750920_C_G
3:62431387_G_GAA	3:61751127_T_G
3:62431387_G_GAA	3:61778014_G_C
3:62431387_G_GAA	3:61832360_A_G
3:62431387_G_GAA	3:61834315_G_A
3:62431387_G_GAA	3:61835369_A_T
3:62431387_G_GAA	3:61838366_G_C
3:62431387_G_GAA	3:61839880_C_T
3:62431387_G_GAA	3:61842176_T_C
3:62431387_G_GAA	3:61846038_GA_G
3:62431387_G_GAA	3:61848054_CT_C
3:62431387_G_GAA	3:61868783_A_AG
3:62431387_G_GAA	3:61870867_C_CAG
3:62431387_G_GAA	3:61893603_C_CAGCCTA
3:62431387_G_GAA	3:62419273_A_C
3:62431387_G_GAA	3:62428323_C_T
3:62431387_G_GAA	3:62430908_A_G
3:62431387_G_GAA	3:62431415_T_C
3:62431387_G_GAA	3:62434127_C_T
3:62431387_G_GAA	3:62459819_A_C
3:62431387_G_GAA	3:67401077_T_C
3:62431387_G_GAA	3:72117330_G_A
3:62431387_G_GAA	3:72118429_A_G
3:62431387_G_GAA	3:72118770_C_T
3:62431387_G_GAA	3:72118981_C_T
3:62431387_G_GAA	3:72119253_C_T
3:62431387_G_GAA	3:72119255_G_T
3:62431387_G_GAA	3:72119845_A_ATTG
3:62431387_G_GAA	3:72120027_A_T
3:62431387_G_GAA	3:72120322_G_A
3:62431387_G_GAA	3:72121038_A_G
3:62431387_G_GAA	3:72121396_GT_G
3:62431387_G_GAA	3:72121884_G_A
3:62431387_G_GAA	3:72122726_G_A
3:62431387_G_GAA	3:72125401_C_T
3:62431387_G_GAA	3:72126047_C_T
3:62431387_G_GAA	3:72126604_C_T
3:62431387_G_GAA	3:72128588_TTC_T
3:62431387_G_GAA	3:72129099_C_G
3:62431387_G_GAA	3:72133985_G_A
3:62431387_G_GAA	3:72138829_C_T
3:62431387_G_GAA	3:72142970_G_C
3:62431387_G_GAA	3:72144044_C_T
3:62431387_G_GAA	3:72144049_G_A
3:62431387_G_GAA	3:72145302_T_C
3:62431387_G_GAA	3:72146696_A_C
3:62431387_G_GAA	3:72147056_A_G
3:62431387_G_GAA	3:72147176_C_A
3:62431387_G_GAA	3:72150408_G_T
3:62431387_G_GAA	3:72150727_G_T
3:62431387_G_GAA	3:72153005_C_A
3:62431387_G_GAA	3:72153853_C_CT
3:62431387_G_GAA	3:72154326_T_C
3:62431387_G_GAA	3:72154772_G_C
3:62431387_G_GAA	3:72154805_C_G
3:62431387_G_GAA	3:72156574_C_CT
19:49237062_C_CA	19:43652285_C_G
19:49237062_C_CA	19:45386467_G_GTAA
19:49237062_C_CA	19:45395844_G_A
19:49237062_C_CA	19:45413576_C_T
19:49237062_C_CA	19:45415713_G_A
19:49237062_C_CA	19:45415935_G_T
19:49237062_C_CA	19:45421254_G_A
19:49237062_C_CA	19:46217026_G_A
19:49237062_C_CA	19:48297357_T_TG
19:49237062_C_CA	19:49215095_C_T
19:49237062_C_CA	19:49218430_A_G
19:49237062_C_CA	19:49218437_A_C
19:49237062_C_CA	19:49218602_C_T
19:49237062_C_CA	19:49219459_T_C
19:49237062_C_CA	19:49220323_A_G
19:49237062_C_CA	19:49225766_A_T
19:49237062_C_CA	19:49227043_G_A
19:49237062_C_CA	19:49227256_C_T
19:49237062_C_CA	19:49227443_C_T
19:49237062_C_CA	19:49229525_T_C
19:49237062_C_CA	19:49236102_T_C
19:49237062_C_CA	19:49239026_T_C
19:49237062_C_CA	19:49239053_T_C
19:49237062_C_CA	19:49239200_G_A
19:49237062_C_CA	19:49241014_G_A
19:49237062_C_CA	19:49241015_C_T
19:49237062_C_CA	19:49241976_A_G
19:49237062_C_CA	19:49246866_A_G
19:49237062_C_CA	19:49248052_C_T
19:49237062_C_CA	19:49250239_C_T
19:49237062_C_CA	19:49252151_A_G
19:49237062_C_CA	19:49252574_TA_T
19:49237062_C_CA	19:49256388_T_C
19:49237062_C_CA	19:50717752_C_T
19:49237062_C_CA	19:51440560_T_C
19:49237062_C_CA	19:51440564_T_A
19:49237062_C_CA	19:51440753_C_A
19:49237062_C_CA	19:51840035_T_TTG
19:49237062_C_CA	19:55059049_G_A
19:49237062_C_CA	19:55063929_A_C
19:49237062_C_CA	19:55064264_T_TTG
19:49237062_C_CA	19:55067760_T_C
19:49237062_C_CA	19:55068446_A_G
19:49237062_C_CA	19:55073051_AT_A
19:49237062_C_CA	19:55074151_G_T
19:49237062_C_CA	19:55083590_G_A
19:49237062_C_CA	19:55083879_C_T
19:49237062_C_CA	19:55084512_G_A
19:49237062_C_CA	19:55086633_C_T
19:49237062_C_CA	19:55088977_G_A
19:49237062_C_CA	19:55093320_G_A
19:49237062_C_CA	19:55096265_A_C
19:49237062_C_CA	19:55098361_A_C
19:49237062_C_CA	19:55100418_C_T
19:49237062_C_CA	19:55100720_G_A
19:49237062_C_CA	19:55103061_G_A
19:49237062_C_CA	19:55103111_C_T
19:49237062_C_CA	19:55104567_C_A
19:49237062_C_CA	19:55104986_A_G
19:49237062_C_CA	19:55104990_T_G
19:49237062_C_CA	19:55105267_A_T
19:49237062_C_CA	19:55105598_G_C
19:49237062_C_CA	19:55107490_G_T
19:49237062_C_CA	19:55107629_T_C
19:49237062_C_CA	19:55108445_T_C
19:49237062_C_CA	19:55109235_G_A
19:49237062_C_CA	19:55149808_T_C
19:49237062_C_CA	19:55151740_C_T
19:49237062_C_CA	19:55152023_T_C
19:49237062_C_CA	19:55153140_A_AT
19:49237062_C_CA	19:55153291_C_T
19:49237062_C_CA	19:57169970_A_G
19:49237062_C_CA	19:58459584_C_T
19:49237062_C_CA	19:58518168_A_G
19:49237062_C_CA	19:58518534_C_T
19:49237062_C_CA	19:58519800_CAT_C
19:49237062_C_CA	19:58521290_G_A
19:49237062_C_CA	19:58522715_C_T
19:49237062_C_CA	19:58523679_TAC_T
19:49237062_C_CA	19:58526202_T_C
19:49237062_C_CA	19:58526742_A_G
2:11505337_G_A	2:4158535_C_CTTCT
2:11505337_G_A	2:4655865_C_T
2:11505337_G_A	2:5643937_T_G
2:11505337_G_A	2:5645201_T_C
2:11505337_G_A	2:5645244_T_G
2:11505337_G_A	2:5645731_TTAAA_T
2:11505337_G_A	2:7250562_A_G
2:11505337_G_A	2:7258204_A_G
2:11505337_G_A	2:10024007_A_G
2:11505337_G_A	2:10024166_G_T
2:11505337_G_A	2:10024343_G_C
2:11505337_G_A	2:10024444_A_G
2:11505337_G_A	2:10024452_G_A
2:11505337_G_A	2:10024689_A_G
2:11505337_G_A	2:10024893_C_T
2:11505337_G_A	2:10025029_G_A
2:11505337_G_A	2:10025422_A_G
2:11505337_G_A	2:10025563_G_A
2:11505337_G_A	2:10025676_A_G
2:11505337_G_A	2:10026250_C_G
2:11505337_G_A	2:10026254_T_C
2:11505337_G_A	2:10026353_A_G
2:11505337_G_A	2:10026802_AAG_A
2:11505337_G_A	2:10027192_CA_C
2:11505337_G_A	2:10027313_C_T
2:11505337_G_A	2:10027336_GT_G
2:11505337_G_A	2:10028381_C_T
2:11505337_G_A	2:10029102_T_TG
2:11505337_G_A	2:10029440_G_C
2:11505337_G_A	2:10030024_C_T
2:11505337_G_A	2:10030158_CTCTG_C
2:11505337_G_A	2:10031047_G_A
2:11505337_G_A	2:10031089_T_C
2:11505337_G_A	2:10031129_G_A
2:11505337_G_A	2:10031161_C_T
2:11505337_G_A	2:10031404_T_G
2:11505337_G_A	2:10031743_G_T
2:11505337_G_A	2:10032041_G_A
2:11505337_G_A	2:10032297_G_A
2:11505337_G_A	2:10032888_AT_A
2:11505337_G_A	2:10033008_C_A
2:11505337_G_A	2:10033271_A_T
2:11505337_G_A	2:10033311_G_T
2:11505337_G_A	2:10033549_G_GA
2:11505337_G_A	2:10033770_C_A
2:11505337_G_A	2:10033786_C_T
2:11505337_G_A	2:10033968_G_A
2:11505337_G_A	2:10034219_A_AAATT
2:11505337_G_A	2:10034746_T_C
2:11505337_G_A	2:10034876_T_TGTTA
2:11505337_G_A	2:10035291_G_A
2:11505337_G_A	2:10035870_T_A
2:11505337_G_A	2:10037495_A_T
2:11505337_G_A	2:10037839_G_A
2:11505337_G_A	2:10038876_A_C
2:11505337_G_A	2:10038890_A_G
2:11505337_G_A	2:10039054_AC_A
2:11505337_G_A	2:10039067_CT_C
2:11505337_G_A	2:10039167_G_GT
2:11505337_G_A	2:10039814_A_G
2:11505337_G_A	2:10040098_G_A
2:11505337_G_A	2:10041454_T_G
2:11505337_G_A	2:10041487_TTAA_T
2:11505337_G_A	2:10042023_A_C
2:11505337_G_A	2:10042148_G_A
2:11505337_G_A	2:10042286_C_T
2:11505337_G_A	2:10042399_G_A
2:11505337_G_A	2:10042429_G_T
2:11505337_G_A	2:10042487_A_G
2:11505337_G_A	2:10042693_A_G
2:11505337_G_A	2:10043014_G_A
2:11505337_G_A	2:10043250_T_C
2:11505337_G_A	2:10043504_G_A
2:11505337_G_A	2:10043581_G_A
2:11505337_G_A	2:10043707_T_C
2:11505337_G_A	2:10044946_G_T
2:11505337_G_A	2:10046223_T_C
2:11505337_G_A	2:10051792_A_G
2:11505337_G_A	2:10055623_G_A
2:11505337_G_A	2:10057605_GTATC_G
2:11505337_G_A	2:10064791_G_A
2:11505337_G_A	2:10067191_G_A
2:11505337_G_A	2:10067722_G_C
2:11505337_G_A	2:10068173_G_A
2:11505337_G_A	2:10069327_G_A
2:11505337_G_A	2:10072750_G_A
2:11505337_G_A	2:10074909_G_A
2:11505337_G_A	2:10110666_T_G
2:11505337_G_A	2:10148390_T_C
2:11505337_G_A	2:10148549_G_A
2:11505337_G_A	2:10668180_G_A
2:11505337_G_A	2:11388294_A_G
2:11505337_G_A	2:11401804_G_T
2:11505337_G_A	2:11504469_C_CT
2:11505337_G_A	2:11504916_C_T
2:11505337_G_A	2:11505213_T_C
2:11505337_G_A	2:11505406_T_C
2:11505337_G_A	2:11505433_T_C
2:11505337_G_A	2:11505482_G_A
2:11505337_G_A	2:11506425_C_T
2:11505337_G_A	2:11506499_T_C
2:11505337_G_A	2:11506538_C_T
2:11505337_G_A	2:11506587_C_T
2:11505337_G_A	2:11506672_A_C
2:11505337_G_A	2:11506826_C_T
2:11505337_G_A	2:11506960_A_G
2:11505337_G_A	2:11507029_C_G
2:11505337_G_A	2:11507198_C_G
2:11505337_G_A	2:11507222_CAA_C
2:11505337_G_A	2:11507466_T_TAC
2:11505337_G_A	2:11507470_T_C
2:11505337_G_A	2:11507525_C_A
2:11505337_G_A	2:11507999_C_T
2:11505337_G_A	2:11508788_T_C
2:11505337_G_A	2:11508805_T_C
2:11505337_G_A	2:11509193_G_A
2:11505337_G_A	2:11509480_G_A
2:11505337_G_A	2:11509634_G_A
2:11505337_G_A	2:11510597_A_G
2:11505337_G_A	2:11510658_T_C
2:11505337_G_A	2:11510838_T_C
2:11505337_G_A	2:11511411_G_A
2:11505337_G_A	2:11512037_C_T
2:11505337_G_A	2:11512429_T_C
2:11505337_G_A	2:11514176_G_A
2:11505337_G_A	2:11514199_G_A
2:11505337_G_A	2:11515772_T_TA
2:11505337_G_A	2:11517669_T_C
2:11505337_G_A	2:11518056_C_G
2:11505337_G_A	2:12380856_G_A
2:11505337_G_A	2:12387481_T_C
2:11505337_G_A	2:12392248_C_G
2:11505337_G_A	2:12393033_C_T
2:11505337_G_A	2:12394312_T_C
2:11505337_G_A	2:12401331_T_C
2:11505337_G_A	2:16391044_A_G
2:11505337_G_A	2:17304752_A_G
2:11505337_G_A	2:17527024_G_A
2:11505337_G_A	2:18836829_T_C
2:11505337_G_A	2:18837930_C_G
2:11505337_G_A	2:18839444_T_C
2:11505337_G_A	2:18855201_A_G
2:11505337_G_A	2:18860375_T_C
6:149966592_C_CA	6:141473363_G_A
6:149966592_C_CA	6:141484607_T_C
6:149966592_C_CA	6:141486224_CT_C
6:149966592_C_CA	6:141495414_GAA_G
6:149966592_C_CA	6:141495575_T_C
6:149966592_C_CA	6:141496818_G_T
6:149966592_C_CA	6:141498853_G_A
6:149966592_C_CA	6:141500785_C_A
6:149966592_C_CA	6:141505661_C_A
6:149966592_C_CA	6:141506544_G_A
6:149966592_C_CA	6:141507271_G_A
6:149966592_C_CA	6:141508537_T_C
6:149966592_C_CA	6:141509114_C_G
6:149966592_C_CA	6:141511977_G_T
6:149966592_C_CA	6:141514578_C_T
6:149966592_C_CA	6:141516540_C_G
6:149966592_C_CA	6:141517347_T_C
6:149966592_C_CA	6:141532281_A_G
6:149966592_C_CA	6:141532303_C_T
6:149966592_C_CA	6:141532380_A_C
6:149966592_C_CA	6:141532629_T_C
6:149966592_C_CA	6:141532786_G_A
6:149966592_C_CA	6:141533099_T_C
6:149966592_C_CA	6:141533436_G_A
6:149966592_C_CA	6:141533603_G_C
6:149966592_C_CA	6:141533778_C_T
6:149966592_C_CA	6:141533890_T_C
6:149966592_C_CA	6:141534679_C_T
6:149966592_C_CA	6:141536494_A_T
6:149966592_C_CA	6:141536881_G_T
6:149966592_C_CA	6:141538908_GTATA_G
6:149966592_C_CA	6:141539432_A_G
6:149966592_C_CA	6:141539761_G_A
6:149966592_C_CA	6:141540428_C_T
6:149966592_C_CA	6:141540658_G_C
6:149966592_C_CA	6:141541921_A_T
6:149966592_C_CA	6:141542143_G_A
6:149966592_C_CA	6:141542427_G_A
6:149966592_C_CA	6:141542656_C_G
6:149966592_C_CA	6:141542855_T_C
6:149966592_C_CA	6:141544468_A_G
6:149966592_C_CA	6:141544801_G_C
6:149966592_C_CA	6:141544983_G_T
6:149966592_C_CA	6:141545083_G_A
6:149966592_C_CA	6:141545126_C_T
6:149966592_C_CA	6:141545282_G_T
6:149966592_C_CA	6:141545568_G_A
6:149966592_C_CA	6:141546583_C_T
6:149966592_C_CA	6:141547274_C_CAAAT
6:149966592_C_CA	6:141547939_A_G
6:149966592_C_CA	6:141548387_T_C
6:149966592_C_CA	6:141550444_G_A
6:149966592_C_CA	6:141551224_C_T
6:149966592_C_CA	6:141551780_A_AT
6:149966592_C_CA	6:141553026_A_G
6:149966592_C_CA	6:141553280_C_T
6:149966592_C_CA	6:141553296_G_T
6:149966592_C_CA	6:141553428_A_G
6:149966592_C_CA	6:141553485_G_T
6:149966592_C_CA	6:141553661_C_T
6:149966592_C_CA	6:141553708_T_C
6:149966592_C_CA	6:141554101_T_C
6:149966592_C_CA	6:141554242_C_A
6:149966592_C_CA	6:141554274_T_C
6:149966592_C_CA	6:141554379_C_G
6:149966592_C_CA	6:141554419_G_A
6:149966592_C_CA	6:141554758_C_T
6:149966592_C_CA	6:141554931_G_T
6:149966592_C_CA	6:141555121_C_G
6:149966592_C_CA	6:141555124_A_C
6:149966592_C_CA	6:141555305_T_C
6:149966592_C_CA	6:141555345_G_C
6:149966592_C_CA	6:141555501_A_G
6:149966592_C_CA	6:141555623_A_C
6:149966592_C_CA	6:141555663_C_G
6:149966592_C_CA	6:141555671_C_T
6:149966592_C_CA	6:141555691_G_T
6:149966592_C_CA	6:141555694_G_T
6:149966592_C_CA	6:141555697_G_T
6:149966592_C_CA	6:141556022_C_CTTTTCCATTATGGGAGACT
6:149966592_C_CA	6:141557078_T_C
6:149966592_C_CA	6:141557367_T_C
6:149966592_C_CA	6:141557946_C_G
6:149966592_C_CA	6:141557967_G_A
6:149966592_C_CA	6:141558088_A_G
6:149966592_C_CA	6:141558487_C_T
6:149966592_C_CA	6:141560550_G_A
6:149966592_C_CA	6:141560700_C_T
6:149966592_C_CA	6:142293427_C_T
6:149966592_C_CA	6:148773204_G_A
6:149966592_C_CA	6:149568231_G_A
6:149966592_C_CA	6:149585510_G_T
6:149966592_C_CA	6:149585614_C_CT
6:149966592_C_CA	6:149585721_G_A
6:149966592_C_CA	6:149586709_C_T
6:149966592_C_CA	6:149586837_T_A
6:149966592_C_CA	6:149586880_C_T
6:149966592_C_CA	6:149587364_G_A
6:149966592_C_CA	6:149587810_G_A
6:149966592_C_CA	6:149589005_G_A
6:149966592_C_CA	6:149589969_G_T
6:149966592_C_CA	6:149590439_A_G
6:149966592_C_CA	6:149590538_A_G
6:149966592_C_CA	6:149592339_A_G
6:149966592_C_CA	6:149594045_G_A
6:149966592_C_CA	6:149594103_T_C
6:149966592_C_CA	6:149594168_G_A
6:149966592_C_CA	6:149594286_A_G
6:149966592_C_CA	6:149595751_T_C
6:149966592_C_CA	6:149596009_A_G
6:149966592_C_CA	6:149596176_A_G
6:149966592_C_CA	6:149596231_T_A
6:149966592_C_CA	6:149596352_G_C
6:149966592_C_CA	6:149596436_G_A
6:149966592_C_CA	6:149596896_C_G
6:149966592_C_CA	6:149597217_C_T
6:149966592_C_CA	6:149598233_G_A
6:149966592_C_CA	6:149598330_A_G
6:149966592_C_CA	6:149598401_C_A
6:149966592_C_CA	6:149598636_G_C
6:149966592_C_CA	6:149599096_CAT_C
6:149966592_C_CA	6:149599749_T_G
6:149966592_C_CA	6:149600310_T_G
6:149966592_C_CA	6:149600531_A_G
6:149966592_C_CA	6:149601080_A_C
6:149966592_C_CA	6:149601164_A_C
6:149966592_C_CA	6:149601923_T_C
6:149966592_C_CA	6:149602683_T_C
6:149966592_C_CA	6:149603097_A_G
6:149966592_C_CA	6:149603643_A_G
6:149966592_C_CA	6:149606057_T_C
6:149966592_C_CA	6:149606465_A_G
6:149966592_C_CA	6:149611232_A_T
6:149966592_C_CA	6:149871422_AG_A
6:149966592_C_CA	6:149874899_T_G
6:149966592_C_CA	6:149877245_A_G
6:149966592_C_CA	6:149877667_T_A
6:149966592_C_CA	6:149878896_T_TCTTGGTCTGTCACC
6:149966592_C_CA	6:149880107_T_C
6:149966592_C_CA	6:149884380_T_C
6:149966592_C_CA	6:149884597_T_C
6:149966592_C_CA	6:149886475_A_G
6:149966592_C_CA	6:149887444_T_C
6:149966592_C_CA	6:149888264_G_A
6:149966592_C_CA	6:149890473_C_CTT
6:149966592_C_CA	6:149891670_CAA_C
6:149966592_C_CA	6:149896676_C_G
6:149966592_C_CA	6:149897455_A_G
6:149966592_C_CA	6:149900651_ACT_A
6:149966592_C_CA	6:149904114_T_TGTA
6:149966592_C_CA	6:149906712_T_G
6:149966592_C_CA	6:149909377_T_G
6:149966592_C_CA	6:149909933_T_C
6:149966592_C_CA	6:149910187_G_A
6:149966592_C_CA	6:149912857_C_CT
6:149966592_C_CA	6:149913584_C_T
6:149966592_C_CA	6:149913614_TA_T
6:149966592_C_CA	6:149913867_T_G
6:149966592_C_CA	6:149914338_GA_G
6:149966592_C_CA	6:149916057_T_A
6:149966592_C_CA	6:149917157_G_A
6:149966592_C_CA	6:149917447_G_A
6:149966592_C_CA	6:149917528_A_G
6:149966592_C_CA	6:149919143_T_G
6:149966592_C_CA	6:149919883_AAAC_A
6:149966592_C_CA	6:149920249_C_T
6:149966592_C_CA	6:149920717_CTCTCCCT_C
6:149966592_C_CA	6:149921388_G_A
6:149966592_C_CA	6:149921998_G_A
6:149966592_C_CA	6:149924786_A_T
6:149966592_C_CA	6:149928791_C_T
6:149966592_C_CA	6:149929174_C_A
6:149966592_C_CA	6:149930816_A_G
6:149966592_C_CA	6:149932118_A_G
6:149966592_C_CA	6:149933854_C_T
6:149966592_C_CA	6:149934176_T_C
6:149966592_C_CA	6:149934177_G_A
6:149966592_C_CA	6:149934279_G_A
6:149966592_C_CA	6:149934743_T_C
6:149966592_C_CA	6:149937324_C_T
6:149966592_C_CA	6:149937996_T_C
6:149966592_C_CA	6:149938057_A_C
6:149966592_C_CA	6:149938795_A_G
6:149966592_C_CA	6:149938996_T_C
6:149966592_C_CA	6:149939050_T_C
6:149966592_C_CA	6:149939563_G_A
6:149966592_C_CA	6:149939601_G_A
6:149966592_C_CA	6:149939628_A_T
6:149966592_C_CA	6:149940024_T_C
6:149966592_C_CA	6:149940781_T_G
6:149966592_C_CA	6:149941096_TATAC_T
6:149966592_C_CA	6:149941297_C_G
6:149966592_C_CA	6:149941621_T_G
6:149966592_C_CA	6:149943152_A_G
6:149966592_C_CA	6:149943268_GT_G
6:149966592_C_CA	6:149943594_A_G
6:149966592_C_CA	6:149943713_C_A
6:149966592_C_CA	6:149943728_A_G
6:149966592_C_CA	6:149943805_G_T
6:149966592_C_CA	6:149943918_C_T
6:149966592_C_CA	6:149944123_T_C
6:149966592_C_CA	6:149944908_T_C
6:149966592_C_CA	6:149946472_G_T
6:149966592_C_CA	6:149947069_CAAA_C
6:149966592_C_CA	6:149947885_T_C
6:149966592_C_CA	6:149948689_T_C
6:149966592_C_CA	6:149948827_G_A
6:149966592_C_CA	6:149949928_C_G
6:149966592_C_CA	6:149950035_A_C
6:149966592_C_CA	6:149950048_C_T
6:149966592_C_CA	6:149950820_T_TACTC
6:149966592_C_CA	6:149950826_C_T
6:149966592_C_CA	6:149951214_G_A
6:149966592_C_CA	6:149952700_C_CA
6:149966592_C_CA	6:149952721_C_A
6:149966592_C_CA	6:149953109_A_C
6:149966592_C_CA	6:149953257_C_T
6:149966592_C_CA	6:149953508_T_TA
6:149966592_C_CA	6:149953981_C_T
6:149966592_C_CA	6:149954278_C_T
6:149966592_C_CA	6:149954392_C_T
6:149966592_C_CA	6:149954637_T_C
6:149966592_C_CA	6:149954717_AAGTT_A
6:149966592_C_CA	6:149954799_A_G
6:149966592_C_CA	6:149954968_C_T
6:149966592_C_CA	6:149955048_A_G
6:149966592_C_CA	6:149955278_G_A
6:149966592_C_CA	6:149955340_C_T
6:149966592_C_CA	6:149955366_A_G
6:149966592_C_CA	6:149955600_A_C
6:149966592_C_CA	6:149956466_T_C
6:149966592_C_CA	6:149956793_C_T
6:149966592_C_CA	6:149957183_A_C
6:149966592_C_CA	6:149957607_A_AT
6:149966592_C_CA	6:149957783_A_AT
6:149966592_C_CA	6:149957862_T_C
6:149966592_C_CA	6:149958184_T_C
6:149966592_C_CA	6:149959047_C_A
6:149966592_C_CA	6:149959060_G_T
6:149966592_C_CA	6:149959853_TA_T
6:149966592_C_CA	6:149959863_A_G
6:149966592_C_CA	6:149960170_T_C
6:149966592_C_CA	6:149960784_G_A
6:149966592_C_CA	6:149961252_C_T
6:149966592_C_CA	6:149961552_C_T
6:149966592_C_CA	6:149962315_GT_G
6:149966592_C_CA	6:149962453_C_T
6:149966592_C_CA	6:149962563_A_C
6:149966592_C_CA	6:149962617_T_C
6:149966592_C_CA	6:149963083_G_C
6:149966592_C_CA	6:149964105_T_A
6:149966592_C_CA	6:149965623_C_T
6:149966592_C_CA	6:149965676_A_G
6:149966592_C_CA	6:149965740_G_A
6:149966592_C_CA	6:149966128_C_G
6:149966592_C_CA	6:149967083_T_C
6:149966592_C_CA	6:149968158_T_C
6:149966592_C_CA	6:149971766_G_GTTGTT
6:149966592_C_CA	6:149972087_G_A
6:149966592_C_CA	6:149972132_G_A
6:149966592_C_CA	6:149973764_G_A
6:149966592_C_CA	6:149976798_G_A
6:149966592_C_CA	6:149977071_C_A
6:149966592_C_CA	6:149977802_G_A
6:149966592_C_CA	6:149978321_G_A
6:149966592_C_CA	6:149978555_A_T
6:149966592_C_CA	6:149978769_T_C
6:149966592_C_CA	6:149979416_G_A
6:149966592_C_CA	6:149979683_A_T
6:149966592_C_CA	6:149979900_G_A
6:149966592_C_CA	6:149980453_A_C
6:149966592_C_CA	6:149981459_A_G
6:149966592_C_CA	6:149982251_T_TG
6:149966592_C_CA	6:149982417_A_G
6:149966592_C_CA	6:149983216_G_A
6:149966592_C_CA	6:149985215_T_G
6:149966592_C_CA	6:149985297_CA_C
6:149966592_C_CA	6:149985476_T_TGAG
6:149966592_C_CA	6:149989065_T_C
6:149966592_C_CA	6:149989579_A_AT
6:149966592_C_CA	6:149989744_AT_A
6:149966592_C_CA	6:149989771_T_C
6:149966592_C_CA	6:149990309_A_G
6:149966592_C_CA	6:149990583_A_G
6:149966592_C_CA	6:149991516_G_T
6:149966592_C_CA	6:149991761_T_C
6:149966592_C_CA	6:149992308_A_G
6:149966592_C_CA	6:149992376_C_T
6:149966592_C_CA	6:149992708_C_G
6:149966592_C_CA	6:149993135_C_T
6:149966592_C_CA	6:149994041_T_C
6:149966592_C_CA	6:149994232_CTTT_C
6:149966592_C_CA	6:149995775_G_A
6:149966592_C_CA	6:149996724_G_A
6:149966592_C_CA	6:149996841_T_C
6:149966592_C_CA	6:149996983_G_A
6:149966592_C_CA	6:149997657_T_C
6:149966592_C_CA	6:149998283_A_AAAAC
6:149966592_C_CA	6:149998574_T_C
6:149966592_C_CA	6:149998723_A_G
6:149966592_C_CA	6:149999154_CA_C
6:149966592_C_CA	6:149999222_A_G
6:149966592_C_CA	6:150000642_G_C
6:149966592_C_CA	6:150002902_T_C
6:149966592_C_CA	6:150003226_GAC_G
6:149966592_C_CA	6:150004027_A_C
6:149966592_C_CA	6:150004779_A_G
6:149966592_C_CA	6:150006939_CA_C
6:149966592_C_CA	6:150009258_G_C
6:149966592_C_CA	6:150009595_C_T
6:149966592_C_CA	6:150011286_C_T
6:149966592_C_CA	6:150012362_T_C
6:149966592_C_CA	6:150013957_C_T
6:149966592_C_CA	6:150014470_A_G
6:149966592_C_CA	6:150015030_A_T
6:149966592_C_CA	6:150015258_G_A
6:149966592_C_CA	6:150016576_G_A
6:149966592_C_CA	6:150016812_GA_G
6:149966592_C_CA	6:150017778_C_T
6:149966592_C_CA	6:150019375_CTT_C
6:149966592_C_CA	6:150020194_CA_C
6:149966592_C_CA	6:150020553_G_T
6:149966592_C_CA	6:150021297_C_T
6:149966592_C_CA	6:150021877_AT_A
6:149966592_C_CA	6:150023348_C_G
6:149966592_C_CA	6:150023653_C_T
6:149966592_C_CA	6:150023868_T_C
6:149966592_C_CA	6:150024100_T_C
6:149966592_C_CA	6:150025122_C_T
6:149966592_C_CA	6:150025629_G_GT
6:149966592_C_CA	6:150026196_T_C
6:149966592_C_CA	6:150032247_T_C
6:149966592_C_CA	6:150033032_T_C
6:149966592_C_CA	6:150033491_C_T
6:149966592_C_CA	6:150035055_C_T
6:149966592_C_CA	6:150035776_T_G
6:149966592_C_CA	6:150037404_T_C
6:149966592_C_CA	6:150037572_A_G
6:149966592_C_CA	6:150037943_A_G
6:149966592_C_CA	6:150039148_G_A
6:149966592_C_CA	6:150039293_T_C
6:149966592_C_CA	6:150039361_C_G
6:149966592_C_CA	6:150039496_T_C
6:149966592_C_CA	6:150039720_G_C
6:149966592_C_CA	6:150041445_G_A
6:149966592_C_CA	6:150042215_T_A
6:149966592_C_CA	6:150042330_G_A
6:149966592_C_CA	6:150045493_TG_T
6:149966592_C_CA	6:150045578_T_TTAAC
6:149966592_C_CA	6:150046219_C_T
6:149966592_C_CA	6:150046511_T_C
6:149966592_C_CA	6:150050570_A_G
6:149966592_C_CA	6:150050676_C_A
6:149966592_C_CA	6:150052077_C_CA
6:149966592_C_CA	6:150052113_A_T
6:149966592_C_CA	6:150054816_A_G
6:149966592_C_CA	6:150055638_A_T
6:149966592_C_CA	6:150055933_C_CAA
6:149966592_C_CA	6:150056663_C_T
6:149966592_C_CA	6:150057111_TAA_T
6:149966592_C_CA	6:150058313_G_A
6:149966592_C_CA	6:150058826_A_G
6:149966592_C_CA	6:150060244_A_G
6:149966592_C_CA	6:150060483_C_T
6:149966592_C_CA	6:150060783_T_C
6:149966592_C_CA	6:150061486_G_T
6:149966592_C_CA	6:150061697_G_A
6:149966592_C_CA	6:150061791_T_C
6:149966592_C_CA	6:150061852_G_A
6:149966592_C_CA	6:150061856_G_A
6:149966592_C_CA	6:150062955_T_C
6:149966592_C_CA	6:150063976_G_A
6:149966592_C_CA	6:150064019_T_C
6:149966592_C_CA	6:150064229_T_C
6:149966592_C_CA	6:150064733_CA_C
6:149966592_C_CA	6:150064977_T_A
6:149966592_C_CA	6:150066058_A_T
6:149966592_C_CA	6:150066342_G_C
6:149966592_C_CA	6:150066468_G_C
6:149966592_C_CA	6:150069391_G_C
6:149966592_C_CA	6:150070529_C_G
6:149966592_C_CA	6:150072028_A_C
6:149966592_C_CA	6:150072464_A_T
6:149966592_C_CA	6:150072495_C_T
6:149966592_C_CA	6:150072678_C_A
6:149966592_C_CA	6:150073535_A_C
6:149966592_C_CA	6:150073891_A_C
6:149966592_C_CA	6:150074505_AT_A
6:149966592_C_CA	6:150075047_T_C
6:149966592_C_CA	6:150075273_T_C
6:149966592_C_CA	6:150075499_C_T
6:149966592_C_CA	6:150076235_A_AAGGGAC
6:149966592_C_CA	6:150077419_T_TTTCTAA
6:149966592_C_CA	6:150077489_C_CT
6:149966592_C_CA	6:150078089_C_G
6:149966592_C_CA	6:150079521_AT_A
6:149966592_C_CA	6:150079638_A_G
6:149966592_C_CA	6:150079823_T_C
6:149966592_C_CA	6:150079835_A_G
6:149966592_C_CA	6:150079875_G_A
6:149966592_C_CA	6:150080011_A_C
6:149966592_C_CA	6:150080017_T_C
6:149966592_C_CA	6:150080590_T_G
6:149966592_C_CA	6:150080882_C_T
6:149966592_C_CA	6:150081467_A_G
6:149966592_C_CA	6:150082095_A_G
6:149966592_C_CA	6:150082393_ATGTG_A
6:149966592_C_CA	6:150082511_G_T
6:149966592_C_CA	6:150083621_T_C
6:149966592_C_CA	6:150083654_GATATAT_G
6:149966592_C_CA	6:150084487_G_A
6:149966592_C_CA	6:150084850_A_G
6:149966592_C_CA	6:150085665_A_C
6:149966592_C_CA	6:150086049_T_C
6:149966592_C_CA	6:150087519_G_A
6:149966592_C_CA	6:150087627_C_A
6:149966592_C_CA	6:150088394_C_CT
6:149966592_C_CA	6:150088617_T_C
6:149966592_C_CA	6:150088683_A_G
6:149966592_C_CA	6:150088934_CGTTT_C
6:149966592_C_CA	6:150088952_T_C
6:149966592_C_CA	6:150089149_T_TA
6:149966592_C_CA	6:150089409_A_T
6:149966592_C_CA	6:150090816_T_C
6:149966592_C_CA	6:150091773_C_T
6:149966592_C_CA	6:150091912_A_G
6:149966592_C_CA	6:150091990_C_CCCTG
6:149966592_C_CA	6:150092809_T_C
6:149966592_C_CA	6:150093678_C_T
6:149966592_C_CA	6:150093682_C_T
6:149966592_C_CA	6:150093968_G_A
6:149966592_C_CA	6:150093981_G_A
6:149966592_C_CA	6:150094655_C_T
6:149966592_C_CA	6:150094714_T_C
6:149966592_C_CA	6:150095393_T_C
6:149966592_C_CA	6:150095437_G_A
6:149966592_C_CA	6:150096272_G_C
6:149966592_C_CA	6:150096352_T_A
6:149966592_C_CA	6:150096391_A_C
6:149966592_C_CA	6:150096439_C_T
6:149966592_C_CA	6:150097018_A_G
6:149966592_C_CA	6:150097343_T_A
6:149966592_C_CA	6:150097817_G_A
6:149966592_C_CA	6:150098601_T_TAAATG
6:149966592_C_CA	6:150098697_C_T
6:149966592_C_CA	6:150098777_T_C
6:149966592_C_CA	6:150098974_CTCCTTCCT_CTCCT
6:149966592_C_CA	6:150099525_C_T
6:149966592_C_CA	6:150100043_A_C
6:149966592_C_CA	6:150100430_C_T
6:149966592_C_CA	6:150100477_T_C
6:149966592_C_CA	6:150100712_G_A
6:149966592_C_CA	6:150100805_G_A
6:149966592_C_CA	6:150101699_T_C
6:149966592_C_CA	6:150102003_G_A
6:149966592_C_CA	6:150102497_G_A
6:149966592_C_CA	6:150102578_G_A
6:149966592_C_CA	6:150102785_A_C
6:149966592_C_CA	6:150103319_A_G
6:149966592_C_CA	6:150104033_G_C
6:149966592_C_CA	6:150104260_A_G
6:149966592_C_CA	6:150104457_C_T
6:149966592_C_CA	6:150104689_T_G
6:149966592_C_CA	6:150105092_G_A
6:149966592_C_CA	6:150105972_T_G
6:149966592_C_CA	6:150106569_C_T
6:149966592_C_CA	6:150107248_G_A
6:149966592_C_CA	6:150107251_C_A
6:149966592_C_CA	6:150107426_A_C
6:149966592_C_CA	6:150107570_C_T
6:149966592_C_CA	6:150107586_T_C
6:149966592_C_CA	6:150107914_C_A
6:149966592_C_CA	6:150108141_G_A
6:149966592_C_CA	6:150108360_G_A
6:149966592_C_CA	6:150108425_T_G
6:149966592_C_CA	6:150108751_G_A
6:149966592_C_CA	6:150109056_C_T
6:149966592_C_CA	6:150109106_T_C
6:149966592_C_CA	6:150109210_C_T
6:149966592_C_CA	6:150109295_C_T
6:149966592_C_CA	6:150109615_T_A
6:149966592_C_CA	6:150109845_C_G
6:149966592_C_CA	6:150110077_G_A
6:149966592_C_CA	6:150110113_G_A
6:149966592_C_CA	6:150110486_T_A
6:149966592_C_CA	6:150110622_C_T
6:149966592_C_CA	6:150110857_TAA_T
6:149966592_C_CA	6:150112169_C_G
6:149966592_C_CA	6:150112199_C_T
6:149966592_C_CA	6:150112201_G_A
6:149966592_C_CA	6:150112329_G_A
6:149966592_C_CA	6:150112997_G_A
6:149966592_C_CA	6:150113468_C_T
6:149966592_C_CA	6:150113794_G_A
6:149966592_C_CA	6:150113802_T_C
6:149966592_C_CA	6:150114606_C_T
6:149966592_C_CA	6:150115806_AT_A
6:149966592_C_CA	6:150116626_C_T
6:149966592_C_CA	6:150116798_C_T
6:149966592_C_CA	6:150117961_G_T
6:149966592_C_CA	6:150118653_T_TA
6:149966592_C_CA	6:150119300_GTC_G
6:149966592_C_CA	6:150119341_T_TA
6:149966592_C_CA	6:150119910_A_T
6:149966592_C_CA	6:150120036_T_C
6:149966592_C_CA	6:150120580_A_C
6:149966592_C_CA	6:150121693_C_T
6:149966592_C_CA	6:150122389_C_G
6:149966592_C_CA	6:150122645_G_A
6:149966592_C_CA	6:150123316_CT_C
6:149966592_C_CA	6:150123751_G_T
6:149966592_C_CA	6:150124019_G_A
6:149966592_C_CA	6:150124283_G_A
6:149966592_C_CA	6:150124645_T_TTTCTC
6:149966592_C_CA	6:150127103_C_T
6:149966592_C_CA	6:150127440_G_A
6:149966592_C_CA	6:150128173_C_A
6:149966592_C_CA	6:150129323_A_G
6:149966592_C_CA	6:150129606_T_C
6:149966592_C_CA	6:150130642_C_T
6:149966592_C_CA	6:150130673_G_A
6:149966592_C_CA	6:150130837_A_G
6:149966592_C_CA	6:150131208_T_C
6:149966592_C_CA	6:150132092_A_G
6:149966592_C_CA	6:150132319_A_T
6:149966592_C_CA	6:150133188_C_T
6:149966592_C_CA	6:150133601_G_A
6:149966592_C_CA	6:150133954_C_A
6:149966592_C_CA	6:150133995_A_G
6:149966592_C_CA	6:150134993_G_A
6:149966592_C_CA	6:150135524_C_T
6:149966592_C_CA	6:150135600_A_G
6:149966592_C_CA	6:150137231_A_G
6:149966592_C_CA	6:150137756_C_T
6:149966592_C_CA	6:150138403_A_G
6:149966592_C_CA	6:150138662_A_T
6:149966592_C_CA	6:150138734_A_G
6:149966592_C_CA	6:150139103_T_TA
6:149966592_C_CA	6:150139229_T_C
6:149966592_C_CA	6:150140810_C_T
6:149966592_C_CA	6:150140906_G_T
6:149966592_C_CA	6:150141531_A_C
6:149966592_C_CA	6:150141532_C_CT
6:149966592_C_CA	6:150142951_A_G
6:149966592_C_CA	6:150143114_C_T
6:149966592_C_CA	6:150143879_T_A
6:149966592_C_CA	6:150144210_CA_C
6:149966592_C_CA	6:150145001_C_T
6:149966592_C_CA	6:150146216_G_T
6:149966592_C_CA	6:150146621_C_G
6:149966592_C_CA	6:150146793_ATT_A
6:149966592_C_CA	6:150147740_C_CG
6:149966592_C_CA	6:150148110_C_CT
6:149966592_C_CA	6:150149630_C_CT
6:149966592_C_CA	6:150150468_A_G
6:149966592_C_CA	6:150152493_T_C
6:149966592_C_CA	6:150152856_G_A
6:149966592_C_CA	6:150152908_A_G
6:149966592_C_CA	6:150153901_T_C
6:149966592_C_CA	6:150154500_C_T
6:149966592_C_CA	6:150155247_C_T
6:149966592_C_CA	6:150155460_A_G
6:149966592_C_CA	6:150156204_G_A
6:149966592_C_CA	6:150156602_GGTCCCAGCTACTACGCCTATA_G
6:149966592_C_CA	6:150157001_A_G
6:149966592_C_CA	6:150157970_G_GAAAA
6:149966592_C_CA	6:150160053_G_A
6:149966592_C_CA	6:150160434_A_G
6:149966592_C_CA	6:150160951_C_T
6:149966592_C_CA	6:150161114_G_A
6:149966592_C_CA	6:150161871_C_T
6:149966592_C_CA	6:150163315_CTTA_C
6:149966592_C_CA	6:150163911_T_C
6:149966592_C_CA	6:150164378_G_A
6:149966592_C_CA	6:150166569_A_G
6:149966592_C_CA	6:150166894_TCAGGTCTTATCTGTCGGATAAGAC_T
6:149966592_C_CA	6:150167108_G_A
6:149966592_C_CA	6:150169320_AAAAAC_A
6:149966592_C_CA	6:150169538_C_T
6:149966592_C_CA	6:150169932_C_T
6:149966592_C_CA	6:150170121_A_G
6:149966592_C_CA	6:150170444_T_C
6:149966592_C_CA	6:150170880_A_G
6:149966592_C_CA	6:150172923_C_T
6:149966592_C_CA	6:150173105_T_C
6:149966592_C_CA	6:150173179_A_G
6:149966592_C_CA	6:150173959_ACT_A
6:149966592_C_CA	6:150176833_CT_C
6:149966592_C_CA	6:150179223_A_G
6:149966592_C_CA	6:150179559_A_G
6:149966592_C_CA	6:150180259_T_C
6:149966592_C_CA	6:150183737_T_C
6:149966592_C_CA	6:150184080_A_T
6:149966592_C_CA	6:150184882_G_C
6:149966592_C_CA	6:150185509_T_A
6:149966592_C_CA	6:150185524_C_T
6:149966592_C_CA	6:150186524_T_A
6:149966592_C_CA	6:150186534_T_G
6:149966592_C_CA	6:150186535_T_G
6:149966592_C_CA	6:150189174_T_A
6:149966592_C_CA	6:150193603_G_A
6:149966592_C_CA	6:150194298_C_T
6:149966592_C_CA	6:150195384_C_A
6:149966592_C_CA	6:150199839_CAAAAAAAAAAA_C
6:149966592_C_CA	6:150201179_A_G
6:149966592_C_CA	6:150202644_T_C
6:149966592_C_CA	6:150205095_G_A
6:149966592_C_CA	6:150205446_T_A
6:149966592_C_CA	6:150206380_C_T
6:149966592_C_CA	6:150206397_TG_T
6:149966592_C_CA	6:150206615_T_C
6:149966592_C_CA	6:150206781_A_G
6:149966592_C_CA	6:150207016_A_G
6:149966592_C_CA	6:150207195_C_T
6:149966592_C_CA	6:150207234_T_G
6:149966592_C_CA	6:150207249_C_T
6:149966592_C_CA	6:150207962_G_T
6:149966592_C_CA	6:150208024_G_A
6:149966592_C_CA	6:150208111_T_C
6:149966592_C_CA	6:150208135_T_C
6:149966592_C_CA	6:150208264_A_G
6:149966592_C_CA	6:150208274_G_A
6:149966592_C_CA	6:150208651_A_G
6:149966592_C_CA	6:150209196_G_A
6:149966592_C_CA	6:150209204_A_G
6:149966592_C_CA	6:150209309_C_G
6:149966592_C_CA	6:150209432_G_A
6:149966592_C_CA	6:150209849_TA_T
6:149966592_C_CA	6:150210344_A_G
6:149966592_C_CA	6:150210802_A_G
6:149966592_C_CA	6:150210994_T_C
6:149966592_C_CA	6:150210999_G_C
6:149966592_C_CA	6:150211684_T_C
6:149966592_C_CA	6:150211828_T_C
6:149966592_C_CA	6:150212596_G_C
6:149966592_C_CA	6:150213085_A_T
6:149966592_C_CA	6:150213312_G_A
6:149966592_C_CA	6:150213472_T_C
6:149966592_C_CA	6:150213499_A_G
6:149966592_C_CA	6:150213502_T_A
6:149966592_C_CA	6:150214035_G_A
6:149966592_C_CA	6:150214270_C_T
6:149966592_C_CA	6:150214602_G_T
6:149966592_C_CA	6:150214610_G_T
6:149966592_C_CA	6:150214784_C_T
6:149966592_C_CA	6:150214806_T_C
6:149966592_C_CA	6:150215869_T_C
6:149966592_C_CA	6:150216507_T_C
6:149966592_C_CA	6:150216685_G_A
6:149966592_C_CA	6:150217360_T_C
6:149966592_C_CA	6:150217811_C_T
6:149966592_C_CA	6:150412942_G_A
6:149966592_C_CA	6:150438280_G_A
6:149966592_C_CA	6:153715855_A_C
6:149966592_C_CA	6:153718948_CT_C
6:149966592_C_CA	6:153727197_G_A
6:149966592_C_CA	6:153729131_G_A
6:149966592_C_CA	6:154845814_T_A
6:149966592_C_CA	6:154852313_G_A
6:149966592_C_CA	6:154854650_T_A
6:149966592_C_CA	6:154858360_T_C
6:149966592_C_CA	6:154858365_A_G
6:149966592_C_CA	6:154859328_AAGG_A
6:149966592_C_CA	6:154874495_A_C
6:149966592_C_CA	6:154874692_G_C
6:149966592_C_CA	6:154877112_C_T
6:149966592_C_CA	6:154878380_G_C
6:149966592_C_CA	6:154879285_G_GAA
6:149966592_C_CA	6:154883713_C_CTCTAATAG
6:149966592_C_CA	6:154889016_T_G
6:149966592_C_CA	6:156827382_A_C
6:149966592_C_CA	6:156914365_G_C
1:181386043_G_T	1:173051318_G_T
1:181386043_G_T	1:177592446_TAC_T
1:181386043_G_T	1:177603359_G_A
1:181386043_G_T	1:177607116_G_C
1:181386043_G_T	1:177607195_A_T
1:181386043_G_T	1:177607197_A_C
1:181386043_G_T	1:177611318_G_A
1:181386043_G_T	1:177612061_G_C
1:181386043_G_T	1:177618116_G_A
1:181386043_G_T	1:177623811_CT_C
1:181386043_G_T	1:177626285_G_T
1:181386043_G_T	1:177628345_A_T
1:181386043_G_T	1:177629752_ACTC_A
1:181386043_G_T	1:177639241_G_A
1:181386043_G_T	1:177643968_A_G
1:181386043_G_T	1:177675215_C_T
1:181386043_G_T	1:177677016_C_T
1:181386043_G_T	1:177680105_G_A
1:181386043_G_T	1:177682331_G_C
1:181386043_G_T	1:177686988_T_G
1:181386043_G_T	1:177689870_CT_C
1:181386043_G_T	1:177690150_A_G
1:181386043_G_T	1:177690241_A_G
1:181386043_G_T	1:177690436_T_G
1:181386043_G_T	1:177690971_G_A
1:181386043_G_T	1:177695777_G_A
1:181386043_G_T	1:177697433_A_G
1:181386043_G_T	1:177808419_G_A
1:181386043_G_T	1:181340788_T_A
1:181386043_G_T	1:181343522_G_GT
1:181386043_G_T	1:181347224_G_A
1:181386043_G_T	1:181352170_A_G
1:181386043_G_T	1:181356580_T_G
1:181386043_G_T	1:181358124_G_A
1:181386043_G_T	1:181361033_G_GTC
1:181386043_G_T	1:181363558_T_C
1:181386043_G_T	1:181364048_C_G
1:181386043_G_T	1:181369631_C_T
1:181386043_G_T	1:181373309_T_A
1:181386043_G_T	1:181375601_C_T
1:181386043_G_T	1:181380219_C_T
1:181386043_G_T	1:181381242_C_T
1:181386043_G_T	1:181385881_C_T
1:181386043_G_T	1:181386185_G_A
1:181386043_G_T	1:181485301_A_G
1:181386043_G_T	1:181593482_T_A
15:34928648_T_G	15:33793418_C_T
15:34928648_T_G	15:34236656_T_C
15:34928648_T_G	15:34238824_T_G
15:34928648_T_G	15:34239442_T_C
15:34928648_T_G	15:34241251_T_A
15:34928648_T_G	15:34241350_G_A
15:34928648_T_G	15:34242204_T_C
15:34928648_T_G	15:34244220_T_C
15:34928648_T_G	15:34247027_G_T
15:34928648_T_G	15:34247560_C_T
15:34928648_T_G	15:34248434_G_A
15:34928648_T_G	15:34249682_C_T
15:34928648_T_G	15:34250794_G_A
15:34928648_T_G	15:34251746_G_T
15:34928648_T_G	15:34251749_G_C
15:34928648_T_G	15:34251968_GT_G
15:34928648_T_G	15:34252027_G_A
15:34928648_T_G	15:34252455_A_T
15:34928648_T_G	15:34252644_TGAGA_T
15:34928648_T_G	15:34779315_T_C
15:34928648_T_G	15:34802878_A_G
15:34928648_T_G	15:34813560_T_C
15:34928648_T_G	15:34813976_G_A
15:34928648_T_G	15:34816928_A_G
15:34928648_T_G	15:34817230_C_T
15:34928648_T_G	15:34818270_G_A
15:34928648_T_G	15:34818459_C_A
15:34928648_T_G	15:34818908_C_T
15:34928648_T_G	15:34818982_C_T
15:34928648_T_G	15:34819027_C_T
15:34928648_T_G	15:34819063_A_G
15:34928648_T_G	15:34836903_T_C
15:34928648_T_G	15:34836914_T_C
15:34928648_T_G	15:34844327_G_A
15:34928648_T_G	15:34858607_G_C
15:34928648_T_G	15:34859024_A_T
15:34928648_T_G	15:34859350_T_C
15:34928648_T_G	15:34859351_G_A
15:34928648_T_G	15:34860040_C_T
15:34928648_T_G	15:34862329_C_T
15:34928648_T_G	15:34863176_A_G
15:34928648_T_G	15:34866301_G_C
15:34928648_T_G	15:34867342_C_T
15:34928648_T_G	15:34867562_A_G
15:34928648_T_G	15:34867563_C_A
15:34928648_T_G	15:34868802_G_C
15:34928648_T_G	15:34872591_G_C
15:34928648_T_G	15:34877509_C_T
15:34928648_T_G	15:34878685_T_C
15:34928648_T_G	15:34888795_CAT_C
15:34928648_T_G	15:34930641_G_A
15:34928648_T_G	15:34932123_T_A
15:34928648_T_G	15:34932389_C_T
15:34928648_T_G	15:34933943_A_G
15:34928648_T_G	15:34933948_T_A
15:34928648_T_G	15:39963857_C_A
15:34928648_T_G	15:39971261_CAG_C
15:34928648_T_G	15:39977641_A_G
15:34928648_T_G	15:41475356_C_T
15:34928648_T_G	15:41526022_C_T
15:34928648_T_G	15:41532609_A_G
15:34928648_T_G	15:41649880_G_A
15:34928648_T_G	15:41652090_G_A
15:34928648_T_G	15:41659329_C_T
15:34928648_T_G	15:41659364_C_T
15:34928648_T_G	15:41659641_G_A
15:34928648_T_G	15:41660366_A_G
15:34928648_T_G	15:41661819_C_G
15:34928648_T_G	15:41667565_G_A
15:34928648_T_G	15:41718510_A_AT
15:34928648_T_G	15:41723416_C_CT
15:34928648_T_G	15:41777736_A_G
15:34928648_T_G	15:41787231_C_T
15:34928648_T_G	15:41799079_C_T
15:34928648_T_G	15:41806658_G_A
15:34928648_T_G	15:41808517_A_C
15:34928648_T_G	15:41835158_G_T
15:34928648_T_G	15:41843679_C_T
15:34928648_T_G	15:41846017_G_C
2:166849724_A_T	2:157847937_A_AT
2:166849724_A_T	2:159091624_C_T
2:166849724_A_T	2:166370225_G_A
2:166849724_A_T	2:166370229_A_G
2:166849724_A_T	2:166370826_A_C
2:166849724_A_T	2:166371595_T_C
2:166849724_A_T	2:166371673_CA_C
2:166849724_A_T	2:166388904_G_T
2:166849724_A_T	2:166719594_A_G
2:166849724_A_T	2:166720146_T_C
2:166849724_A_T	2:166721251_G_A
2:166849724_A_T	2:166722784_T_A
2:166849724_A_T	2:166723533_T_C
2:166849724_A_T	2:166723974_G_A
2:166849724_A_T	2:166724833_C_T
2:166849724_A_T	2:166725769_G_T
2:166849724_A_T	2:166727227_G_T
2:166849724_A_T	2:166727564_G_C
2:166849724_A_T	2:166727867_G_T
2:166849724_A_T	2:166729682_A_G
2:166849724_A_T	2:166730160_C_A
2:166849724_A_T	2:166731782_GT_G
2:166849724_A_T	2:166733738_T_C
2:166849724_A_T	2:166735481_T_C
2:166849724_A_T	2:166737665_T_G
2:166849724_A_T	2:166738631_G_A
2:166849724_A_T	2:166744105_G_A
2:166849724_A_T	2:166745214_T_C
2:166849724_A_T	2:166745430_GGTAAA_G
2:166849724_A_T	2:166747785_A_G
2:166849724_A_T	2:166748913_G_A
2:166849724_A_T	2:166749203_T_C
2:166849724_A_T	2:166751780_C_A
2:166849724_A_T	2:166752151_G_A
2:166849724_A_T	2:166752432_A_G
2:166849724_A_T	2:166753060_TA_T
2:166849724_A_T	2:166753668_C_T
2:166849724_A_T	2:166754553_A_G
2:166849724_A_T	2:166769554_A_AT
2:166849724_A_T	2:166782231_C_T
2:166849724_A_T	2:166794920_G_T
2:166849724_A_T	2:166811765_A_G
2:166849724_A_T	2:166812238_G_A
2:166849724_A_T	2:166812878_C_T
2:166849724_A_T	2:166816762_A_AT
2:166849724_A_T	2:166818404_T_A
2:166849724_A_T	2:166823335_G_A
2:166849724_A_T	2:166829083_G_T
2:166849724_A_T	2:166830602_GA_G
2:166849724_A_T	2:166830926_TAATAGAC_T
2:166849724_A_T	2:166831555_G_A
2:166849724_A_T	2:166837838_A_G
2:166849724_A_T	2:166839301_A_T
2:166849724_A_T	2:166839748_T_C
2:166849724_A_T	2:166856825_C_T
2:166849724_A_T	2:166857460_C_G
2:166849724_A_T	2:166859986_C_A
2:166849724_A_T	2:166861478_G_A
2:166849724_A_T	2:166861725_C_A
2:166849724_A_T	2:166867933_A_C
2:166849724_A_T	2:166871905_C_A
2:166849724_A_T	2:166873299_A_C
2:166849724_A_T	2:166876829_C_T
2:166849724_A_T	2:166876837_A_T
2:166849724_A_T	2:166881890_C_A
2:166849724_A_T	2:166883632_C_T
2:166849724_A_T	2:166885720_G_A
2:166849724_A_T	2:166885888_A_G
2:166849724_A_T	2:166886112_G_T
2:166849724_A_T	2:166886515_C_T
2:166849724_A_T	2:166886675_C_T
2:166849724_A_T	2:166886819_C_T
2:166849724_A_T	2:166886916_CT_C
2:166849724_A_T	2:166886926_C_G
2:166849724_A_T	2:166887283_C_A
2:166849724_A_T	2:166888236_C_T
2:166849724_A_T	2:166888439_A_G
2:166849724_A_T	2:166888768_C_T
2:166849724_A_T	2:166889237_G_A
2:166849724_A_T	2:166889476_G_A
2:166849724_A_T	2:166889943_C_T
2:166849724_A_T	2:166889979_T_TC
2:166849724_A_T	2:166890273_T_C
2:166849724_A_T	2:166890477_A_G
2:166849724_A_T	2:166890483_T_TTATAAA
2:166849724_A_T	2:166890611_A_G
2:166849724_A_T	2:166890622_ATT_A
2:166849724_A_T	2:166892448_A_T
2:166849724_A_T	2:166893081_G_A
2:166849724_A_T	2:166893532_T_G
2:166849724_A_T	2:166893634_G_A
2:166849724_A_T	2:166894120_AGTTT_A
2:166849724_A_T	2:166894230_T_C
2:166849724_A_T	2:166894881_T_C
2:166849724_A_T	2:166895066_A_T
2:166849724_A_T	2:166895203_A_C
2:166849724_A_T	2:166895226_T_C
2:166849724_A_T	2:166895502_C_T
2:166849724_A_T	2:166895573_T_C
2:166849724_A_T	2:166895725_T_C
2:166849724_A_T	2:166896143_T_G
2:166849724_A_T	2:166896178_C_T
2:166849724_A_T	2:166896287_T_G
2:166849724_A_T	2:166896362_G_A
2:166849724_A_T	2:166896630_A_G
2:166849724_A_T	2:166896680_G_A
2:166849724_A_T	2:166897217_T_C
2:166849724_A_T	2:166897226_A_G
2:166849724_A_T	2:166897248_A_G
2:166849724_A_T	2:166899102_T_A
2:166849724_A_T	2:166899878_G_A
2:166849724_A_T	2:166900606_A_C
2:166849724_A_T	2:166901064_G_A
2:166849724_A_T	2:166901231_AT_A
2:166849724_A_T	2:166901988_AT_A
2:166849724_A_T	2:166902103_A_T
2:166849724_A_T	2:166903756_C_A
2:166849724_A_T	2:166904346_G_A
2:166849724_A_T	2:166905003_A_G
2:166849724_A_T	2:166905480_G_A
2:166849724_A_T	2:166905674_A_G
2:166849724_A_T	2:166906782_C_T
2:166849724_A_T	2:166907055_AT_A
2:166849724_A_T	2:166907344_A_G
2:166849724_A_T	2:166907971_C_T
2:166849724_A_T	2:166909559_C_A
2:166849724_A_T	2:166909751_T_C
2:166849724_A_T	2:166909832_A_G
2:166849724_A_T	2:166910705_A_G
2:166849724_A_T	2:166910712_T_C
2:166849724_A_T	2:166911702_G_GT
2:166849724_A_T	2:166911942_G_A
2:166849724_A_T	2:166913774_G_A
2:166849724_A_T	2:166913962_G_A
2:166849724_A_T	2:166915335_C_A
2:166849724_A_T	2:166916043_A_G
2:166849724_A_T	2:166916819_A_G
2:166849724_A_T	2:166917408_A_T
2:166849724_A_T	2:166937095_T_C
2:166849724_A_T	2:169863416_G_T
2:166849724_A_T	2:169916983_C_A
2:166849724_A_T	2:170989040_T_C
2:166849724_A_T	2:171836895_T_C
2:166849724_A_T	2:171837189_A_C
2:166849724_A_T	2:171930391_C_CCG
2:166849724_A_T	2:171964590_C_A
2:166849724_A_T	2:172088808_T_C
2:166849724_A_T	2:175102951_C_T
2:166849724_A_T	2:176346161_A_T
8:72241521_A_C	8:62722061_TA_T
8:72241521_A_C	8:63850916_T_C
8:72241521_A_C	8:63851829_C_T
8:72241521_A_C	8:63855133_G_A
8:72241521_A_C	8:63855616_T_C
8:72241521_A_C	8:66668611_A_C
8:72241521_A_C	8:71248841_C_CAGAG
8:72241521_A_C	8:71248842_A_AGAGT
8:72241521_A_C	8:71277064_GT_G
8:72241521_A_C	8:72095317_G_A
8:72241521_A_C	8:72099927_T_G
8:72241521_A_C	8:72100628_G_C
8:72241521_A_C	8:72119087_C_T
8:72241521_A_C	8:72131130_AAGG_A
8:72241521_A_C	8:72168220_A_T
8:72241521_A_C	8:72230912_G_T
8:72241521_A_C	8:72233230_T_C
8:72241521_A_C	8:72233443_G_A
8:72241521_A_C	8:72235161_T_TA
8:72241521_A_C	8:72235507_C_G
8:72241521_A_C	8:72238616_C_A
8:72241521_A_C	8:72239884_C_A
8:72241521_A_C	8:72241036_T_G
8:72241521_A_C	8:72241148_T_A
8:72241521_A_C	8:72241220_T_C
8:72241521_A_C	8:72519949_A_T
8:72241521_A_C	8:72523647_G_A
8:72241521_A_C	8:72525305_T_C
8:72241521_A_C	8:79739430_G_A
8:72241521_A_C	8:81361042_T_G
8:72241521_A_C	8:81918346_A_T
8:72241521_A_C	8:81918879_A_T
8:72241521_A_C	8:81918882_C_T
8:72241521_A_C	8:81920610_C_T
8:72241521_A_C	8:81921234_C_T
8:72241521_A_C	8:81922148_G_C
8:72241521_A_C	8:81931131_C_T
8:72241521_A_C	8:81936494_G_C
8:72241521_A_C	8:81942966_T_C
19:32332837_G_T	19:31800295_CA_C
19:32332837_G_T	19:31802550_A_G
19:32332837_G_T	19:31815730_A_AT
19:32332837_G_T	19:31816676_T_C
19:32332837_G_T	19:32216134_T_G
19:32332837_G_T	19:32263763_C_T
19:32332837_G_T	19:32267205_A_C
19:32332837_G_T	19:32273928_G_C
19:32332837_G_T	19:32273982_G_C
19:32332837_G_T	19:32275107_T_C
19:32332837_G_T	19:32276480_A_G
19:32332837_G_T	19:32285580_C_T
19:32332837_G_T	19:32285718_G_A
19:32332837_G_T	19:32286267_A_G
19:32332837_G_T	19:32286442_G_A
19:32332837_G_T	19:32289255_CTA_C
19:32332837_G_T	19:32290980_A_G
19:32332837_G_T	19:32293672_C_T
19:32332837_G_T	19:32294017_T_C
19:32332837_G_T	19:32294396_C_T
19:32332837_G_T	19:32304780_A_G
19:32332837_G_T	19:32305975_T_C
19:32332837_G_T	19:32307379_C_T
19:32332837_G_T	19:32308037_A_G
19:32332837_G_T	19:32311941_A_T
19:32332837_G_T	19:32315356_CA_C
19:32332837_G_T	19:32316546_G_A
19:32332837_G_T	19:32317147_T_C
19:32332837_G_T	19:32317245_A_T
19:32332837_G_T	19:32317309_C_G
19:32332837_G_T	19:32317453_A_G
19:32332837_G_T	19:32318333_C_A
19:32332837_G_T	19:32318660_C_CAA
19:32332837_G_T	19:32318785_G_A
19:32332837_G_T	19:32319192_T_G
19:32332837_G_T	19:32319704_T_C
19:32332837_G_T	19:32321791_T_C
19:32332837_G_T	19:32323463_T_C
19:32332837_G_T	19:32324102_C_T
19:32332837_G_T	19:32324689_T_C
19:32332837_G_T	19:32325695_A_C
19:32332837_G_T	19:32326288_A_C
19:32332837_G_T	19:32326753_T_C
19:32332837_G_T	19:32330029_T_C
19:32332837_G_T	19:32330540_C_A
19:32332837_G_T	19:32330980_G_A
19:32332837_G_T	19:32331526_A_C
19:32332837_G_T	19:32331923_T_C
19:32332837_G_T	19:32332392_C_T
19:32332837_G_T	19:32332402_T_G
19:32332837_G_T	19:32332479_G_A
19:32332837_G_T	19:32332732_C_T
19:32332837_G_T	19:32332840_G_T
19:32332837_G_T	19:32334848_AT_A
19:32332837_G_T	19:32336429_G_T
19:32332837_G_T	19:32336666_G_GA
19:32332837_G_T	19:32336810_T_C
19:32332837_G_T	19:32337175_A_G
19:32332837_G_T	19:32337746_T_C
19:32332837_G_T	19:32337836_A_G
19:32332837_G_T	19:32337958_T_C
19:32332837_G_T	19:32338074_A_G
19:32332837_G_T	19:32338848_A_G
19:32332837_G_T	19:32339525_T_C
19:32332837_G_T	19:32453167_TA_T
19:32332837_G_T	19:34295818_G_A
19:32332837_G_T	19:35466281_C_CCTGCTCCTCTTGAGGATGTATTCT
19:32332837_G_T	19:35466518_G_C
19:32332837_G_T	19:35704109_G_A
6:4427554_A_G	6:4330353_C_G
6:4427554_A_G	6:4426089_A_C
6:4427554_A_G	6:4427234_A_ACAG
6:4427554_A_G	6:4427283_A_G
6:4427554_A_G	6:4427558_G_GT
6:4427554_A_G	6:4427591_T_A
6:4427554_A_G	6:4428342_T_C
6:4427554_A_G	6:4428687_C_G
6:4427554_A_G	6:4428688_G_T
6:4427554_A_G	6:4428716_G_GC
6:4427554_A_G	6:4428718_G_T
6:4427554_A_G	6:4428721_CA_C
6:4427554_A_G	6:4428725_C_G
6:4427554_A_G	6:4428733_C_T
6:4427554_A_G	6:4428743_C_G
6:4427554_A_G	6:4428750_C_T
6:4427554_A_G	6:4428862_G_T
6:4427554_A_G	6:4428915_A_G
6:4427554_A_G	6:4429069_A_G
6:4427554_A_G	6:4429152_A_G
6:4427554_A_G	6:4429204_C_T
6:4427554_A_G	6:4429234_G_C
6:4427554_A_G	6:4429310_C_T
6:4427554_A_G	6:4429382_G_A
6:4427554_A_G	6:4573109_A_G
6:4427554_A_G	6:10560532_AG_A
6:4427554_A_G	6:10562252_C_G
6:4427554_A_G	6:10562387_G_A
6:4427554_A_G	6:10563643_A_G
6:4427554_A_G	6:11915508_A_T
6:4427554_A_G	6:11917794_T_TAA
6:4427554_A_G	6:11919929_G_A
6:4427554_A_G	6:11920517_T_C
6:4427554_A_G	6:11920763_C_G
6:4427554_A_G	6:11922388_T_C
6:4427554_A_G	6:11922877_A_G
6:4427554_A_G	6:11928688_A_G
6:4427554_A_G	6:11928807_T_A
6:4427554_A_G	6:11929704_G_C
6:4427554_A_G	6:11934634_A_G
6:4427554_A_G	6:11939560_TAA_T
6:4427554_A_G	6:11941439_G_C
6:4427554_A_G	6:11943517_G_A
6:4427554_A_G	6:11945778_A_G
11:133101524_A_G	11:132809376_A_T
11:133101524_A_G	11:132815368_G_A
11:133101524_A_G	11:132924568_C_G
11:133101524_A_G	11:133101918_A_G
11:133101524_A_G	11:133101964_G_C
11:133101524_A_G	11:133102672_G_C
11:133101524_A_G	11:133102752_A_T
11:133101524_A_G	11:133103419_A_G
11:133101524_A_G	11:133104158_C_A
11:133101524_A_G	11:133106030_T_C
11:133101524_A_G	11:133106775_G_GGACATAGCA
11:133101524_A_G	11:133107194_G_T
11:133101524_A_G	11:133107222_T_C
11:133101524_A_G	11:133107731_G_T
11:133101524_A_G	11:133107834_G_A
11:133101524_A_G	11:133107877_G_C
11:133101524_A_G	11:133107948_G_C
11:133101524_A_G	11:133108288_A_G
11:133101524_A_G	11:133108312_A_G
11:133101524_A_G	11:133109956_A_G
11:133101524_A_G	11:133110021_C_T
11:133101524_A_G	11:133110092_C_T
11:133101524_A_G	11:133111500_G_A
11:133101524_A_G	11:133111801_C_A
11:133101524_A_G	11:133112297_G_A
11:133101524_A_G	11:133113148_G_A
11:133101524_A_G	11:133132322_G_T
11:133101524_A_G	11:133148789_G_C
11:133101524_A_G	11:133167123_G_A
11:133101524_A_G	11:133168813_A_G
2:68425454_T_C	2:61733733_C_CAAAAAAAAA
2:68425454_T_C	2:61781155_CA_C
2:68425454_T_C	2:67876600_T_TCTG
2:68425454_T_C	2:67876601_A_G
2:68425454_T_C	2:67876603_T_TGAAAACC
2:68425454_T_C	2:67876604_T_C
2:68425454_T_C	2:67876605_T_A
2:68425454_T_C	2:68110807_C_A
2:68425454_T_C	2:68353294_C_A
2:68425454_T_C	2:68354898_C_T
2:68425454_T_C	2:68355211_T_C
2:68425454_T_C	2:68358341_T_C
2:68425454_T_C	2:68358653_T_C
2:68425454_T_C	2:68363911_G_A
2:68425454_T_C	2:68368107_G_C
2:68425454_T_C	2:68368180_G_A
2:68425454_T_C	2:68369405_T_C
2:68425454_T_C	2:68375207_G_C
2:68425454_T_C	2:68376376_T_C
2:68425454_T_C	2:68377325_A_G
2:68425454_T_C	2:68379147_A_G
2:68425454_T_C	2:68386261_A_G
2:68425454_T_C	2:68386410_G_A
2:68425454_T_C	2:68388132_T_G
2:68425454_T_C	2:68405545_A_G
2:68425454_T_C	2:68415767_G_A
2:68425454_T_C	2:68417219_G_A
2:68425454_T_C	2:68423492_A_T
2:68425454_T_C	2:68425372_CAT_C
2:68425454_T_C	2:68426291_T_C
2:68425454_T_C	2:68426527_T_G
2:68425454_T_C	2:68426624_G_A
2:68425454_T_C	2:68426902_A_C
2:68425454_T_C	2:68428283_G_C
2:68425454_T_C	2:68430733_C_CA
2:68425454_T_C	2:68432070_G_C
2:68425454_T_C	2:68434157_T_C
2:68425454_T_C	2:68436304_A_C
2:68425454_T_C	2:68443612_A_T
2:68425454_T_C	2:68443613_A_T
2:68425454_T_C	2:68445354_A_G
2:68425454_T_C	2:68445569_G_A
2:68425454_T_C	2:68447920_T_A
2:68425454_T_C	2:68451447_G_A
2:68425454_T_C	2:68454403_A_T
2:68425454_T_C	2:68454685_C_T
2:68425454_T_C	2:68458455_GTCTT_G
2:68425454_T_C	2:68458591_GAAT_G
2:68425454_T_C	2:68459337_C_CA
2:68425454_T_C	2:68459341_T_TGTA
2:68425454_T_C	2:68459343_G_A
2:68425454_T_C	2:68459344_T_TA
2:68425454_T_C	2:68459391_GTGTGTGTATA_G
2:68425454_T_C	2:68462592_T_C
2:68425454_T_C	2:68462678_C_T
2:68425454_T_C	2:68463216_TTTC_T
2:68425454_T_C	2:68470814_C_T
2:68425454_T_C	2:68474766_A_G
2:68425454_T_C	2:68475286_C_T
2:68425454_T_C	2:68477948_T_C
2:68425454_T_C	2:68478782_G_GT
2:68425454_T_C	2:68479576_G_A
2:68425454_T_C	2:68480764_T_TGAGAGAGA
2:68425454_T_C	2:68480766_T_A
2:68425454_T_C	2:68480768_T_A
2:68425454_T_C	2:68482348_T_C
2:68425454_T_C	2:68483396_A_T
2:68425454_T_C	2:68486977_CAT_C
2:68425454_T_C	2:68494210_C_CA
2:68425454_T_C	2:68495002_G_A
2:68425454_T_C	2:68495243_G_A
2:68425454_T_C	2:68496996_AT_A
2:68425454_T_C	2:68500578_C_A
2:68425454_T_C	2:68527606_G_A
2:68425454_T_C	2:68548717_G_C
2:68425454_T_C	2:68600127_C_CT
2:68425454_T_C	2:68623917_C_T
2:68425454_T_C	2:68673465_T_A
2:68425454_T_C	2:68674054_G_C
2:68425454_T_C	2:68674725_C_T
2:68425454_T_C	2:68675801_G_A
2:68425454_T_C	2:68675904_G_T
2:68425454_T_C	2:68675941_G_A
2:68425454_T_C	2:68676339_A_G
2:68425454_T_C	2:68679207_ATT_A
2:68425454_T_C	2:68679539_C_T
2:68425454_T_C	2:68679564_AG_A
2:68425454_T_C	2:68679948_T_C
2:68425454_T_C	2:69224924_A_G
2:68425454_T_C	2:75065473_T_C
2:68425454_T_C	2:75067776_C_T
2:68425454_T_C	2:75068113_C_T
2:68425454_T_C	2:75070263_C_A
2:68425454_T_C	2:75070567_C_T
2:68425454_T_C	2:75071761_T_C
2:68425454_T_C	2:77781935_C_A
2:68425454_T_C	2:77784464_A_G
22:35921936_C_T	22:27302652_C_T
22:35921936_C_T	22:28034327_A_T
22:35921936_C_T	22:28040545_A_G
22:35921936_C_T	22:35893285_C_T
22:35921936_C_T	22:35919789_G_A
22:35921936_C_T	22:35920869_C_A
22:35921936_C_T	22:35920896_C_G
22:35921936_C_T	22:35922922_G_A
22:35921936_C_T	22:35923105_G_A
22:35921936_C_T	22:35923192_G_A
22:35921936_C_T	22:35923409_C_T
22:35921936_C_T	22:37797138_A_G
22:35921936_C_T	22:37797697_G_T
22:35921936_C_T	22:37797727_G_C
22:35921936_C_T	22:37797728_C_G
22:35921936_C_T	22:37797971_C_T
22:35921936_C_T	22:37798370_C_G
22:35921936_C_T	22:37798583_C_A
22:35921936_C_T	22:37798644_G_T
22:35921936_C_T	22:37798664_GT_G
22:35921936_C_T	22:37799101_G_C
22:35921936_C_T	22:37799188_G_T
22:35921936_C_T	22:37799221_C_T
22:35921936_C_T	22:37799369_A_G
22:35921936_C_T	22:37799449_G_GCGAGGGGC
22:35921936_C_T	22:37799538_A_G
22:35921936_C_T	22:37799853_C_T
22:35921936_C_T	22:37799884_G_T
22:35921936_C_T	22:37800577_G_A
22:35921936_C_T	22:37800822_T_C
22:35921936_C_T	22:37800823_G_A
22:35921936_C_T	22:37801168_C_G
22:35921936_C_T	22:37808911_T_C
22:35921936_C_T	22:38862628_C_T
22:35921936_C_T	22:39663576_G_A
22:35921936_C_T	22:39672029_G_A
22:35921936_C_T	22:39684024_T_TA
22:35921936_C_T	22:39714490_C_T
22:35921936_C_T	22:39732413_C_T
22:35921936_C_T	22:41628335_CA_C
22:35921936_C_T	22:42696005_G_A
20:1967049_C_T	20:1305721_A_G
20:1967049_C_T	20:1306531_C_G
20:1967049_C_T	20:1940247_A_C
20:1967049_C_T	20:1940868_T_C
20:1967049_C_T	20:1942698_A_T
20:1967049_C_T	20:1942710_G_A
20:1967049_C_T	20:1942718_G_A
20:1967049_C_T	20:1942905_G_A
20:1967049_C_T	20:1943041_G_A
20:1967049_C_T	20:1943124_G_A
20:1967049_C_T	20:1943884_G_A
20:1967049_C_T	20:1943961_A_T
20:1967049_C_T	20:1944267_C_G
20:1967049_C_T	20:1944510_T_C
20:1967049_C_T	20:1945835_C_T
20:1967049_C_T	20:1974238_C_A
20:1967049_C_T	20:2005677_C_G
20:1967049_C_T	20:3301415_A_C
2:171854670_T_C	2:170121703_C_A
2:171854670_T_C	2:171511718_G_GTCA
2:171854670_T_C	2:171520365_G_A
2:171854670_T_C	2:171757716_T_C
2:171854670_T_C	2:171788459_C_T
2:171854670_T_C	2:171790103_C_G
2:171854670_T_C	2:171790217_TAAAAG_T
2:171854670_T_C	2:171790496_T_TA
2:171854670_T_C	2:171790707_C_T
2:171854670_T_C	2:171792429_C_T
2:171854670_T_C	2:171793587_G_A
2:171854670_T_C	2:171794534_C_T
2:171854670_T_C	2:171796516_TAGA_T
2:171854670_T_C	2:171797234_A_G
2:171854670_T_C	2:171799715_T_C
2:171854670_T_C	2:171800282_G_C
2:171854670_T_C	2:171800686_A_G
2:171854670_T_C	2:171802026_G_A
2:171854670_T_C	2:171802934_A_G
2:171854670_T_C	2:171805785_A_G
2:171854670_T_C	2:171809771_C_T
2:171854670_T_C	2:171810732_G_C
2:171854670_T_C	2:171813252_TAAA_T
2:171854670_T_C	2:171814750_C_G
2:171854670_T_C	2:171816232_G_A
2:171854670_T_C	2:171816370_C_T
2:171854670_T_C	2:171816531_A_T
2:171854670_T_C	2:171822845_C_T
2:171854670_T_C	2:171823818_CA_C
2:171854670_T_C	2:171824432_C_T
2:171854670_T_C	2:171824662_AAGAG_A
2:171854670_T_C	2:171825334_G_A
2:171854670_T_C	2:171826178_A_G
2:171854670_T_C	2:171826598_G_C
2:171854670_T_C	2:171827221_T_C
2:171854670_T_C	2:171832470_T_TCTGGACC
2:171854670_T_C	2:171833882_CAAAAA_C
2:171854670_T_C	2:171836285_T_C
2:171854670_T_C	2:171836629_T_C
2:171854670_T_C	2:171837083_G_T
2:171854670_T_C	2:171837237_C_T
2:171854670_T_C	2:171837238_A_C
2:171854670_T_C	2:171837367_G_A
2:171854670_T_C	2:171839305_TAGTG_T
2:171854670_T_C	2:171840249_A_G
2:171854670_T_C	2:171843415_G_C
2:171854670_T_C	2:171843623_G_A
2:171854670_T_C	2:171845173_C_T
2:171854670_T_C	2:171846195_C_T
2:171854670_T_C	2:171847117_A_C
2:171854670_T_C	2:171847275_G_A
2:171854670_T_C	2:171847387_AAT_A
2:171854670_T_C	2:171847515_TA_T
2:171854670_T_C	2:171847517_A_T
2:171854670_T_C	2:171847832_G_C
2:171854670_T_C	2:171848409_AT_A
2:171854670_T_C	2:171852372_C_T
2:171854670_T_C	2:171855741_T_A
2:171854670_T_C	2:171859437_G_A
2:171854670_T_C	2:171867383_C_T
2:171854670_T_C	2:171868342_G_T
2:171854670_T_C	2:171868585_T_A
2:171854670_T_C	2:171869522_A_AT
2:171854670_T_C	2:171871997_A_G
2:171854670_T_C	2:171874024_A_G
2:171854670_T_C	2:171877778_AC_A
2:171854670_T_C	2:171878189_A_G
2:171854670_T_C	2:171880570_T_C
2:171854670_T_C	2:171883325_A_G
2:171854670_T_C	2:171884186_T_C
2:171854670_T_C	2:171886824_CA_C
2:171854670_T_C	2:171886831_A_T
2:171854670_T_C	2:171890306_A_C
2:171854670_T_C	2:171891851_CAA_C
2:171854670_T_C	2:171892670_G_A
2:171854670_T_C	2:171893117_T_C
2:171854670_T_C	2:171895909_G_A
2:171854670_T_C	2:171900046_G_A
2:171854670_T_C	2:171902130_G_A
2:171854670_T_C	2:171902150_A_T
2:171854670_T_C	2:171902166_C_T
2:171854670_T_C	2:171904516_T_C
2:171854670_T_C	2:171904568_C_T
2:171854670_T_C	2:171904699_TCCTCCCAACTCGG_T
2:171854670_T_C	2:171904870_C_T
2:171854670_T_C	2:171904988_C_T
2:171854670_T_C	2:171905083_C_T
2:171854670_T_C	2:171905136_GAAAC_G
2:171854670_T_C	2:171905141_CCA_C
2:171854670_T_C	2:171905748_C_T
2:171854670_T_C	2:171907036_T_C
2:171854670_T_C	2:171907077_CTCTA_C
2:171854670_T_C	2:171907571_G_A
2:171854670_T_C	2:171908008_A_G
2:171854670_T_C	2:171908507_T_G
2:171854670_T_C	2:171910592_C_T
2:171854670_T_C	2:171911200_T_C
2:171854670_T_C	2:171912911_A_T
2:171854670_T_C	2:171913633_C_G
2:171854670_T_C	2:171914335_G_A
2:171854670_T_C	2:171916244_A_G
2:171854670_T_C	2:171916371_C_T
2:171854670_T_C	2:171920221_T_C
2:171854670_T_C	2:171920269_G_A
2:171854670_T_C	2:171920785_C_T
2:171854670_T_C	2:171920813_C_T
2:171854670_T_C	2:171923836_G_GT
2:171854670_T_C	2:171923909_G_A
2:171854670_T_C	2:171924176_A_G
2:171854670_T_C	2:171924292_C_T
2:171854670_T_C	2:171924308_C_T
2:171854670_T_C	2:171924541_T_C
2:171854670_T_C	2:171924696_A_G
2:171854670_T_C	2:171924753_T_C
2:171854670_T_C	2:171925228_T_C
2:171854670_T_C	2:171925404_A_T
2:171854670_T_C	2:171926162_T_A
2:171854670_T_C	2:171926760_CAGTTGTTACAAACAACTGTAACACAA_C
2:171854670_T_C	2:171926841_G_T
2:171854670_T_C	2:171927666_A_G
2:171854670_T_C	2:171928320_T_A
2:171854670_T_C	2:171933245_TAA_T
2:171854670_T_C	2:171933709_A_G
2:171854670_T_C	2:171933858_T_C
2:171854670_T_C	2:171934234_A_G
2:171854670_T_C	2:171934565_G_C
2:171854670_T_C	2:171935729_A_G
2:171854670_T_C	2:171936297_A_G
2:171854670_T_C	2:171936982_T_TTAAGG
2:171854670_T_C	2:171937385_C_T
2:171854670_T_C	2:171937966_T_C
2:171854670_T_C	2:171939878_C_T
2:171854670_T_C	2:171940706_C_G
2:171854670_T_C	2:171940809_T_C
2:171854670_T_C	2:171940975_A_G
2:171854670_T_C	2:171941018_G_A
2:171854670_T_C	2:171941617_T_C
2:171854670_T_C	2:171941787_A_C
2:171854670_T_C	2:171943358_C_T
2:171854670_T_C	2:171944818_A_G
2:171854670_T_C	2:171945589_G_A
2:171854670_T_C	2:171945593_T_C
2:171854670_T_C	2:171946197_A_G
2:171854670_T_C	2:171946331_A_G
2:171854670_T_C	2:171946572_T_C
2:171854670_T_C	2:171946614_C_T
2:171854670_T_C	2:171946868_ATTAGTT_A
2:171854670_T_C	2:171946911_A_G
2:171854670_T_C	2:171946962_T_TACATC
2:171854670_T_C	2:171947615_C_G
2:171854670_T_C	2:171947799_T_A
2:171854670_T_C	2:171949705_T_C
2:171854670_T_C	2:171950610_C_A
2:171854670_T_C	2:171952307_A_T
2:171854670_T_C	2:171954367_G_A
2:171854670_T_C	2:171954465_T_C
2:171854670_T_C	2:171954659_T_G
2:171854670_T_C	2:171955153_G_A
2:171854670_T_C	2:171957748_C_G
2:171854670_T_C	2:171958801_G_C
2:171854670_T_C	2:171958970_C_T
2:171854670_T_C	2:171959384_G_A
2:171854670_T_C	2:171959416_A_T
2:171854670_T_C	2:171959916_T_C
2:171854670_T_C	2:171961165_C_T
2:171854670_T_C	2:171962676_C_G
2:171854670_T_C	2:171962771_G_A
2:171854670_T_C	2:171962833_A_G
2:171854670_T_C	2:171964593_C_A
2:171854670_T_C	2:171965949_C_T
2:171854670_T_C	2:171968459_T_TTTTG
2:171854670_T_C	2:171968534_G_A
2:171854670_T_C	2:171968947_C_A
2:171854670_T_C	2:171969611_C_T
2:171854670_T_C	2:171971684_C_T
2:171854670_T_C	2:171971867_A_G
2:171854670_T_C	2:171973207_CA_C
2:171854670_T_C	2:171973212_A_C
2:171854670_T_C	2:171973722_T_C
2:171854670_T_C	2:171975561_T_C
2:171854670_T_C	2:171978173_G_A
2:171854670_T_C	2:171979694_C_T
2:171854670_T_C	2:171979707_T_C
2:171854670_T_C	2:171979882_AT_A
2:171854670_T_C	2:171980347_C_T
2:171854670_T_C	2:171981203_C_G
2:171854670_T_C	2:171981928_G_A
2:171854670_T_C	2:171982041_C_T
2:171854670_T_C	2:171983470_A_G
2:171854670_T_C	2:171984435_T_C
2:171854670_T_C	2:171985151_G_A
2:171854670_T_C	2:171986656_A_G
2:171854670_T_C	2:171986717_A_G
2:171854670_T_C	2:171986856_A_G
2:171854670_T_C	2:171987039_AT_A
2:171854670_T_C	2:171988072_A_T
2:171854670_T_C	2:171988566_C_A
2:171854670_T_C	2:171988710_C_G
2:171854670_T_C	2:171988809_C_T
2:171854670_T_C	2:171989251_G_T
2:171854670_T_C	2:171990516_A_T
2:171854670_T_C	2:171991028_G_C
2:171854670_T_C	2:171991235_CTTTT_C
2:171854670_T_C	2:171994385_G_A
2:171854670_T_C	2:171996840_C_A
2:171854670_T_C	2:171998882_A_T
2:171854670_T_C	2:172002918_A_G
2:171854670_T_C	2:172006741_C_T
2:171854670_T_C	2:172008533_A_C
2:171854670_T_C	2:172010582_C_CT
2:171854670_T_C	2:172013729_C_T
2:171854670_T_C	2:172021468_C_T
2:171854670_T_C	2:172027579_C_A
2:171854670_T_C	2:172034785_C_T
2:171854670_T_C	2:172034918_G_A
2:171854670_T_C	2:172036474_A_G
2:171854670_T_C	2:172038094_C_T
2:171854670_T_C	2:172039547_T_C
2:171854670_T_C	2:172051957_C_G
2:171854670_T_C	2:172054279_ACT_A
2:171854670_T_C	2:172054289_A_AAAAAC
2:171854670_T_C	2:172056020_TAAA_T
2:171854670_T_C	2:174483240_G_A
2:171854670_T_C	2:178586977_G_T
2:171854670_T_C	2:178741459_C_T
13:38775115_C_G	13:30121360_G_T
13:38775115_C_G	13:30121370_A_T
13:38775115_C_G	13:30903220_C_T
13:38775115_C_G	13:32240541_C_CTTTCTTCT
13:38775115_C_G	13:36261882_GA_G
13:38775115_C_G	13:38493111_A_G
13:38775115_C_G	13:38763049_A_G
13:38775115_C_G	13:38773550_C_G
13:38775115_C_G	13:38783544_T_G
13:38775115_C_G	13:38783600_T_G
13:38775115_C_G	13:38786904_C_A
13:38775115_C_G	13:38813125_C_T
13:38775115_C_G	13:38814144_C_T
13:38775115_C_G	13:38814308_TA_T
13:38775115_C_G	13:38815170_A_G
13:38775115_C_G	13:38817607_A_G
13:38775115_C_G	13:38820362_C_T
13:38775115_C_G	13:38820862_A_C
13:38775115_C_G	13:38821066_A_C
13:38775115_C_G	13:38825910_T_A
6:39194533_T_C	6:34262438_G_C
6:39194533_T_C	6:34396461_A_G
6:39194533_T_C	6:34398201_A_ATT
6:39194533_T_C	6:34401281_C_T
6:39194533_T_C	6:34406260_G_T
6:39194533_T_C	6:34406964_A_G
6:39194533_T_C	6:34443523_T_C
6:39194533_T_C	6:34444258_G_A
6:39194533_T_C	6:34444536_T_C
6:39194533_T_C	6:34447945_C_T
6:39194533_T_C	6:36753572_T_C
6:39194533_T_C	6:38923946_C_T
6:39194533_T_C	6:38941611_C_G
6:39194533_T_C	6:39195830_G_T
6:39194533_T_C	6:39247671_T_C
6:39194533_T_C	6:39259514_C_CT
6:39194533_T_C	6:41144145_C_CGT
12:22779360_CA_C	12:19143646_A_T
12:22779360_CA_C	12:22489256_C_G
12:22779360_CA_C	12:22489347_A_T
12:22779360_CA_C	12:22489838_T_C
12:22779360_CA_C	12:22491508_T_G
12:22779360_CA_C	12:22491861_A_G
12:22779360_CA_C	12:22494637_G_T
12:22779360_CA_C	12:22494797_T_C
12:22779360_CA_C	12:22495484_G_GT
12:22779360_CA_C	12:22496683_T_G
12:22779360_CA_C	12:22496831_C_A
12:22779360_CA_C	12:22497826_T_C
12:22779360_CA_C	12:22501661_G_A
12:22779360_CA_C	12:22501795_G_A
12:22779360_CA_C	12:22503036_A_G
12:22779360_CA_C	12:22503404_T_C
12:22779360_CA_C	12:22504156_G_A
12:22779360_CA_C	12:22504857_C_T
12:22779360_CA_C	12:22510719_T_A
12:22779360_CA_C	12:22511345_G_GAT
12:22779360_CA_C	12:22514521_T_C
12:22779360_CA_C	12:22515446_G_A
12:22779360_CA_C	12:22515893_G_T
12:22779360_CA_C	12:22516381_C_T
12:22779360_CA_C	12:22516910_T_C
12:22779360_CA_C	12:22518892_A_G
12:22779360_CA_C	12:22521282_C_T
12:22779360_CA_C	12:22522480_G_A
12:22779360_CA_C	12:22522663_T_G
12:22779360_CA_C	12:22523333_C_T
12:22779360_CA_C	12:22523371_G_A
12:22779360_CA_C	12:22526450_T_C
12:22779360_CA_C	12:22526624_C_T
12:22779360_CA_C	12:22527516_G_A
12:22779360_CA_C	12:22528477_G_C
12:22779360_CA_C	12:22528701_AT_A
12:22779360_CA_C	12:22529149_T_C
12:22779360_CA_C	12:22530006_A_C
12:22779360_CA_C	12:22531240_A_C
12:22779360_CA_C	12:22531908_A_C
12:22779360_CA_C	12:22532186_G_A
12:22779360_CA_C	12:22534058_A_C
12:22779360_CA_C	12:22535702_T_TAC
12:22779360_CA_C	12:22535713_G_T
12:22779360_CA_C	12:22535761_G_A
12:22779360_CA_C	12:22535910_A_G
12:22779360_CA_C	12:22535991_A_G
12:22779360_CA_C	12:22536173_T_C
12:22779360_CA_C	12:22536271_C_A
12:22779360_CA_C	12:22536421_A_T
12:22779360_CA_C	12:22536637_T_C
12:22779360_CA_C	12:22536737_CA_C
12:22779360_CA_C	12:22536823_CAT_C
12:22779360_CA_C	12:22536837_C_CTCA
12:22779360_CA_C	12:22537200_A_G
12:22779360_CA_C	12:22537285_G_A
12:22779360_CA_C	12:22537673_A_C
12:22779360_CA_C	12:22537781_A_G
12:22779360_CA_C	12:22537873_A_C
12:22779360_CA_C	12:22538252_AT_A
12:22779360_CA_C	12:22538280_A_T
12:22779360_CA_C	12:22538451_G_A
12:22779360_CA_C	12:22538515_T_C
12:22779360_CA_C	12:22538602_GT_G
12:22779360_CA_C	12:22538890_C_T
12:22779360_CA_C	12:22539155_A_G
12:22779360_CA_C	12:22539299_A_G
12:22779360_CA_C	12:22539590_G_A
12:22779360_CA_C	12:22539872_C_T
12:22779360_CA_C	12:22539950_C_T
12:22779360_CA_C	12:22540178_T_G
12:22779360_CA_C	12:22540262_C_T
12:22779360_CA_C	12:22540827_G_A
12:22779360_CA_C	12:22541353_T_TAA
12:22779360_CA_C	12:22541819_G_A
12:22779360_CA_C	12:22542401_C_G
12:22779360_CA_C	12:22542780_G_A
12:22779360_CA_C	12:22542841_G_A
12:22779360_CA_C	12:22542850_C_T
12:22779360_CA_C	12:22542944_T_C
12:22779360_CA_C	12:22545816_G_GA
12:22779360_CA_C	12:22546439_C_T
12:22779360_CA_C	12:22547464_T_C
12:22779360_CA_C	12:22548549_A_C
12:22779360_CA_C	12:22550969_A_T
12:22779360_CA_C	12:22553059_A_G
12:22779360_CA_C	12:22553273_T_C
12:22779360_CA_C	12:22553373_C_A
12:22779360_CA_C	12:22554336_A_G
12:22779360_CA_C	12:22554857_A_G
12:22779360_CA_C	12:22556238_G_T
12:22779360_CA_C	12:22556349_T_C
12:22779360_CA_C	12:22557278_T_C
12:22779360_CA_C	12:22558873_G_A
12:22779360_CA_C	12:22561718_A_G
12:22779360_CA_C	12:22561981_T_G
12:22779360_CA_C	12:22780084_A_AT
12:22779360_CA_C	12:22782862_T_A
12:22779360_CA_C	12:22783183_C_T
12:22779360_CA_C	12:22783189_T_G
12:22779360_CA_C	12:22783745_A_G
12:22779360_CA_C	12:22784269_T_C
12:22779360_CA_C	12:22785012_A_AT
12:22779360_CA_C	12:22785102_G_A
12:22779360_CA_C	12:22785547_G_C
12:22779360_CA_C	12:22785771_G_A
12:22779360_CA_C	12:22787771_A_G
12:22779360_CA_C	12:22787796_T_C
12:22779360_CA_C	12:22788173_T_C
12:22779360_CA_C	12:22789643_T_C
12:22779360_CA_C	12:22791189_GT_G
12:22779360_CA_C	12:22792298_C_T
12:22779360_CA_C	12:22792515_G_A
12:22779360_CA_C	12:22794223_T_C
12:22779360_CA_C	12:22797533_T_C
12:22779360_CA_C	12:22798170_G_A
12:22779360_CA_C	12:22800089_A_T
12:22779360_CA_C	12:22804193_G_T
12:22779360_CA_C	12:22804613_T_TC
12:22779360_CA_C	12:22805127_A_T
12:22779360_CA_C	12:22808292_C_T
12:22779360_CA_C	12:22810541_A_AT
12:22779360_CA_C	12:22811767_A_G
12:22779360_CA_C	12:22815210_T_G
12:22779360_CA_C	12:22817538_T_A
12:22779360_CA_C	12:22817625_T_C
12:22779360_CA_C	12:22822755_GA_G
12:22779360_CA_C	12:22823303_ATT_A
12:22779360_CA_C	12:22826751_T_A
12:22779360_CA_C	12:22828156_AT_A
12:22779360_CA_C	12:22829790_GT_G
12:22779360_CA_C	12:22830698_C_T
12:22779360_CA_C	12:22832636_GTT_G
12:22779360_CA_C	12:22832946_AATAC_A
12:22779360_CA_C	12:22834139_TG_T
12:22779360_CA_C	12:22836899_A_G
12:22779360_CA_C	12:22838685_TATCA_T
12:22779360_CA_C	12:22844434_CT_C
12:22779360_CA_C	12:22846160_G_A
12:22779360_CA_C	12:22846379_C_G
12:22779360_CA_C	12:22846442_C_T
12:22779360_CA_C	12:22847575_C_T
12:22779360_CA_C	12:22848257_C_T
12:22779360_CA_C	12:22848261_A_G
12:22779360_CA_C	12:22848364_G_C
12:22779360_CA_C	12:22851306_G_GTTTCCAAGTT
12:22779360_CA_C	12:22852285_G_A
12:22779360_CA_C	12:22852747_C_A
12:22779360_CA_C	12:22853583_A_G
12:22779360_CA_C	12:22856087_CAG_C
12:22779360_CA_C	12:23419348_G_A
12:22779360_CA_C	12:23507047_A_T
12:22779360_CA_C	12:24275263_C_A
12:22779360_CA_C	12:25426608_G_T
12:22779360_CA_C	12:27656572_C_T
1:220530314_T_C	1:216154223_C_G
1:220530314_T_C	1:216154283_C_T
1:220530314_T_C	1:216161250_T_C
1:220530314_T_C	1:216161282_AT_A
1:220530314_T_C	1:216161666_C_G
1:220530314_T_C	1:216163574_T_C
1:220530314_T_C	1:216164302_G_A
1:220530314_T_C	1:216180179_A_G
1:220530314_T_C	1:216182981_C_T
1:220530314_T_C	1:216184222_G_C
1:220530314_T_C	1:216184672_T_C
1:220530314_T_C	1:216184917_A_T
1:220530314_T_C	1:216185518_T_C
1:220530314_T_C	1:216205499_T_C
1:220530314_T_C	1:217235415_G_C
1:220530314_T_C	1:218089880_C_T
1:220530314_T_C	1:218128778_GAAC_G
1:220530314_T_C	1:220080278_G_GT
1:220530314_T_C	1:220081539_C_T
1:220530314_T_C	1:220105669_G_C
1:220530314_T_C	1:220128304_A_G
1:220530314_T_C	1:220136940_C_A
1:220530314_T_C	1:220145371_T_G
1:220530314_T_C	1:220147921_A_G
1:220530314_T_C	1:220152251_C_T
1:220530314_T_C	1:220154487_G_C
1:220530314_T_C	1:220154602_T_C
1:220530314_T_C	1:220156090_T_C
1:220530314_T_C	1:220157001_G_A
1:220530314_T_C	1:220157017_T_C
1:220530314_T_C	1:220159585_T_C
1:220530314_T_C	1:220160433_A_G
1:220530314_T_C	1:220161500_A_G
1:220530314_T_C	1:220161751_A_G
1:220530314_T_C	1:220163026_C_A
1:220530314_T_C	1:220163260_C_G
1:220530314_T_C	1:220164104_A_G
1:220530314_T_C	1:220164285_A_G
1:220530314_T_C	1:220164569_TAA_T
1:220530314_T_C	1:220164854_C_G
1:220530314_T_C	1:220164915_A_T
1:220530314_T_C	1:220167618_A_G
1:220530314_T_C	1:220168246_G_A
1:220530314_T_C	1:220169163_A_G
1:220530314_T_C	1:220169341_C_T
1:220530314_T_C	1:220170013_G_A
1:220530314_T_C	1:220171379_T_G
1:220530314_T_C	1:220171786_G_A
1:220530314_T_C	1:220171889_A_ATTT
1:220530314_T_C	1:220172865_C_T
1:220530314_T_C	1:220172905_T_C
1:220530314_T_C	1:220173225_A_G
1:220530314_T_C	1:220173402_G_A
1:220530314_T_C	1:220173454_G_A
1:220530314_T_C	1:220175301_A_G
1:220530314_T_C	1:220175357_T_C
1:220530314_T_C	1:220175777_T_C
1:220530314_T_C	1:220176350_T_C
1:220530314_T_C	1:220176721_T_G
1:220530314_T_C	1:220176724_C_A
1:220530314_T_C	1:220176963_A_G
1:220530314_T_C	1:220177352_C_T
1:220530314_T_C	1:220177372_C_T
1:220530314_T_C	1:220177937_G_A
1:220530314_T_C	1:220179178_TTTTTG_T
1:220530314_T_C	1:220179183_G_T
1:220530314_T_C	1:220179322_A_T
1:220530314_T_C	1:220180194_A_T
1:220530314_T_C	1:220181222_A_G
1:220530314_T_C	1:220181584_T_C
1:220530314_T_C	1:220181855_C_T
1:220530314_T_C	1:220182101_C_T
1:220530314_T_C	1:220182107_G_A
1:220530314_T_C	1:220182181_T_C
1:220530314_T_C	1:220182315_C_T
1:220530314_T_C	1:220182387_A_T
1:220530314_T_C	1:220183003_A_G
1:220530314_T_C	1:220183032_A_T
1:220530314_T_C	1:220183034_G_A
1:220530314_T_C	1:220183312_T_C
1:220530314_T_C	1:220183489_T_C
1:220530314_T_C	1:220183876_T_G
1:220530314_T_C	1:220184020_G_C
1:220530314_T_C	1:220184781_C_T
1:220530314_T_C	1:220185048_C_G
1:220530314_T_C	1:220185347_GT_G
1:220530314_T_C	1:220185578_T_TA
1:220530314_T_C	1:220185726_C_T
1:220530314_T_C	1:220185853_T_C
1:220530314_T_C	1:220186166_A_G
1:220530314_T_C	1:220187421_G_A
1:220530314_T_C	1:220187669_C_CA
1:220530314_T_C	1:220187872_A_T
1:220530314_T_C	1:220188130_CTCTT_C
1:220530314_T_C	1:220188195_T_C
1:220530314_T_C	1:220188404_G_T
1:220530314_T_C	1:220188436_A_G
1:220530314_T_C	1:220188618_A_G
1:220530314_T_C	1:220188838_C_A
1:220530314_T_C	1:220188864_TGGAAAG_T
1:220530314_T_C	1:220189587_A_G
1:220530314_T_C	1:220189691_G_A
1:220530314_T_C	1:220189734_GA_G
1:220530314_T_C	1:220190086_C_CAAAA
1:220530314_T_C	1:220190086_C_CAAAAAG
1:220530314_T_C	1:220190088_A_AAAAG
1:220530314_T_C	1:220190273_C_T
1:220530314_T_C	1:220190688_G_T
1:220530314_T_C	1:220190788_G_A
1:220530314_T_C	1:220190845_C_A
1:220530314_T_C	1:220190967_A_G
1:220530314_T_C	1:220192495_C_G
1:220530314_T_C	1:220192722_T_G
1:220530314_T_C	1:220192766_T_C
1:220530314_T_C	1:220192946_C_A
1:220530314_T_C	1:220193867_A_G
1:220530314_T_C	1:220194343_A_G
1:220530314_T_C	1:220195204_GT_G
1:220530314_T_C	1:220195291_C_T
1:220530314_T_C	1:220197324_T_C
1:220530314_T_C	1:220197545_C_T
1:220530314_T_C	1:220198880_T_C
1:220530314_T_C	1:220199370_C_T
1:220530314_T_C	1:220200021_T_C
1:220530314_T_C	1:220200362_A_G
1:220530314_T_C	1:220200426_G_A
1:220530314_T_C	1:220200489_A_G
1:220530314_T_C	1:220200769_CAA_C
1:220530314_T_C	1:220200891_G_A
1:220530314_T_C	1:220200901_G_T
1:220530314_T_C	1:220201062_T_C
1:220530314_T_C	1:220201082_T_C
1:220530314_T_C	1:220201509_T_C
1:220530314_T_C	1:220201869_G_A
1:220530314_T_C	1:220201879_T_C
1:220530314_T_C	1:220202212_C_T
1:220530314_T_C	1:220202272_G_A
1:220530314_T_C	1:220202430_C_T
1:220530314_T_C	1:220202592_T_C
1:220530314_T_C	1:220203311_C_T
1:220530314_T_C	1:220203329_C_T
1:220530314_T_C	1:220203449_C_T
1:220530314_T_C	1:220204090_C_G
1:220530314_T_C	1:220204432_CA_C
1:220530314_T_C	1:220205583_ATT_A
1:220530314_T_C	1:220205943_G_A
1:220530314_T_C	1:220205980_A_C
1:220530314_T_C	1:220206629_CGACGG_C
1:220530314_T_C	1:220207017_C_T
1:220530314_T_C	1:220207221_C_CT
1:220530314_T_C	1:220207810_C_T
1:220530314_T_C	1:220208049_C_T
1:220530314_T_C	1:220208154_C_A
1:220530314_T_C	1:220208492_T_C
1:220530314_T_C	1:220209770_C_A
1:220530314_T_C	1:220209885_C_T
1:220530314_T_C	1:220214623_C_A
1:220530314_T_C	1:220217458_A_G
1:220530314_T_C	1:220223314_CT_C
1:220530314_T_C	1:220226732_T_C
1:220530314_T_C	1:220238850_A_C
1:220530314_T_C	1:220378966_C_G
1:220530314_T_C	1:220458749_C_G
1:220530314_T_C	1:220473355_A_G
1:220530314_T_C	1:220480809_A_T
1:220530314_T_C	1:220481390_G_A
1:220530314_T_C	1:220489962_T_C
1:220530314_T_C	1:220493823_A_G
1:220530314_T_C	1:220497637_C_CTTTTCTT
1:220530314_T_C	1:220498032_C_T
1:220530314_T_C	1:220501610_C_T
1:220530314_T_C	1:220504206_A_G
1:220530314_T_C	1:220504259_G_T
1:220530314_T_C	1:220504377_T_C
1:220530314_T_C	1:220504423_C_T
1:220530314_T_C	1:220504519_C_T
1:220530314_T_C	1:220505293_C_A
1:220530314_T_C	1:220505790_A_T
1:220530314_T_C	1:220506107_C_T
1:220530314_T_C	1:220507580_G_A
1:220530314_T_C	1:220507951_C_G
1:220530314_T_C	1:220508134_G_A
1:220530314_T_C	1:220510364_GT_G
1:220530314_T_C	1:220510703_T_C
1:220530314_T_C	1:220510996_C_G
1:220530314_T_C	1:220510997_C_T
1:220530314_T_C	1:220511124_G_A
1:220530314_T_C	1:220511824_C_A
1:220530314_T_C	1:220511962_G_A
1:220530314_T_C	1:220515772_A_T
1:220530314_T_C	1:220516028_G_A
1:220530314_T_C	1:220516202_G_A
1:220530314_T_C	1:220518649_A_C
1:220530314_T_C	1:220518981_A_G
1:220530314_T_C	1:220519288_C_T
1:220530314_T_C	1:220519614_G_A
1:220530314_T_C	1:220520769_G_A
1:220530314_T_C	1:220521361_G_A
1:220530314_T_C	1:220522554_T_C
1:220530314_T_C	1:220522928_G_A
1:220530314_T_C	1:220525242_C_T
1:220530314_T_C	1:220526759_T_C
1:220530314_T_C	1:220527820_T_C
1:220530314_T_C	1:220528462_C_T
1:220530314_T_C	1:220528842_T_TA
1:220530314_T_C	1:220530235_G_A
1:220530314_T_C	1:220530710_C_T
1:220530314_T_C	1:220531552_G_T
1:220530314_T_C	1:225637392_A_G
1:220530314_T_C	1:225638105_G_T
1:220530314_T_C	1:225639065_G_A
12:116362158_GGTGTGTGTGTGTGTGTGT_G	12:107322915_T_C
12:116362158_GGTGTGTGTGTGTGTGTGT_G	12:107326209_T_TA
12:116362158_GGTGTGTGTGTGTGTGTGT_G	12:107334262_C_T
12:116362158_GGTGTGTGTGTGTGTGTGT_G	12:107368756_G_GA
12:116362158_GGTGTGTGTGTGTGTGTGT_G	12:107548106_T_C
12:116362158_GGTGTGTGTGTGTGTGTGT_G	12:112037450_G_A
12:116362158_GGTGTGTGTGTGTGTGTGT_G	12:112090022_C_A
12:116362158_GGTGTGTGTGTGTGTGTGT_G	12:112252052_A_G
12:116362158_GGTGTGTGTGTGTGTGTGT_G	12:112256692_CTTTTTTTTTTTT_C
12:116362158_GGTGTGTGTGTGTGTGTGT_G	12:112508793_C_T
12:116362158_GGTGTGTGTGTGTGTGTGT_G	12:112542639_C_CA
12:116362158_GGTGTGTGTGTGTGTGTGT_G	12:112545031_T_C
12:116362158_GGTGTGTGTGTGTGTGTGT_G	12:112547337_A_G
12:116362158_GGTGTGTGTGTGTGTGTGT_G	12:112805110_AAAAG_A
12:116362158_GGTGTGTGTGTGTGTGTGT_G	12:112991832_A_T
12:116362158_GGTGTGTGTGTGTGTGTGT_G	12:113982356_C_T
12:116362158_GGTGTGTGTGTGTGTGTGT_G	12:113982989_T_C
12:116362158_GGTGTGTGTGTGTGTGTGT_G	12:114527143_A_G
12:116362158_GGTGTGTGTGTGTGTGTGT_G	12:115000076_G_C
12:116362158_GGTGTGTGTGTGTGTGTGT_G	12:116413873_T_A
12:116362158_GGTGTGTGTGTGTGTGTGT_G	12:116414606_C_T
12:116362158_GGTGTGTGTGTGTGTGTGT_G	12:116439228_C_T
12:116362158_GGTGTGTGTGTGTGTGTGT_G	12:116444807_C_T
12:116362158_GGTGTGTGTGTGTGTGTGT_G	12:116474353_C_A
12:116362158_GGTGTGTGTGTGTGTGTGT_G	12:116494090_G_GT
12:116362158_GGTGTGTGTGTGTGTGTGT_G	12:116499706_A_G
12:116362158_GGTGTGTGTGTGTGTGTGT_G	12:116536921_G_A
12:116362158_GGTGTGTGTGTGTGTGTGT_G	12:116545919_A_C
12:116362158_GGTGTGTGTGTGTGTGTGT_G	12:116621185_G_T
12:116362158_GGTGTGTGTGTGTGTGTGT_G	12:116630136_T_G
12:116362158_GGTGTGTGTGTGTGTGTGT_G	12:116643337_GA_G
12:116362158_GGTGTGTGTGTGTGTGTGT_G	12:116645420_T_C
12:116362158_GGTGTGTGTGTGTGTGTGT_G	12:116721164_A_ATT
12:116362158_GGTGTGTGTGTGTGTGTGT_G	12:116759557_C_T
12:116362158_GGTGTGTGTGTGTGTGTGT_G	12:116760018_A_T
12:116362158_GGTGTGTGTGTGTGTGTGT_G	12:116760418_C_T
12:116362158_GGTGTGTGTGTGTGTGTGT_G	12:116762091_C_T
12:116362158_GGTGTGTGTGTGTGTGTGT_G	12:116766699_A_G
12:116362158_GGTGTGTGTGTGTGTGTGT_G	12:116768955_T_C
12:116362158_GGTGTGTGTGTGTGTGTGT_G	12:116934511_T_C
12:116362158_GGTGTGTGTGTGTGTGTGT_G	12:122323394_C_T
12:116362158_GGTGTGTGTGTGTGTGTGT_G	12:123162903_T_C
12:116362158_GGTGTGTGTGTGTGTGTGT_G	12:123162954_T_C
12:116362158_GGTGTGTGTGTGTGTGTGT_G	12:123163173_C_T
12:116362158_GGTGTGTGTGTGTGTGTGT_G	12:123163803_G_A
12:116362158_GGTGTGTGTGTGTGTGTGT_G	12:123164179_CAG_C
12:116362158_GGTGTGTGTGTGTGTGTGT_G	12:123164553_C_T
12:116362158_GGTGTGTGTGTGTGTGTGT_G	12:123165562_C_T
12:116362158_GGTGTGTGTGTGTGTGTGT_G	12:123165883_G_T
12:116362158_GGTGTGTGTGTGTGTGTGT_G	12:123166094_G_T
12:116362158_GGTGTGTGTGTGTGTGTGT_G	12:123166252_A_G
12:116362158_GGTGTGTGTGTGTGTGTGT_G	12:123166296_A_T
12:116362158_GGTGTGTGTGTGTGTGTGT_G	12:123166298_G_C
12:116362158_GGTGTGTGTGTGTGTGTGT_G	12:123166371_A_G
12:116362158_GGTGTGTGTGTGTGTGTGT_G	12:123167344_G_A
12:116362158_GGTGTGTGTGTGTGTGTGT_G	12:123167793_G_T
12:116362158_GGTGTGTGTGTGTGTGTGT_G	12:123168193_G_A
12:116362158_GGTGTGTGTGTGTGTGTGT_G	12:123169838_A_ATATTTATTTATT
12:116362158_GGTGTGTGTGTGTGTGTGT_G	12:123172612_T_C
12:116362158_GGTGTGTGTGTGTGTGTGT_G	12:123175272_CA_C
12:116362158_GGTGTGTGTGTGTGTGTGT_G	12:123177108_A_G
12:116362158_GGTGTGTGTGTGTGTGTGT_G	12:123179430_C_T
12:116362158_GGTGTGTGTGTGTGTGTGT_G	12:123180904_G_T
12:116362158_GGTGTGTGTGTGTGTGTGT_G	12:123189208_C_T
12:116362158_GGTGTGTGTGTGTGTGTGT_G	12:123191491_T_A
12:116362158_GGTGTGTGTGTGTGTGTGT_G	12:123192170_T_C
12:116362158_GGTGTGTGTGTGTGTGTGT_G	12:123193251_C_A
12:116362158_GGTGTGTGTGTGTGTGTGT_G	12:123193285_GTCA_G
12:116362158_GGTGTGTGTGTGTGTGTGT_G	12:123193330_AC_A
12:116362158_GGTGTGTGTGTGTGTGTGT_G	12:123193544_A_C
12:116362158_GGTGTGTGTGTGTGTGTGT_G	12:123195036_G_T
12:116362158_GGTGTGTGTGTGTGTGTGT_G	12:123195310_T_C
12:116362158_GGTGTGTGTGTGTGTGTGT_G	12:123195800_T_G
12:116362158_GGTGTGTGTGTGTGTGTGT_G	12:123198832_G_A
12:116362158_GGTGTGTGTGTGTGTGTGT_G	12:123199676_A_C
12:116362158_GGTGTGTGTGTGTGTGTGT_G	12:123201291_A_G
12:116362158_GGTGTGTGTGTGTGTGTGT_G	12:123201814_G_A
12:116362158_GGTGTGTGTGTGTGTGTGT_G	12:123211401_A_G
12:116362158_GGTGTGTGTGTGTGTGTGT_G	12:126077667_G_A
12:116362158_GGTGTGTGTGTGTGTGTGT_G	12:126078103_G_A
12:116362158_GGTGTGTGTGTGTGTGTGT_G	12:126078232_A_G
10:32434388_T_G	10:22772283_C_G
10:32434388_T_G	10:22788136_T_TTTC
10:32434388_T_G	10:22788136_T_TTTCTTC
10:32434388_T_G	10:22788139_C_CTTG
10:32434388_T_G	10:22792492_C_A
10:32434388_T_G	10:22792993_G_A
10:32434388_T_G	10:22798813_G_A
10:32434388_T_G	10:22801839_A_G
10:32434388_T_G	10:22805109_A_G
10:32434388_T_G	10:22810853_T_C
10:32434388_T_G	10:22811945_T_C
10:32434388_T_G	10:22812276_T_G
10:32434388_T_G	10:22812551_T_C
10:32434388_T_G	10:22813950_T_A
10:32434388_T_G	10:22814385_A_C
10:32434388_T_G	10:22814817_G_A
10:32434388_T_G	10:22815761_C_T
10:32434388_T_G	10:22817524_C_T
10:32434388_T_G	10:22817719_C_G
10:32434388_T_G	10:22818090_G_C
10:32434388_T_G	10:22818337_C_T
10:32434388_T_G	10:22818711_C_G
10:32434388_T_G	10:22818714_C_T
10:32434388_T_G	10:22818778_G_A
10:32434388_T_G	10:22818861_T_C
10:32434388_T_G	10:22818933_C_T
10:32434388_T_G	10:22819258_C_T
10:32434388_T_G	10:22819418_C_G
10:32434388_T_G	10:22822914_A_AACTC
10:32434388_T_G	10:22825133_T_C
10:32434388_T_G	10:22825287_AG_A
10:32434388_T_G	10:22825596_C_T
10:32434388_T_G	10:22826093_A_C
10:32434388_T_G	10:22827274_T_G
10:32434388_T_G	10:22828363_G_A
10:32434388_T_G	10:22830541_C_T
10:32434388_T_G	10:22831241_T_TGGCTGGATTTTACCAGATAGCAA
10:32434388_T_G	10:22833153_G_A
10:32434388_T_G	10:22834473_C_T
10:32434388_T_G	10:22837014_A_C
10:32434388_T_G	10:22837812_CA_C
10:32434388_T_G	10:22838265_C_A
10:32434388_T_G	10:22839083_G_A
10:32434388_T_G	10:22839463_C_A
10:32434388_T_G	10:22840583_C_T
10:32434388_T_G	10:22842368_C_T
10:32434388_T_G	10:22842718_CTT_C
10:32434388_T_G	10:22843111_C_G
10:32434388_T_G	10:22844099_C_G
10:32434388_T_G	10:22844326_A_C
10:32434388_T_G	10:22849565_C_T
10:32434388_T_G	10:22863373_G_T
10:32434388_T_G	10:22867451_C_T
10:32434388_T_G	10:22873207_T_C
10:32434388_T_G	10:22874827_T_C
10:32434388_T_G	10:22875788_T_C
10:32434388_T_G	10:22880313_C_T
10:32434388_T_G	10:22890431_C_T
10:32434388_T_G	10:22892667_C_T
10:32434388_T_G	10:22894772_TA_T
10:32434388_T_G	10:22895014_C_T
10:32434388_T_G	10:22896485_G_A
10:32434388_T_G	10:22896779_C_T
10:32434388_T_G	10:22899041_C_T
10:32434388_T_G	10:22900143_C_G
10:32434388_T_G	10:22900309_T_A
10:32434388_T_G	10:22901754_T_C
10:32434388_T_G	10:22901799_G_T
10:32434388_T_G	10:22902004_C_T
10:32434388_T_G	10:22902853_T_C
10:32434388_T_G	10:22903634_C_T
10:32434388_T_G	10:22905234_C_T
10:32434388_T_G	10:22906648_A_G
10:32434388_T_G	10:22907763_G_C
10:32434388_T_G	10:22907893_T_C
10:32434388_T_G	10:22908009_G_GA
10:32434388_T_G	10:22908509_G_A
10:32434388_T_G	10:22909842_T_G
10:32434388_T_G	10:22909870_T_C
10:32434388_T_G	10:22910106_T_C
10:32434388_T_G	10:22910408_T_C
10:32434388_T_G	10:22910489_G_A
10:32434388_T_G	10:22910617_T_C
10:32434388_T_G	10:22910898_A_G
10:32434388_T_G	10:22911671_G_A
10:32434388_T_G	10:22911717_T_C
10:32434388_T_G	10:22912102_A_T
10:32434388_T_G	10:22927872_A_G
10:32434388_T_G	10:22928514_G_A
10:32434388_T_G	10:22928868_T_G
10:32434388_T_G	10:22928924_A_G
10:32434388_T_G	10:22929022_T_A
10:32434388_T_G	10:22930547_T_A
10:32434388_T_G	10:22931940_A_C
10:32434388_T_G	10:22932148_T_C
10:32434388_T_G	10:22932491_T_C
10:32434388_T_G	10:22932747_C_T
10:32434388_T_G	10:22932781_G_A
10:32434388_T_G	10:22932909_G_C
10:32434388_T_G	10:22933447_C_T
10:32434388_T_G	10:22933597_C_T
10:32434388_T_G	10:22935495_C_A
10:32434388_T_G	10:22936118_T_C
10:32434388_T_G	10:22936245_GTGTGTGTA_G
10:32434388_T_G	10:22937071_A_C
10:32434388_T_G	10:22937760_T_G
10:32434388_T_G	10:22937851_A_G
10:32434388_T_G	10:22938449_C_G
10:32434388_T_G	10:22938553_G_A
10:32434388_T_G	10:22938848_T_C
10:32434388_T_G	10:22939211_A_C
10:32434388_T_G	10:22939450_G_GA
10:32434388_T_G	10:22939470_C_A
10:32434388_T_G	10:22939764_GGT_G
10:32434388_T_G	10:22939861_G_A
10:32434388_T_G	10:22941037_A_C
10:32434388_T_G	10:22941078_A_G
10:32434388_T_G	10:22941760_C_T
10:32434388_T_G	10:22945961_G_A
10:32434388_T_G	10:22948212_A_G
10:32434388_T_G	10:22948329_C_G
10:32434388_T_G	10:22948540_T_C
10:32434388_T_G	10:22949395_A_G
10:32434388_T_G	10:22950833_G_A
10:32434388_T_G	10:22951412_C_T
10:32434388_T_G	10:22951650_T_C
10:32434388_T_G	10:22951867_G_A
10:32434388_T_G	10:22956300_A_AT
10:32434388_T_G	10:22956862_GGAGACAGA_G
10:32434388_T_G	10:22960199_A_G
10:32434388_T_G	10:22963683_C_A
10:32434388_T_G	10:22963711_A_AAAAT
10:32434388_T_G	10:22965036_C_CT
10:32434388_T_G	10:22971463_T_G
10:32434388_T_G	10:24327676_CT_C
10:32434388_T_G	10:32370541_G_A
10:32434388_T_G	10:32386072_C_T
10:32434388_T_G	10:32387808_C_T
10:32434388_T_G	10:32407269_G_T
10:32434388_T_G	10:32408946_C_T
10:32434388_T_G	10:32410307_T_C
10:32434388_T_G	10:32411515_G_A
10:32434388_T_G	10:32414321_C_CA
10:32434388_T_G	10:32415229_G_A
10:32434388_T_G	10:32416623_C_T
10:32434388_T_G	10:32418920_G_A
10:32434388_T_G	10:32421518_G_T
10:32434388_T_G	10:32423271_C_T
10:32434388_T_G	10:32424912_C_T
10:32434388_T_G	10:32426579_A_T
10:32434388_T_G	10:32426613_G_A
10:32434388_T_G	10:32427247_A_G
10:32434388_T_G	10:32427667_A_G
10:32434388_T_G	10:32429126_C_T
10:32434388_T_G	10:32431969_A_G
10:32434388_T_G	10:32437715_C_T
10:32434388_T_G	10:32438490_G_T
10:32434388_T_G	10:32441029_C_T
10:32434388_T_G	10:32441827_T_C
10:32434388_T_G	10:32443875_A_C
10:32434388_T_G	10:32445169_T_A
10:32434388_T_G	10:32453588_T_A
10:32434388_T_G	10:32453589_G_C
10:32434388_T_G	10:32453590_T_C
X:78605195_AT_A	X:70669129_C_T
X:78605195_AT_A	X:70682144_CCAGCCGGGCGCGGTGGCTCATGCCTA_C
X:78605195_AT_A	X:70744520_T_C
X:78605195_AT_A	X:70744521_G_A
X:78605195_AT_A	X:70750735_A_G
X:78605195_AT_A	X:70788709_CAAAA_C
X:78605195_AT_A	X:70813028_A_G
X:78605195_AT_A	X:70841597_G_A
X:78605195_AT_A	X:70854990_A_C
X:78605195_AT_A	X:71110071_T_C
X:78605195_AT_A	X:77883893_T_A
X:78605195_AT_A	X:77916655_T_TTAA
X:78605195_AT_A	X:78004010_G_A
X:78605195_AT_A	X:78004769_T_A
X:78605195_AT_A	X:78004775_G_A
X:78605195_AT_A	X:78004834_T_A
X:78605195_AT_A	X:78006288_A_G
X:78605195_AT_A	X:78007438_A_C
X:78605195_AT_A	X:78007456_C_T
X:78605195_AT_A	X:78013573_C_T
X:78605195_AT_A	X:78014946_T_G
X:78605195_AT_A	X:78015373_C_T
X:78605195_AT_A	X:78016858_T_C
X:78605195_AT_A	X:78017963_C_CAAA
X:78605195_AT_A	X:78021634_T_A
X:78605195_AT_A	X:78022920_G_A
X:78605195_AT_A	X:78024291_G_C
X:78605195_AT_A	X:78029689_C_T
X:78605195_AT_A	X:78031758_G_A
X:78605195_AT_A	X:78032346_GT_G
X:78605195_AT_A	X:78033028_C_T
X:78605195_AT_A	X:78035483_A_C
X:78605195_AT_A	X:78036603_G_A
X:78605195_AT_A	X:78037575_T_C
X:78605195_AT_A	X:78042736_C_T
X:78605195_AT_A	X:78046818_G_A
X:78605195_AT_A	X:78047984_A_G
X:78605195_AT_A	X:78048006_G_GA
X:78605195_AT_A	X:78048380_G_C
X:78605195_AT_A	X:78049707_T_C
X:78605195_AT_A	X:78050225_T_A
X:78605195_AT_A	X:78050342_C_T
X:78605195_AT_A	X:78051365_G_T
X:78605195_AT_A	X:78053530_G_A
X:78605195_AT_A	X:78057155_G_A
X:78605195_AT_A	X:78057926_G_T
X:78605195_AT_A	X:78058882_A_G
X:78605195_AT_A	X:78059483_C_T
X:78605195_AT_A	X:78060918_A_G
X:78605195_AT_A	X:78062170_C_T
X:78605195_AT_A	X:78063376_A_G
X:78605195_AT_A	X:78072150_G_A
X:78605195_AT_A	X:78072338_C_CA
X:78605195_AT_A	X:78073916_C_T
X:78605195_AT_A	X:78075888_A_C
X:78605195_AT_A	X:78076948_G_C
X:78605195_AT_A	X:78077708_G_A
X:78605195_AT_A	X:78078155_G_A
X:78605195_AT_A	X:78082831_G_A
X:78605195_AT_A	X:78084793_C_T
X:78605195_AT_A	X:78089589_G_T
X:78605195_AT_A	X:78089663_C_T
X:78605195_AT_A	X:78091774_G_C
X:78605195_AT_A	X:78096142_G_A
X:78605195_AT_A	X:78099923_A_AAATA
X:78605195_AT_A	X:78107493_A_G
X:78605195_AT_A	X:78107963_C_T
X:78605195_AT_A	X:78116019_AC_A
X:78605195_AT_A	X:78121147_C_T
X:78605195_AT_A	X:78134175_C_T
X:78605195_AT_A	X:78154299_AG_A
X:78605195_AT_A	X:78164620_A_G
X:78605195_AT_A	X:78169390_TG_T
X:78605195_AT_A	X:78172884_A_G
X:78605195_AT_A	X:78182133_TG_T
X:78605195_AT_A	X:78184005_AG_A
X:78605195_AT_A	X:78185464_C_T
X:78605195_AT_A	X:78188108_C_A
X:78605195_AT_A	X:78193734_A_G
X:78605195_AT_A	X:78193900_A_G
X:78605195_AT_A	X:78197309_G_A
X:78605195_AT_A	X:78215027_T_A
X:78605195_AT_A	X:78215601_C_T
X:78605195_AT_A	X:78218720_A_C
X:78605195_AT_A	X:78219460_A_G
X:78605195_AT_A	X:78226049_G_A
X:78605195_AT_A	X:78226931_C_T
X:78605195_AT_A	X:78227561_C_T
X:78605195_AT_A	X:78228832_G_A
X:78605195_AT_A	X:78229596_C_G
X:78605195_AT_A	X:78231481_T_G
X:78605195_AT_A	X:78232096_T_C
X:78605195_AT_A	X:78236364_T_A
X:78605195_AT_A	X:78237559_CA_C
X:78605195_AT_A	X:78238631_G_A
X:78605195_AT_A	X:78238950_T_C
X:78605195_AT_A	X:78240851_C_A
X:78605195_AT_A	X:78241215_G_A
X:78605195_AT_A	X:78244138_A_G
X:78605195_AT_A	X:78246472_A_C
X:78605195_AT_A	X:78247349_T_C
X:78605195_AT_A	X:78251797_T_C
X:78605195_AT_A	X:78255106_C_T
X:78605195_AT_A	X:78258493_C_T
X:78605195_AT_A	X:78259492_G_T
X:78605195_AT_A	X:78259542_G_GA
X:78605195_AT_A	X:78260299_TTGG_T
X:78605195_AT_A	X:78261268_A_T
X:78605195_AT_A	X:78261773_A_T
X:78605195_AT_A	X:78261880_T_C
X:78605195_AT_A	X:78262381_C_T
X:78605195_AT_A	X:78262920_G_GT
X:78605195_AT_A	X:78264599_G_A
X:78605195_AT_A	X:78266007_G_A
X:78605195_AT_A	X:78269072_C_T
X:78605195_AT_A	X:78269967_C_T
X:78605195_AT_A	X:78271724_C_T
X:78605195_AT_A	X:78277662_A_AATAC
X:78605195_AT_A	X:78279116_A_G
X:78605195_AT_A	X:78279211_T_C
X:78605195_AT_A	X:78282176_A_T
X:78605195_AT_A	X:78286175_T_A
X:78605195_AT_A	X:78287369_G_A
X:78605195_AT_A	X:78290749_C_T
X:78605195_AT_A	X:78290889_G_A
X:78605195_AT_A	X:78291762_T_C
X:78605195_AT_A	X:78294107_T_A
X:78605195_AT_A	X:78297859_T_C
X:78605195_AT_A	X:78303487_T_C
X:78605195_AT_A	X:78305516_G_A
X:78605195_AT_A	X:78312658_G_T
X:78605195_AT_A	X:78313134_G_A
X:78605195_AT_A	X:78313646_C_A
X:78605195_AT_A	X:78314793_G_C
X:78605195_AT_A	X:78316933_G_A
X:78605195_AT_A	X:78318444_AT_A
X:78605195_AT_A	X:78322002_A_C
X:78605195_AT_A	X:78322003_A_C
X:78605195_AT_A	X:78322770_C_T
X:78605195_AT_A	X:78323519_T_C
X:78605195_AT_A	X:78323863_A_AT
X:78605195_AT_A	X:78329235_C_T
X:78605195_AT_A	X:78332836_A_G
X:78605195_AT_A	X:78333081_C_T
X:78605195_AT_A	X:78333248_T_A
X:78605195_AT_A	X:78333342_C_A
X:78605195_AT_A	X:78338330_T_G
X:78605195_AT_A	X:78344063_T_TTA
X:78605195_AT_A	X:78347614_G_T
X:78605195_AT_A	X:78350013_G_C
X:78605195_AT_A	X:78350766_A_G
X:78605195_AT_A	X:78352471_G_A
X:78605195_AT_A	X:78352585_G_C
X:78605195_AT_A	X:78352945_A_C
X:78605195_AT_A	X:78353773_C_T
X:78605195_AT_A	X:78355574_C_T
X:78605195_AT_A	X:78355862_A_G
X:78605195_AT_A	X:78356156_C_T
X:78605195_AT_A	X:78359198_G_GT
X:78605195_AT_A	X:78362272_G_C
X:78605195_AT_A	X:78364570_T_C
X:78605195_AT_A	X:78364596_T_C
X:78605195_AT_A	X:78367637_A_G
X:78605195_AT_A	X:78370716_T_A
X:78605195_AT_A	X:78371388_A_T
X:78605195_AT_A	X:78371754_G_C
X:78605195_AT_A	X:78372572_A_C
X:78605195_AT_A	X:78374225_C_A
X:78605195_AT_A	X:78377443_A_G
X:78605195_AT_A	X:78382138_A_G
X:78605195_AT_A	X:78382943_T_C
X:78605195_AT_A	X:78383858_C_T
X:78605195_AT_A	X:78385670_A_G
X:78605195_AT_A	X:78390336_G_A
X:78605195_AT_A	X:78390511_C_T
X:78605195_AT_A	X:78395070_C_A
X:78605195_AT_A	X:78397143_C_T
X:78605195_AT_A	X:78398848_C_T
X:78605195_AT_A	X:78401546_G_T
X:78605195_AT_A	X:78401984_C_G
X:78605195_AT_A	X:78403182_T_A
X:78605195_AT_A	X:78407859_A_AGTTACAGAATGCCT
X:78605195_AT_A	X:78409647_T_G
X:78605195_AT_A	X:78410816_G_C
X:78605195_AT_A	X:78411443_C_T
X:78605195_AT_A	X:78412297_C_T
X:78605195_AT_A	X:78412446_T_G
X:78605195_AT_A	X:78412687_G_A
X:78605195_AT_A	X:78413875_G_A
X:78605195_AT_A	X:78413941_TTTTC_T
X:78605195_AT_A	X:78414565_C_T
X:78605195_AT_A	X:78415245_A_G
X:78605195_AT_A	X:78415680_A_C
X:78605195_AT_A	X:78418002_T_C
X:78605195_AT_A	X:78419217_G_T
X:78605195_AT_A	X:78419326_A_G
X:78605195_AT_A	X:78419332_C_G
X:78605195_AT_A	X:78419604_C_G
X:78605195_AT_A	X:78420331_C_T
X:78605195_AT_A	X:78420352_A_G
X:78605195_AT_A	X:78420803_CAA_C
X:78605195_AT_A	X:78421844_C_T
X:78605195_AT_A	X:78421908_C_CT
X:78605195_AT_A	X:78422184_G_A
X:78605195_AT_A	X:78423102_A_G
X:78605195_AT_A	X:78423445_A_G
X:78605195_AT_A	X:78424036_AT_A
X:78605195_AT_A	X:78424509_T_G
X:78605195_AT_A	X:78424906_A_G
X:78605195_AT_A	X:78425600_T_C
X:78605195_AT_A	X:78425636_C_T
X:78605195_AT_A	X:78425888_CTT_C
X:78605195_AT_A	X:78426293_C_A
X:78605195_AT_A	X:78426488_T_C
X:78605195_AT_A	X:78431272_TA_T
X:78605195_AT_A	X:78433249_G_C
X:78605195_AT_A	X:78433292_T_C
X:78605195_AT_A	X:78434306_CA_C
X:78605195_AT_A	X:78435334_T_C
X:78605195_AT_A	X:78435811_T_C
X:78605195_AT_A	X:78437658_T_C
X:78605195_AT_A	X:78438823_T_C
X:78605195_AT_A	X:78438856_A_G
X:78605195_AT_A	X:78439613_T_A
X:78605195_AT_A	X:78440007_C_T
X:78605195_AT_A	X:78442048_G_C
X:78605195_AT_A	X:78444027_G_GT
X:78605195_AT_A	X:78444739_T_C
X:78605195_AT_A	X:78444901_T_C
X:78605195_AT_A	X:78445994_G_A
X:78605195_AT_A	X:78446742_A_G
X:78605195_AT_A	X:78448729_CAT_C
X:78605195_AT_A	X:78448867_G_A
X:78605195_AT_A	X:78449884_A_T
X:78605195_AT_A	X:78450924_C_T
X:78605195_AT_A	X:78451124_G_A
X:78605195_AT_A	X:78451153_C_T
X:78605195_AT_A	X:78451311_G_C
X:78605195_AT_A	X:78451610_A_G
X:78605195_AT_A	X:78452115_C_T
X:78605195_AT_A	X:78452567_A_T
X:78605195_AT_A	X:78452887_C_T
X:78605195_AT_A	X:78456958_C_CA
X:78605195_AT_A	X:78457448_T_A
X:78605195_AT_A	X:78461780_A_C
X:78605195_AT_A	X:78461878_A_T
X:78605195_AT_A	X:78462557_T_A
X:78605195_AT_A	X:78462877_G_C
X:78605195_AT_A	X:78462882_A_G
X:78605195_AT_A	X:78462886_C_G
X:78605195_AT_A	X:78463182_C_A
X:78605195_AT_A	X:78463991_G_T
X:78605195_AT_A	X:78464741_G_A
X:78605195_AT_A	X:78465191_C_A
X:78605195_AT_A	X:78465852_T_A
X:78605195_AT_A	X:78466056_T_C
X:78605195_AT_A	X:78466091_T_A
X:78605195_AT_A	X:78466147_T_G
X:78605195_AT_A	X:78466625_T_C
X:78605195_AT_A	X:78466626_G_A
X:78605195_AT_A	X:78466627_G_A
X:78605195_AT_A	X:78466640_G_A
X:78605195_AT_A	X:78466914_C_T
X:78605195_AT_A	X:78467044_G_T
X:78605195_AT_A	X:78467067_G_A
X:78605195_AT_A	X:78467200_G_C
X:78605195_AT_A	X:78468915_A_G
X:78605195_AT_A	X:78469805_AT_A
X:78605195_AT_A	X:78470494_T_G
X:78605195_AT_A	X:78472020_T_C
X:78605195_AT_A	X:78472517_C_G
X:78605195_AT_A	X:78472647_G_A
X:78605195_AT_A	X:78472871_T_C
X:78605195_AT_A	X:78472889_G_A
X:78605195_AT_A	X:78473684_C_T
X:78605195_AT_A	X:78474369_A_G
X:78605195_AT_A	X:78474382_A_C
X:78605195_AT_A	X:78474471_T_G
X:78605195_AT_A	X:78475036_A_G
X:78605195_AT_A	X:78475037_C_T
X:78605195_AT_A	X:78476506_G_A
X:78605195_AT_A	X:78477500_A_C
X:78605195_AT_A	X:78477567_G_A
X:78605195_AT_A	X:78477598_C_T
X:78605195_AT_A	X:78478141_A_T
X:78605195_AT_A	X:78478509_G_A
X:78605195_AT_A	X:78478579_T_C
X:78605195_AT_A	X:78478900_G_A
X:78605195_AT_A	X:78479815_C_T
X:78605195_AT_A	X:78480336_A_C
X:78605195_AT_A	X:78480865_C_A
X:78605195_AT_A	X:78482723_C_A
X:78605195_AT_A	X:78484553_A_G
X:78605195_AT_A	X:78485619_G_C
X:78605195_AT_A	X:78485987_C_T
X:78605195_AT_A	X:78487566_A_C
X:78605195_AT_A	X:78487863_A_G
X:78605195_AT_A	X:78487988_C_T
X:78605195_AT_A	X:78489530_A_G
X:78605195_AT_A	X:78491883_G_A
X:78605195_AT_A	X:78492031_G_A
X:78605195_AT_A	X:78492553_C_T
X:78605195_AT_A	X:78493660_A_C
X:78605195_AT_A	X:78496118_G_T
X:78605195_AT_A	X:78496356_G_C
X:78605195_AT_A	X:78498169_C_T
X:78605195_AT_A	X:78508481_C_T
X:78605195_AT_A	X:78510453_T_A
X:78605195_AT_A	X:78510455_C_T
X:78605195_AT_A	X:78510457_G_A
X:78605195_AT_A	X:78510458_G_C
X:78605195_AT_A	X:78510459_T_C
X:78605195_AT_A	X:78511911_A_G
X:78605195_AT_A	X:78542793_A_C
X:78605195_AT_A	X:78543763_C_T
X:78605195_AT_A	X:78546878_ACCCACTGT_A
X:78605195_AT_A	X:78555671_A_C
X:78605195_AT_A	X:78556014_C_G
X:78605195_AT_A	X:78557332_A_C
X:78605195_AT_A	X:78557768_A_G
X:78605195_AT_A	X:78559122_T_C
X:78605195_AT_A	X:78559535_G_T
X:78605195_AT_A	X:78560541_T_C
X:78605195_AT_A	X:78561907_C_T
X:78605195_AT_A	X:78562520_T_C
X:78605195_AT_A	X:78563772_G_C
X:78605195_AT_A	X:78564198_C_T
X:78605195_AT_A	X:78565662_A_G
X:78605195_AT_A	X:78566321_GA_G
X:78605195_AT_A	X:78567831_A_G
X:78605195_AT_A	X:78570080_T_A
X:78605195_AT_A	X:78571078_T_C
X:78605195_AT_A	X:78571507_G_A
X:78605195_AT_A	X:78573842_T_C
X:78605195_AT_A	X:78575958_G_A
X:78605195_AT_A	X:78576254_A_C
X:78605195_AT_A	X:78576827_C_T
X:78605195_AT_A	X:78578361_T_C
X:78605195_AT_A	X:78580330_C_T
X:78605195_AT_A	X:78580331_A_G
X:78605195_AT_A	X:78581892_C_A
X:78605195_AT_A	X:78584598_C_A
X:78605195_AT_A	X:78584697_C_T
X:78605195_AT_A	X:78585477_A_T
X:78605195_AT_A	X:78585794_C_T
X:78605195_AT_A	X:78586413_T_C
X:78605195_AT_A	X:78588118_C_T
X:78605195_AT_A	X:78589066_A_ATG
X:78605195_AT_A	X:78590589_T_A
X:78605195_AT_A	X:78590757_G_A
X:78605195_AT_A	X:78591194_G_GT
X:78605195_AT_A	X:78602533_T_C
X:78605195_AT_A	X:78603549_G_A
X:78605195_AT_A	X:78616371_T_G
X:78605195_AT_A	X:78672086_C_T
X:78605195_AT_A	X:78700906_G_A
X:78605195_AT_A	X:78748749_G_T
X:78605195_AT_A	X:78788338_G_A
X:78605195_AT_A	X:80864298_T_C
X:78605195_AT_A	X:80964359_G_A
X:78605195_AT_A	X:82618632_C_A
X:78605195_AT_A	X:83428236_C_T
X:78605195_AT_A	X:86185274_A_G
3:106463326_C_T	3:106362083_G_A
3:106463326_C_T	3:106422999_A_G
3:106463326_C_T	3:106423116_C_CA
3:106463326_C_T	3:106423220_C_T
3:106463326_C_T	3:106423464_A_G
3:106463326_C_T	3:106423903_T_C
3:106463326_C_T	3:106424093_C_A
3:106463326_C_T	3:106424228_A_T
3:106463326_C_T	3:106424468_T_C
3:106463326_C_T	3:106424763_C_G
3:106463326_C_T	3:106424782_A_G
3:106463326_C_T	3:106424968_A_T
3:106463326_C_T	3:106425096_G_A
3:106463326_C_T	3:106425691_G_A
3:106463326_C_T	3:106425890_G_T
3:106463326_C_T	3:106425998_C_T
3:106463326_C_T	3:106426481_T_TG
3:106463326_C_T	3:106426611_G_A
3:106463326_C_T	3:106426666_C_CT
3:106463326_C_T	3:106426695_C_T
3:106463326_C_T	3:106427017_T_TC
3:106463326_C_T	3:106427209_C_T
3:106463326_C_T	3:106427411_C_T
3:106463326_C_T	3:106427417_C_T
3:106463326_C_T	3:106427488_A_G
3:106463326_C_T	3:106427922_C_G
3:106463326_C_T	3:106427965_C_T
3:106463326_C_T	3:106428083_C_G
3:106463326_C_T	3:106428116_C_G
3:106463326_C_T	3:106428756_C_T
3:106463326_C_T	3:106428789_A_G
3:106463326_C_T	3:106428950_G_GA
3:106463326_C_T	3:106429091_AT_A
3:106463326_C_T	3:106429095_C_G
3:106463326_C_T	3:106430578_G_A
3:106463326_C_T	3:106430645_C_T
3:106463326_C_T	3:106430678_A_T
3:106463326_C_T	3:106431113_C_A
3:106463326_C_T	3:106431230_T_C
3:106463326_C_T	3:106439909_C_T
3:106463326_C_T	3:106440064_C_T
3:106463326_C_T	3:106440728_C_T
3:106463326_C_T	3:106442953_G_C
3:106463326_C_T	3:106443038_GTTC_G
3:106463326_C_T	3:106443074_T_G
3:106463326_C_T	3:106446981_T_C
3:106463326_C_T	3:106452708_AT_A
3:106463326_C_T	3:106453116_TA_T
3:106463326_C_T	3:106456260_C_T
3:106463326_C_T	3:106457650_C_G
3:106463326_C_T	3:106461592_T_A
3:106463326_C_T	3:106461665_G_A
3:106463326_C_T	3:106472415_C_T
3:106463326_C_T	3:106475816_G_T
3:106463326_C_T	3:106479012_TTAGA_T
3:106463326_C_T	3:106479267_G_A
3:106463326_C_T	3:106495290_T_C
3:106463326_C_T	3:106497006_G_A
3:106463326_C_T	3:106500223_T_A
3:106463326_C_T	3:106504026_A_AT
3:106463326_C_T	3:106516034_G_A
3:106463326_C_T	3:106522449_G_A
3:106463326_C_T	3:106536683_G_A
3:106463326_C_T	3:106536924_G_T
3:106463326_C_T	3:106536926_C_T
3:106463326_C_T	3:106548931_G_C
3:106463326_C_T	3:106556718_C_T
3:106463326_C_T	3:106562094_G_A
3:106463326_C_T	3:106564542_G_A
3:106463326_C_T	3:106638829_C_T
3:106463326_C_T	3:108705702_T_C
3:106463326_C_T	3:109392909_C_T
3:106463326_C_T	3:114574331_G_T
3:106463326_C_T	3:114666604_A_G
3:106463326_C_T	3:114689690_G_A
16:375559_C_T	16:371702_C_T
16:375559_C_T	16:1984480_C_T
16:375559_C_T	16:4420875_G_C
16:375559_C_T	16:4644684_G_A
16:375559_C_T	16:4651394_C_T
16:375559_C_T	16:9047573_C_T
16:375559_C_T	16:9798863_CAA_C
1:82437670_ATTTGT_A	1:82253897_T_C
1:82437670_ATTTGT_A	1:82340868_G_T
1:82437670_ATTTGT_A	1:82356110_T_C
1:82437670_ATTTGT_A	1:82356242_G_A
1:82437670_ATTTGT_A	1:82356897_G_A
1:82437670_ATTTGT_A	1:82357941_C_T
1:82437670_ATTTGT_A	1:82358699_C_A
1:82437670_ATTTGT_A	1:82360669_G_C
1:82437670_ATTTGT_A	1:82366667_A_G
1:82437670_ATTTGT_A	1:82373273_T_A
1:82437670_ATTTGT_A	1:82374494_G_A
1:82437670_ATTTGT_A	1:82375080_G_A
1:82437670_ATTTGT_A	1:82375561_T_A
1:82437670_ATTTGT_A	1:82379446_C_T
1:82437670_ATTTGT_A	1:82387586_TG_T
1:82437670_ATTTGT_A	1:82389853_T_C
1:82437670_ATTTGT_A	1:82390296_C_T
1:82437670_ATTTGT_A	1:82393466_G_A
1:82437670_ATTTGT_A	1:82395236_G_A
1:82437670_ATTTGT_A	1:82404496_G_GTCTTC
1:82437670_ATTTGT_A	1:82413673_A_C
1:82437670_ATTTGT_A	1:82415199_A_G
1:82437670_ATTTGT_A	1:82417344_T_TA
1:82437670_ATTTGT_A	1:82427833_T_C
1:82437670_ATTTGT_A	1:82428554_C_T
1:82437670_ATTTGT_A	1:82433103_G_A
1:82437670_ATTTGT_A	1:82434387_T_A
1:82437670_ATTTGT_A	1:82436733_A_G
1:82437670_ATTTGT_A	1:82437682_G_A
1:82437670_ATTTGT_A	1:82438148_A_C
1:82437670_ATTTGT_A	1:82441516_T_C
1:82437670_ATTTGT_A	1:82443010_G_A
1:82437670_ATTTGT_A	1:82464259_A_G
1:82437670_ATTTGT_A	1:82465778_G_A
1:82437670_ATTTGT_A	1:82473719_T_C
1:82437670_ATTTGT_A	1:82473958_A_G
1:82437670_ATTTGT_A	1:82475261_T_C
1:82437670_ATTTGT_A	1:82476199_C_T
1:82437670_ATTTGT_A	1:82478924_C_A
1:82437670_ATTTGT_A	1:82480115_A_G
1:82437670_ATTTGT_A	1:82492195_T_C
1:82437670_ATTTGT_A	1:82499606_A_G
1:82437670_ATTTGT_A	1:82500376_C_T
1:82437670_ATTTGT_A	1:82502635_A_C
1:82437670_ATTTGT_A	1:82504289_T_A
1:82437670_ATTTGT_A	1:82505010_T_C
1:82437670_ATTTGT_A	1:82517645_T_C
1:82437670_ATTTGT_A	1:83023686_A_ATC
1:82437670_ATTTGT_A	1:83096596_G_A
1:82437670_ATTTGT_A	1:83096605_A_G
1:82437670_ATTTGT_A	1:83096799_A_G
1:82437670_ATTTGT_A	1:83096880_A_C
1:82437670_ATTTGT_A	1:83097024_T_C
1:82437670_ATTTGT_A	1:83097138_A_G
1:82437670_ATTTGT_A	1:83097215_C_T
1:82437670_ATTTGT_A	1:83097228_T_C
1:82437670_ATTTGT_A	1:83097343_T_C
1:82437670_ATTTGT_A	1:83097519_A_C
1:82437670_ATTTGT_A	1:83097569_A_G
1:82437670_ATTTGT_A	1:83097667_G_C
1:82437670_ATTTGT_A	1:88057291_G_A
1:82437670_ATTTGT_A	1:88983183_AAGGAAGGAAGGG_A
1:82437670_ATTTGT_A	1:90298305_C_T
13:78999575_C_T	13:69671004_T_C
13:78999575_C_T	13:69672739_A_T
13:78999575_C_T	13:69675022_G_A
13:78999575_C_T	13:69675939_C_T
13:78999575_C_T	13:69678000_C_T
13:78999575_C_T	13:69679163_G_A
13:78999575_C_T	13:69684054_T_TA
13:78999575_C_T	13:69688530_A_G
13:78999575_C_T	13:69691109_A_G
13:78999575_C_T	13:69691267_G_A
13:78999575_C_T	13:69692186_T_C
13:78999575_C_T	13:69695083_T_A
13:78999575_C_T	13:69695897_G_A
13:78999575_C_T	13:69699183_G_A
13:78999575_C_T	13:69701062_G_A
13:78999575_C_T	13:69701817_T_G
13:78999575_C_T	13:69702799_T_A
13:78999575_C_T	13:69704397_T_A
13:78999575_C_T	13:69705779_A_G
13:78999575_C_T	13:69708481_A_G
13:78999575_C_T	13:69708550_T_C
13:78999575_C_T	13:69708657_C_T
13:78999575_C_T	13:69710410_T_C
13:78999575_C_T	13:69711646_C_T
13:78999575_C_T	13:69712775_GAGAGAC_G
13:78999575_C_T	13:69713239_C_T
13:78999575_C_T	13:69713683_G_T
13:78999575_C_T	13:69714359_C_A
13:78999575_C_T	13:69718662_A_C
13:78999575_C_T	13:69757123_CT_C
13:78999575_C_T	13:74645824_C_T
13:78999575_C_T	13:74648580_C_T
13:78999575_C_T	13:74659443_C_T
13:78999575_C_T	13:74669143_T_G
13:78999575_C_T	13:75671477_T_C
13:78999575_C_T	13:75740133_C_T
13:78999575_C_T	13:77226356_G_GTATT
13:78999575_C_T	13:78821529_C_T
13:78999575_C_T	13:78822207_T_C
13:78999575_C_T	13:78822303_G_C
13:78999575_C_T	13:78825955_A_G
13:78999575_C_T	13:78826696_A_G
13:78999575_C_T	13:78828256_A_G
13:78999575_C_T	13:78828770_T_C
13:78999575_C_T	13:78828786_A_C
13:78999575_C_T	13:78829380_G_T
13:78999575_C_T	13:78829464_G_A
13:78999575_C_T	13:78830184_C_T
13:78999575_C_T	13:78830563_T_C
13:78999575_C_T	13:78831111_A_C
13:78999575_C_T	13:78831214_T_A
13:78999575_C_T	13:78832060_A_G
13:78999575_C_T	13:78834989_C_T
13:78999575_C_T	13:78836359_T_C
13:78999575_C_T	13:78836765_T_C
13:78999575_C_T	13:78837721_A_G
13:78999575_C_T	13:78837733_T_G
13:78999575_C_T	13:78838320_G_A
13:78999575_C_T	13:78838831_T_C
13:78999575_C_T	13:78840161_A_G
13:78999575_C_T	13:78842179_A_G
13:78999575_C_T	13:78842333_A_AC
13:78999575_C_T	13:78842343_A_G
13:78999575_C_T	13:78842675_A_G
13:78999575_C_T	13:78842883_C_T
13:78999575_C_T	13:78843019_G_C
13:78999575_C_T	13:78843621_G_C
13:78999575_C_T	13:78844080_C_CT
13:78999575_C_T	13:78844858_T_A
13:78999575_C_T	13:78845807_A_G
13:78999575_C_T	13:78846887_A_G
13:78999575_C_T	13:78848140_T_G
13:78999575_C_T	13:78848151_G_A
13:78999575_C_T	13:78849519_C_G
13:78999575_C_T	13:78849525_C_A
13:78999575_C_T	13:78849596_T_C
13:78999575_C_T	13:78850070_T_G
13:78999575_C_T	13:78852091_A_G
13:78999575_C_T	13:78852136_G_A
13:78999575_C_T	13:78852243_T_G
13:78999575_C_T	13:78853025_G_T
13:78999575_C_T	13:78853311_T_G
13:78999575_C_T	13:78854028_A_C
13:78999575_C_T	13:78854037_A_G
13:78999575_C_T	13:78854220_G_A
13:78999575_C_T	13:78856103_G_A
13:78999575_C_T	13:78857171_CT_C
13:78999575_C_T	13:78857467_C_A
13:78999575_C_T	13:78857810_G_C
13:78999575_C_T	13:78858136_C_T
13:78999575_C_T	13:78858307_G_C
13:78999575_C_T	13:78858765_G_T
13:78999575_C_T	13:78858919_A_G
13:78999575_C_T	13:78859179_T_C
13:78999575_C_T	13:78859375_CA_C
13:78999575_C_T	13:78859646_T_C
13:78999575_C_T	13:78860144_T_C
13:78999575_C_T	13:78861242_C_T
13:78999575_C_T	13:78861536_C_T
13:78999575_C_T	13:78862337_A_G
13:78999575_C_T	13:78862596_C_T
13:78999575_C_T	13:78862818_A_G
13:78999575_C_T	13:78866395_A_G
13:78999575_C_T	13:78867320_C_T
13:78999575_C_T	13:78867427_GA_G
13:78999575_C_T	13:78869281_G_A
13:78999575_C_T	13:78871930_T_G
13:78999575_C_T	13:78872439_A_G
13:78999575_C_T	13:78883441_A_G
13:78999575_C_T	13:78885630_T_A
13:78999575_C_T	13:78892727_C_T
13:78999575_C_T	13:78895944_G_T
13:78999575_C_T	13:78896555_C_CT
13:78999575_C_T	13:78897258_G_A
13:78999575_C_T	13:78897381_T_C
13:78999575_C_T	13:78897742_G_GA
13:78999575_C_T	13:78898576_T_G
13:78999575_C_T	13:78900756_A_G
13:78999575_C_T	13:78904797_T_C
13:78999575_C_T	13:78905831_G_A
13:78999575_C_T	13:78906446_A_C
13:78999575_C_T	13:78913608_G_C
13:78999575_C_T	13:78915166_T_C
13:78999575_C_T	13:78915735_G_C
13:78999575_C_T	13:78915844_T_C
13:78999575_C_T	13:78918153_A_G
13:78999575_C_T	13:78920011_T_C
13:78999575_C_T	13:78925500_T_TA
13:78999575_C_T	13:78925775_T_C
13:78999575_C_T	13:78925913_TTTTTC_T
13:78999575_C_T	13:78935746_G_C
13:78999575_C_T	13:78936344_AG_A
13:78999575_C_T	13:78936409_T_TA
13:78999575_C_T	13:78936631_G_A
13:78999575_C_T	13:78938592_A_T
13:78999575_C_T	13:78938987_C_T
13:78999575_C_T	13:78939372_A_G
13:78999575_C_T	13:78941978_G_A
13:78999575_C_T	13:78944507_C_T
13:78999575_C_T	13:78945650_T_C
13:78999575_C_T	13:78974509_C_G
13:78999575_C_T	13:78974863_T_C
13:78999575_C_T	13:78975741_C_A
13:78999575_C_T	13:78977387_C_G
13:78999575_C_T	13:78977454_C_T
13:78999575_C_T	13:78977666_G_GT
13:78999575_C_T	13:78978097_C_T
13:78999575_C_T	13:78979215_G_A
13:78999575_C_T	13:78979298_A_T
13:78999575_C_T	13:78980541_G_A
13:78999575_C_T	13:78980647_C_A
13:78999575_C_T	13:78980855_A_AT
13:78999575_C_T	13:78982716_CA_C
13:78999575_C_T	13:78984077_G_C
13:78999575_C_T	13:78985493_T_C
13:78999575_C_T	13:78986048_A_G
13:78999575_C_T	13:78986145_G_A
13:78999575_C_T	13:78986359_A_C
13:78999575_C_T	13:78986798_G_C
13:78999575_C_T	13:78991960_T_C
13:78999575_C_T	13:78993239_T_G
13:78999575_C_T	13:78997625_T_C
13:78999575_C_T	13:78997634_C_T
13:78999575_C_T	13:78997641_T_A
13:78999575_C_T	13:78997642_C_T
13:78999575_C_T	13:78999510_C_A
13:78999575_C_T	13:78999629_C_T
13:78999575_C_T	13:79000260_T_C
13:78999575_C_T	13:79000742_G_C
13:78999575_C_T	13:79000752_A_T
13:78999575_C_T	13:79001254_C_T
13:78999575_C_T	13:79002946_G_A
13:78999575_C_T	13:79003043_G_A
13:78999575_C_T	13:79006210_TTTTG_T
13:78999575_C_T	13:79006769_G_C
13:78999575_C_T	13:79008354_C_CAA
13:78999575_C_T	13:79011713_A_T
13:78999575_C_T	13:79013002_T_C
13:78999575_C_T	13:79057998_C_T
13:78999575_C_T	13:79064277_G_A
13:78999575_C_T	13:79066551_AAAT_A
13:78999575_C_T	13:81655115_T_G
13:78999575_C_T	13:81655906_A_T
13:78999575_C_T	13:81656006_G_A
13:78999575_C_T	13:81656089_T_C
13:78999575_C_T	13:81656357_T_C
13:78999575_C_T	13:83084082_C_CA
13:78999575_C_T	13:83160743_A_C
13:78999575_C_T	13:83163317_T_C
13:78999575_C_T	13:83169755_A_G
13:78999575_C_T	13:83178249_G_A
13:78999575_C_T	13:83178462_T_C
13:78999575_C_T	13:83179092_T_C
13:78999575_C_T	13:84962634_C_CATGT
13:78999575_C_T	13:86438215_T_G
13:78999575_C_T	13:86442876_G_C
13:78999575_C_T	13:86443720_A_G
13:78999575_C_T	13:86446047_C_T
13:78999575_C_T	13:86446672_T_C
13:78999575_C_T	13:86451114_A_G
13:78999575_C_T	13:86451141_GTTTA_G
13:78999575_C_T	13:86451142_TTTA_T
13:78999575_C_T	13:86451148_TA_T
13:78999575_C_T	13:86451668_A_G
13:78999575_C_T	13:86645943_G_A
13:78999575_C_T	13:86647439_C_T
13:78999575_C_T	13:86648937_C_G
13:78999575_C_T	13:86649294_A_AG
13:78999575_C_T	13:86650139_T_G
13:78999575_C_T	13:86650195_A_AAC
13:78999575_C_T	13:86650355_A_G
13:78999575_C_T	13:86652981_AG_A
13:78999575_C_T	13:86654306_ATTT_A
13:78999575_C_T	13:86654472_T_C
13:78999575_C_T	13:86654476_T_C
13:78999575_C_T	13:86654888_C_A
13:78999575_C_T	13:86655553_C_T
13:78999575_C_T	13:86656450_T_C
13:78999575_C_T	13:86656577_A_T
13:78999575_C_T	13:86658828_C_A
13:78999575_C_T	13:86661432_G_A
13:78999575_C_T	13:86663861_C_T
13:78999575_C_T	13:86664052_T_C
13:78999575_C_T	13:86665619_G_T
13:78999575_C_T	13:86666037_G_A
13:78999575_C_T	13:86666968_G_A
13:78999575_C_T	13:86668002_C_T
13:78999575_C_T	13:86671322_T_C
13:78999575_C_T	13:86672807_A_G
13:78999575_C_T	13:86673581_C_A
13:78999575_C_T	13:86675072_T_C
13:78999575_C_T	13:86679495_CTGTT_C
13:78999575_C_T	13:86994607_T_C
13:78999575_C_T	13:87000892_C_T
13:78999575_C_T	13:87010833_C_G
13:78999575_C_T	13:87011759_T_C
13:78999575_C_T	13:87012110_A_G
13:78999575_C_T	13:87012778_T_A
13:78999575_C_T	13:87012975_C_T
13:78999575_C_T	13:87013596_T_C
9:7164039_A_G	9:786570_C_G
9:7164039_A_G	9:2905927_C_T
9:7164039_A_G	9:3012437_A_C
9:7164039_A_G	9:3012438_C_T
9:7164039_A_G	9:3013162_G_C
9:7164039_A_G	9:3013423_G_T
9:7164039_A_G	9:3017925_A_T
9:7164039_A_G	9:3018365_A_C
9:7164039_A_G	9:3018723_A_G
9:7164039_A_G	9:3018925_A_G
9:7164039_A_G	9:3024709_A_G
9:7164039_A_G	9:3077843_C_T
9:7164039_A_G	9:4402119_T_C
9:7164039_A_G	9:5298958_T_C
9:7164039_A_G	9:5518260_C_T
9:7164039_A_G	9:5519738_T_C
9:7164039_A_G	9:5519786_C_T
9:7164039_A_G	9:5520215_G_A
9:7164039_A_G	9:7090995_T_A
9:7164039_A_G	9:7093689_G_A
9:7164039_A_G	9:7108391_C_T
9:7164039_A_G	9:7192313_A_G
9:7164039_A_G	9:7425209_C_T
9:7164039_A_G	9:7433571_C_T
9:7164039_A_G	9:7435344_C_T
9:7164039_A_G	9:7438287_A_T
9:7164039_A_G	9:10277995_C_T
9:7164039_A_G	9:13791531_A_G
9:7164039_A_G	9:13791793_A_G
15:63804507_T_C	15:55889551_TA_T
15:63804507_T_C	15:55894558_C_T
15:63804507_T_C	15:55898112_C_T
15:63804507_T_C	15:55899744_A_G
15:63804507_T_C	15:55899979_CT_C
15:63804507_T_C	15:55904090_G_C
15:63804507_T_C	15:55905957_CTT_C
15:63804507_T_C	15:55910438_A_T
15:63804507_T_C	15:55917066_G_T
15:63804507_T_C	15:55921567_A_G
15:63804507_T_C	15:55921569_A_G
15:63804507_T_C	15:55921573_A_G
15:63804507_T_C	15:55921988_G_T
15:63804507_T_C	15:55921993_CATGAATAT_C
15:63804507_T_C	15:55936935_G_A
15:63804507_T_C	15:59329962_G_A
15:63804507_T_C	15:60896331_CAAAA_C
15:63804507_T_C	15:63800013_A_G
15:63804507_T_C	15:63800237_T_C
15:63804507_T_C	15:63802297_T_G
15:63804507_T_C	15:63803863_A_G
15:63804507_T_C	15:63805735_C_T
15:63804507_T_C	15:63811210_C_T
15:63804507_T_C	15:63811657_G_A
15:63804507_T_C	15:63813341_A_C
15:63804507_T_C	15:63814640_G_A
15:63804507_T_C	15:63814874_C_CA
15:63804507_T_C	15:63815183_G_A
15:63804507_T_C	15:63815479_T_C
15:63804507_T_C	15:63818369_T_C
15:63804507_T_C	15:63818399_G_A
15:63804507_T_C	15:63823561_G_GT
15:63804507_T_C	15:63825222_T_A
15:63804507_T_C	15:63825323_C_CT
15:63804507_T_C	15:63828844_A_C
15:63804507_T_C	15:63828845_A_G
15:63804507_T_C	15:63830404_G_A
15:63804507_T_C	15:63834149_G_A
15:63804507_T_C	15:63837058_G_A
15:63804507_T_C	15:63838854_A_G
15:63804507_T_C	15:63839043_G_A
15:63804507_T_C	15:63843668_T_C
15:63804507_T_C	15:63845047_G_A
15:63804507_T_C	15:63853052_G_A
15:63804507_T_C	15:63854413_T_C
15:63804507_T_C	15:63863879_CTT_C
15:63804507_T_C	15:63868761_A_G
15:63804507_T_C	15:63868811_C_T
15:63804507_T_C	15:63884564_G_A
15:63804507_T_C	15:63887644_C_T
15:63804507_T_C	15:63888113_C_T
15:63804507_T_C	15:63988970_C_T
15:63804507_T_C	15:63997535_C_T
15:63804507_T_C	15:63998649_C_G
15:63804507_T_C	15:63998863_T_G
15:63804507_T_C	15:64006923_T_A
15:63804507_T_C	15:64022357_T_TA
15:63804507_T_C	15:64031271_G_C
15:63804507_T_C	15:64361126_T_C
15:63804507_T_C	15:64376093_GACAGCACC_G
15:63804507_T_C	15:64401510_G_T
15:63804507_T_C	15:64441548_G_A
15:63804507_T_C	15:64500439_G_A
15:63804507_T_C	15:64638132_G_A
15:63804507_T_C	15:64639387_A_G
15:63804507_T_C	15:64674200_AAAC_A
15:63804507_T_C	15:64764282_G_A
15:63804507_T_C	15:65127000_T_C
15:63804507_T_C	15:65190812_G_A
15:63804507_T_C	15:65310389_T_C
15:63804507_T_C	15:65691383_C_A
15:63804507_T_C	15:65703625_C_G
15:63804507_T_C	15:65754111_G_T
15:63804507_T_C	15:65765671_A_G
15:63804507_T_C	15:65806256_C_T
15:63804507_T_C	15:65841870_G_A
15:63804507_T_C	15:65871420_C_T
15:63804507_T_C	15:65895967_T_A
15:63804507_T_C	15:66012456_C_A
15:63804507_T_C	15:66050110_C_T
15:63804507_T_C	15:66063560_C_A
15:63804507_T_C	15:70160431_A_G
15:63804507_T_C	15:70161138_G_A
15:63804507_T_C	15:70163518_G_A
15:63804507_T_C	15:70164393_G_A
15:63804507_T_C	15:70166003_G_T
15:63804507_T_C	15:70167419_G_A
15:63804507_T_C	15:70174031_A_C
2:223939536_C_CT	2:214750350_T_G
2:223939536_C_CT	2:219260031_G_A
2:223939536_C_CT	2:221383555_C_G
2:223939536_C_CT	2:221438571_G_A
2:223939536_C_CT	2:222530943_C_T
2:223939536_C_CT	2:222531000_T_C
2:223939536_C_CT	2:222532055_AAAT_A
2:223939536_C_CT	2:222537136_A_G
2:223939536_C_CT	2:222539067_C_T
2:223939536_C_CT	2:222542378_A_G
2:223939536_C_CT	2:222543357_T_C
2:223939536_C_CT	2:222546317_T_A
2:223939536_C_CT	2:222547891_G_T
2:223939536_C_CT	2:223236707_C_T
2:223939536_C_CT	2:223311912_G_A
2:223939536_C_CT	2:223318106_G_A
2:223939536_C_CT	2:223491927_T_C
2:223939536_C_CT	2:223516610_T_G
2:223939536_C_CT	2:223902225_T_G
2:223939536_C_CT	2:223903918_AT_A
2:223939536_C_CT	2:223905329_A_G
2:223939536_C_CT	2:223907042_T_C
2:223939536_C_CT	2:223910074_C_G
2:223939536_C_CT	2:223910080_G_A
2:223939536_C_CT	2:223910853_G_A
2:223939536_C_CT	2:223916200_TA_T
2:223939536_C_CT	2:223929774_A_G
2:223939536_C_CT	2:223930506_C_T
2:223939536_C_CT	2:223930689_A_G
2:223939536_C_CT	2:223932102_T_C
2:223939536_C_CT	2:223936528_C_A
2:223939536_C_CT	2:223938651_A_T
2:223939536_C_CT	2:223938748_A_G
2:223939536_C_CT	2:223939331_G_T
2:223939536_C_CT	2:223940063_C_T
2:223939536_C_CT	2:223941110_T_C
2:223939536_C_CT	2:223947465_A_ATTCACGAGTGGATATCAC
2:223939536_C_CT	2:223947466_A_AGGTGT
2:223939536_C_CT	2:223947574_C_A
2:223939536_C_CT	2:223947592_C_T
2:223939536_C_CT	2:223947874_C_G
2:223939536_C_CT	2:223947942_C_T
2:223939536_C_CT	2:223948144_C_A
2:223939536_C_CT	2:223948184_G_A
2:223939536_C_CT	2:223948572_C_G
2:223939536_C_CT	2:223950293_G_A
2:223939536_C_CT	2:223950890_A_C
2:223939536_C_CT	2:223952836_T_C
2:223939536_C_CT	2:223954544_T_C
2:223939536_C_CT	2:223954609_C_T
2:223939536_C_CT	2:223958144_A_T
2:223939536_C_CT	2:223958851_A_AT
2:223939536_C_CT	2:223959798_C_CT
2:223939536_C_CT	2:223959855_TAACAAAGTG_T
2:223939536_C_CT	2:223959878_G_A
2:223939536_C_CT	2:223959901_A_G
2:223939536_C_CT	2:223960207_T_C
2:223939536_C_CT	2:223960235_C_T
2:223939536_C_CT	2:223960878_C_T
2:223939536_C_CT	2:223961010_T_C
2:223939536_C_CT	2:223961212_T_C
2:223939536_C_CT	2:223961218_G_A
2:223939536_C_CT	2:223961541_A_C
2:223939536_C_CT	2:223961576_T_C
2:223939536_C_CT	2:223961951_T_C
2:223939536_C_CT	2:223962045_A_G
2:223939536_C_CT	2:223962336_A_T
2:223939536_C_CT	2:223962537_A_G
2:223939536_C_CT	2:223962634_T_C
2:223939536_C_CT	2:223962682_T_C
2:223939536_C_CT	2:223962703_T_C
2:223939536_C_CT	2:223962759_G_T
2:223939536_C_CT	2:223962782_C_G
2:223939536_C_CT	2:223962814_A_G
2:223939536_C_CT	2:223962958_A_G
2:223939536_C_CT	2:223963045_G_GA
2:223939536_C_CT	2:223963078_A_G
2:223939536_C_CT	2:223963399_T_C
2:223939536_C_CT	2:223963586_T_A
2:223939536_C_CT	2:223963623_G_C
2:223939536_C_CT	2:223963687_T_A
2:223939536_C_CT	2:223963720_T_C
2:223939536_C_CT	2:223963874_T_C
2:223939536_C_CT	2:223964153_A_G
2:223939536_C_CT	2:223965510_C_A
2:223939536_C_CT	2:223966452_A_G
2:223939536_C_CT	2:223966840_A_C
2:223939536_C_CT	2:223967110_G_A
2:223939536_C_CT	2:223967352_G_A
2:223939536_C_CT	2:223967419_C_T
2:223939536_C_CT	2:223967951_A_C
2:223939536_C_CT	2:223967973_A_G
2:223939536_C_CT	2:223967998_T_C
2:223939536_C_CT	2:223968373_TGAATACCTGGAC_T
2:223939536_C_CT	2:223968387_T_G
2:223939536_C_CT	2:223968577_T_C
2:223939536_C_CT	2:223975073_A_T
2:223939536_C_CT	2:223977237_A_C
2:223939536_C_CT	2:223979747_T_C
2:223939536_C_CT	2:223986816_CA_C
2:223939536_C_CT	2:223986872_T_C
2:223939536_C_CT	2:223988482_C_T
2:223939536_C_CT	2:223988901_CT_C
2:223939536_C_CT	2:223995639_A_G
2:223939536_C_CT	2:224005104_A_AT
2:223939536_C_CT	2:224087862_A_T
2:223939536_C_CT	2:224087898_A_G
2:223939536_C_CT	2:224088218_G_T
2:223939536_C_CT	2:224089978_AGAT_A
2:223939536_C_CT	2:224090022_A_G
2:223939536_C_CT	2:224090167_T_C
2:223939536_C_CT	2:224090247_A_G
2:223939536_C_CT	2:224090369_A_G
2:223939536_C_CT	2:224090510_G_A
2:223939536_C_CT	2:224090561_G_T
2:223939536_C_CT	2:224090989_G_A
2:223939536_C_CT	2:224091244_T_TAAC
2:223939536_C_CT	2:224091572_G_T
2:223939536_C_CT	2:224091591_C_T
2:223939536_C_CT	2:224091898_A_G
2:223939536_C_CT	2:224092136_T_G
2:223939536_C_CT	2:224092747_G_A
2:223939536_C_CT	2:224092855_A_G
2:223939536_C_CT	2:224093101_A_G
2:223939536_C_CT	2:224093410_G_A
2:223939536_C_CT	2:224094353_T_G
2:223939536_C_CT	2:224094703_A_G
2:223939536_C_CT	2:224094860_T_C
2:223939536_C_CT	2:224094886_A_G
2:223939536_C_CT	2:224095030_G_A
2:223939536_C_CT	2:224095058_G_A
2:223939536_C_CT	2:224095085_T_C
2:223939536_C_CT	2:224095470_C_T
2:223939536_C_CT	2:224095592_T_TCTTC
2:223939536_C_CT	2:224096361_A_G
2:223939536_C_CT	2:224097340_G_A
2:223939536_C_CT	2:224097908_T_C
2:223939536_C_CT	2:224097943_T_C
2:223939536_C_CT	2:224098180_G_C
2:223939536_C_CT	2:224098278_C_A
2:223939536_C_CT	2:224098499_G_A
2:223939536_C_CT	2:224098526_T_A
2:223939536_C_CT	2:224098551_A_G
2:223939536_C_CT	2:224098581_G_A
2:223939536_C_CT	2:224098693_G_T
2:223939536_C_CT	2:224098746_C_A
2:223939536_C_CT	2:227025121_GTCAA_G
2:223939536_C_CT	2:227026736_T_C
2:223939536_C_CT	2:227029688_CATAG_C
2:223939536_C_CT	2:227048138_C_CT
2:223939536_C_CT	2:227067182_ATTT_A
2:223939536_C_CT	2:227067188_T_G
2:223939536_C_CT	2:227067189_A_C
2:223939536_C_CT	2:227067191_T_A
2:223939536_C_CT	2:227067192_C_A
2:223939536_C_CT	2:227073854_C_T
2:223939536_C_CT	2:227075969_AT_A
2:223939536_C_CT	2:227948926_C_T
2:223939536_C_CT	2:227949739_CGA_C
2:223939536_C_CT	2:227951512_A_G
2:223939536_C_CT	2:227952649_C_T
2:223939536_C_CT	2:227952799_T_C
2:223939536_C_CT	2:227955339_G_A
2:223939536_C_CT	2:227956027_A_G
2:223939536_C_CT	2:227957614_A_C
2:223939536_C_CT	2:228454332_G_GC
2:223939536_C_CT	2:228613269_C_T
2:223939536_C_CT	2:228613966_A_G
2:223939536_C_CT	2:228613984_G_A
2:223939536_C_CT	2:228617630_A_G
2:223939536_C_CT	2:228618099_G_T
2:223939536_C_CT	2:228620865_T_C
2:223939536_C_CT	2:228623578_G_A
2:223939536_C_CT	2:230015276_G_A
2:223939536_C_CT	2:230021402_G_A
2:223939536_C_CT	2:233418920_G_T
3:123112292_T_C	3:113363682_T_C
3:123112292_T_C	3:113411205_T_C
3:123112292_T_C	3:113426374_G_A
3:123112292_T_C	3:113481643_A_G
3:123112292_T_C	3:119317964_G_C
3:123112292_T_C	3:119347560_A_G
3:123112292_T_C	3:119429312_G_A
3:123112292_T_C	3:119439608_A_G
3:123112292_T_C	3:119477818_T_C
3:123112292_T_C	3:121078145_A_T
3:123112292_T_C	3:122381412_CT_C
3:123112292_T_C	3:122835578_A_G
3:123112292_T_C	3:122836176_T_C
3:123112292_T_C	3:123015558_G_GT
3:123112292_T_C	3:123022429_C_T
3:123112292_T_C	3:123032815_G_T
3:123112292_T_C	3:123047478_A_G
3:123112292_T_C	3:123049707_G_T
3:123112292_T_C	3:123049938_A_C
3:123112292_T_C	3:123051019_T_C
3:123112292_T_C	3:123051230_G_A
3:123112292_T_C	3:123052990_C_G
3:123112292_T_C	3:123053410_C_T
3:123112292_T_C	3:123054889_C_T
3:123112292_T_C	3:123059854_C_G
3:123112292_T_C	3:123060138_GC_G
3:123112292_T_C	3:123061168_G_A
3:123112292_T_C	3:123062657_T_G
3:123112292_T_C	3:123062970_C_G
3:123112292_T_C	3:123064089_T_C
3:123112292_T_C	3:123064831_C_T
3:123112292_T_C	3:123065488_C_G
3:123112292_T_C	3:123065490_G_C
3:123112292_T_C	3:123066010_A_G
3:123112292_T_C	3:123066485_G_T
3:123112292_T_C	3:123068024_G_A
3:123112292_T_C	3:123068109_C_T
3:123112292_T_C	3:123068286_C_T
3:123112292_T_C	3:123068743_A_G
3:123112292_T_C	3:123068744_C_T
3:123112292_T_C	3:123068817_T_C
3:123112292_T_C	3:123069058_C_T
3:123112292_T_C	3:123070426_G_A
3:123112292_T_C	3:123070517_C_T
3:123112292_T_C	3:123072883_A_C
3:123112292_T_C	3:123074485_T_TA
3:123112292_T_C	3:123075118_T_C
3:123112292_T_C	3:123077042_T_A
3:123112292_T_C	3:123077978_G_GT
3:123112292_T_C	3:123078079_G_A
3:123112292_T_C	3:123079159_A_T
3:123112292_T_C	3:123080961_G_A
3:123112292_T_C	3:123082398_T_C
3:123112292_T_C	3:123082416_A_G
3:123112292_T_C	3:123084379_G_A
3:123112292_T_C	3:123084541_A_G
3:123112292_T_C	3:123085098_G_A
3:123112292_T_C	3:123085337_T_C
3:123112292_T_C	3:123085359_T_C
3:123112292_T_C	3:123087264_G_C
3:123112292_T_C	3:123089670_G_A
3:123112292_T_C	3:123089834_C_T
3:123112292_T_C	3:123090360_G_A
3:123112292_T_C	3:123093530_T_C
3:123112292_T_C	3:123093541_G_C
3:123112292_T_C	3:123093887_C_T
3:123112292_T_C	3:123095274_T_TC
3:123112292_T_C	3:123095543_T_C
3:123112292_T_C	3:123096000_G_A
3:123112292_T_C	3:123096322_G_C
3:123112292_T_C	3:123096476_AC_A
3:123112292_T_C	3:123096776_C_CAA
3:123112292_T_C	3:123096820_T_C
3:123112292_T_C	3:123115082_GAA_G
3:123112292_T_C	3:123122314_A_T
3:123112292_T_C	3:124357125_G_A
3:123112292_T_C	3:124361140_C_A
3:123112292_T_C	3:124362675_A_G
3:123112292_T_C	3:124363220_G_A
3:123112292_T_C	3:124363667_G_A
3:123112292_T_C	3:124363821_T_C
3:123112292_T_C	3:124366274_T_C
3:123112292_T_C	3:124366662_G_A
3:123112292_T_C	3:124366750_G_A
3:123112292_T_C	3:124367128_G_C
3:123112292_T_C	3:124405794_C_G
3:123112292_T_C	3:126565934_G_A
3:123112292_T_C	3:126583695_CTCT_C
3:123112292_T_C	3:126611292_C_T
3:123112292_T_C	3:126620014_G_A
3:123112292_T_C	3:126628636_G_C
3:123112292_T_C	3:126633074_A_G
3:123112292_T_C	3:132437390_C_T
17:54595522_A_T	17:47566586_C_A
17:54595522_A_T	17:53516271_T_G
17:54595522_A_T	17:53519844_T_C
17:54595522_A_T	17:53520539_CT_C
17:54595522_A_T	17:53520997_C_G
17:54595522_A_T	17:53521058_G_A
17:54595522_A_T	17:53521107_G_C
17:54595522_A_T	17:54367495_T_C
17:54595522_A_T	17:54432502_T_G
17:54595522_A_T	17:54433211_A_G
17:54595522_A_T	17:54574631_T_C
17:54595522_A_T	17:54575131_A_G
17:54595522_A_T	17:54605677_G_A
17:54595522_A_T	17:54605692_G_T
17:54595522_A_T	17:55345964_C_T
17:54595522_A_T	17:57566760_C_T
17:54595522_A_T	17:57796677_C_CACAAACAA
17:54595522_A_T	17:57914080_G_GT
17:54595522_A_T	17:58585508_T_A
17:54595522_A_T	17:58627280_T_C
12:39094041_C_CT	12:30034597_C_T
12:39094041_C_CT	12:30205592_C_G
12:39094041_C_CT	12:31001245_AT_A
12:39094041_C_CT	12:31011036_T_C
12:39094041_C_CT	12:32026198_C_T
12:39094041_C_CT	12:32036135_G_A
12:39094041_C_CT	12:32045499_G_A
12:39094041_C_CT	12:32061988_A_C
12:39094041_C_CT	12:32063171_G_A
12:39094041_C_CT	12:32063176_T_G
12:39094041_C_CT	12:33230584_T_C
12:39094041_C_CT	12:33256838_T_G
12:39094041_C_CT	12:33270589_T_C
12:39094041_C_CT	12:33273257_G_A
12:39094041_C_CT	12:33273472_C_T
12:39094041_C_CT	12:33281094_A_G
12:39094041_C_CT	12:33282255_T_G
12:39094041_C_CT	12:33283408_G_A
12:39094041_C_CT	12:33284446_C_T
12:39094041_C_CT	12:33284693_G_A
12:39094041_C_CT	12:33285193_T_C
12:39094041_C_CT	12:33286081_CTTTTT_C
12:39094041_C_CT	12:33286277_A_ATAT
12:39094041_C_CT	12:33287772_G_A
12:39094041_C_CT	12:33288058_T_C
12:39094041_C_CT	12:33288241_A_G
12:39094041_C_CT	12:33290383_A_G
12:39094041_C_CT	12:33292503_C_T
12:39094041_C_CT	12:33293388_T_C
12:39094041_C_CT	12:33294433_A_AT
12:39094041_C_CT	12:33316916_C_T
12:39094041_C_CT	12:33318582_A_G
12:39094041_C_CT	12:33319961_A_G
12:39094041_C_CT	12:33321016_A_G
12:39094041_C_CT	12:33321346_T_C
12:39094041_C_CT	12:33321626_G_T
12:39094041_C_CT	12:33328612_A_G
12:39094041_C_CT	12:33329813_C_T
12:39094041_C_CT	12:33333067_A_G
12:39094041_C_CT	12:33333604_G_A
12:39094041_C_CT	12:33334945_T_G
12:39094041_C_CT	12:33335401_A_G
12:39094041_C_CT	12:33335956_G_A
12:39094041_C_CT	12:33335958_T_C
12:39094041_C_CT	12:33337457_A_G
12:39094041_C_CT	12:33337757_T_C
12:39094041_C_CT	12:33339784_G_A
12:39094041_C_CT	12:33339941_GA_G
12:39094041_C_CT	12:33343336_G_A
12:39094041_C_CT	12:33343706_T_C
12:39094041_C_CT	12:33343891_C_T
12:39094041_C_CT	12:33344745_T_C
12:39094041_C_CT	12:33347313_T_G
12:39094041_C_CT	12:33348749_G_A
12:39094041_C_CT	12:33348761_C_G
12:39094041_C_CT	12:33349748_CA_C
12:39094041_C_CT	12:33352576_A_G
12:39094041_C_CT	12:33352652_G_A
12:39094041_C_CT	12:33353464_CCTTT_C
12:39094041_C_CT	12:33357543_AT_A
12:39094041_C_CT	12:33357749_T_C
12:39094041_C_CT	12:33358030_G_T
12:39094041_C_CT	12:33358356_T_C
12:39094041_C_CT	12:33362302_T_C
12:39094041_C_CT	12:33362362_G_GT
12:39094041_C_CT	12:33362430_T_C
12:39094041_C_CT	12:33362838_G_T
12:39094041_C_CT	12:33363534_A_G
12:39094041_C_CT	12:33367849_T_C
12:39094041_C_CT	12:33369058_A_G
12:39094041_C_CT	12:33370061_T_A
12:39094041_C_CT	12:33437827_T_C
12:39094041_C_CT	12:33587447_A_C
12:39094041_C_CT	12:33668965_G_A
12:39094041_C_CT	12:33736808_T_C
12:39094041_C_CT	12:33737099_C_T
12:39094041_C_CT	12:33737383_T_C
12:39094041_C_CT	12:33737705_T_C
12:39094041_C_CT	12:33738306_G_C
12:39094041_C_CT	12:33740600_A_G
12:39094041_C_CT	12:33740842_C_T
12:39094041_C_CT	12:33741911_A_G
12:39094041_C_CT	12:33749030_A_G
12:39094041_C_CT	12:33750457_A_G
12:39094041_C_CT	12:33752103_T_TCTGTTCTCCTTCCCTGGAC
12:39094041_C_CT	12:33752794_T_C
12:39094041_C_CT	12:33754496_C_G
12:39094041_C_CT	12:33754877_T_G
12:39094041_C_CT	12:33755772_T_C
12:39094041_C_CT	12:33756794_C_T
12:39094041_C_CT	12:33757012_G_A
12:39094041_C_CT	12:33758311_G_C
12:39094041_C_CT	12:33758434_G_A
12:39094041_C_CT	12:33758718_C_G
12:39094041_C_CT	12:33759469_A_ACAG
12:39094041_C_CT	12:33761162_G_A
12:39094041_C_CT	12:33761652_T_C
12:39094041_C_CT	12:33767783_T_C
12:39094041_C_CT	12:33769090_G_A
12:39094041_C_CT	12:33769326_A_T
12:39094041_C_CT	12:33769519_G_A
12:39094041_C_CT	12:33769662_G_T
12:39094041_C_CT	12:33771480_G_A
12:39094041_C_CT	12:33772887_A_T
12:39094041_C_CT	12:33772953_G_T
12:39094041_C_CT	12:33773115_C_T
12:39094041_C_CT	12:33773405_G_A
12:39094041_C_CT	12:33774441_A_C
12:39094041_C_CT	12:33776163_A_G
12:39094041_C_CT	12:33776431_A_G
12:39094041_C_CT	12:33779863_C_T
12:39094041_C_CT	12:33781389_T_C
12:39094041_C_CT	12:33781709_C_G
12:39094041_C_CT	12:33781959_C_A
12:39094041_C_CT	12:33782125_A_G
12:39094041_C_CT	12:33782541_A_G
12:39094041_C_CT	12:33784405_G_A
12:39094041_C_CT	12:33786596_A_G
12:39094041_C_CT	12:33789527_C_G
12:39094041_C_CT	12:33790826_T_TG
12:39094041_C_CT	12:33798546_T_C
12:39094041_C_CT	12:33802245_A_G
12:39094041_C_CT	12:33810162_G_A
12:39094041_C_CT	12:33813119_G_A
12:39094041_C_CT	12:33814551_A_AT
12:39094041_C_CT	12:33815010_G_T
12:39094041_C_CT	12:33957191_A_AT
12:39094041_C_CT	12:33963318_C_CT
12:39094041_C_CT	12:33974122_G_A
12:39094041_C_CT	12:33975209_C_G
12:39094041_C_CT	12:34035565_G_A
12:39094041_C_CT	12:34036668_G_A
12:39094041_C_CT	12:34039256_CT_C
12:39094041_C_CT	12:34043083_G_A
12:39094041_C_CT	12:34043619_C_T
12:39094041_C_CT	12:34044590_G_A
12:39094041_C_CT	12:34045388_T_C
12:39094041_C_CT	12:34045787_C_A
12:39094041_C_CT	12:34045904_T_C
12:39094041_C_CT	12:34046614_C_A
12:39094041_C_CT	12:34047375_A_C
12:39094041_C_CT	12:34053308_T_C
12:39094041_C_CT	12:34056304_C_A
12:39094041_C_CT	12:34059018_A_C
12:39094041_C_CT	12:34059503_T_A
12:39094041_C_CT	12:34061848_T_A
12:39094041_C_CT	12:34062386_C_T
12:39094041_C_CT	12:34062808_C_CA
12:39094041_C_CT	12:34063049_C_T
12:39094041_C_CT	12:34064056_C_T
12:39094041_C_CT	12:34064077_T_C
12:39094041_C_CT	12:34064295_G_A
12:39094041_C_CT	12:34067965_A_G
12:39094041_C_CT	12:34072114_T_A
12:39094041_C_CT	12:34083116_A_T
12:39094041_C_CT	12:34086519_T_A
12:39094041_C_CT	12:34087303_T_C
12:39094041_C_CT	12:34091626_A_C
12:39094041_C_CT	12:34091637_A_G
12:39094041_C_CT	12:34092598_A_G
12:39094041_C_CT	12:34097891_T_C
12:39094041_C_CT	12:34102459_C_T
12:39094041_C_CT	12:34103591_C_T
12:39094041_C_CT	12:34104376_C_G
12:39094041_C_CT	12:34105047_A_T
12:39094041_C_CT	12:34106255_G_A
12:39094041_C_CT	12:34111092_C_G
12:39094041_C_CT	12:34111157_C_T
12:39094041_C_CT	12:34111494_C_T
12:39094041_C_CT	12:34114272_T_G
12:39094041_C_CT	12:34115322_G_A
12:39094041_C_CT	12:34115904_C_T
12:39094041_C_CT	12:34116744_G_A
12:39094041_C_CT	12:34122037_G_A
12:39094041_C_CT	12:34122573_G_A
12:39094041_C_CT	12:34124675_T_G
12:39094041_C_CT	12:34125215_C_T
12:39094041_C_CT	12:34125593_C_G
12:39094041_C_CT	12:34126580_G_A
12:39094041_C_CT	12:34129010_C_T
12:39094041_C_CT	12:34129538_G_A
12:39094041_C_CT	12:34131766_G_T
12:39094041_C_CT	12:34132394_A_G
12:39094041_C_CT	12:34133468_C_A
12:39094041_C_CT	12:34135581_T_C
12:39094041_C_CT	12:34140827_C_T
12:39094041_C_CT	12:34276084_C_G
12:39094041_C_CT	12:34279444_G_A
12:39094041_C_CT	12:34284940_G_A
12:39094041_C_CT	12:34287581_C_T
12:39094041_C_CT	12:34290058_C_A
12:39094041_C_CT	12:34294699_T_C
12:39094041_C_CT	12:34294737_T_C
12:39094041_C_CT	12:34296850_T_C
12:39094041_C_CT	12:34297617_G_C
12:39094041_C_CT	12:34300510_G_C
12:39094041_C_CT	12:34301448_G_A
12:39094041_C_CT	12:34303109_C_T
12:39094041_C_CT	12:34304916_G_T
12:39094041_C_CT	12:34308133_C_T
12:39094041_C_CT	12:34314789_A_G
12:39094041_C_CT	12:34315177_G_A
12:39094041_C_CT	12:34316122_T_C
12:39094041_C_CT	12:34319309_A_G
12:39094041_C_CT	12:34319670_G_A
12:39094041_C_CT	12:34320651_C_T
12:39094041_C_CT	12:34322092_G_A
12:39094041_C_CT	12:34324820_C_T
12:39094041_C_CT	12:34327107_G_A
12:39094041_C_CT	12:34327991_T_C
12:39094041_C_CT	12:34329491_T_G
12:39094041_C_CT	12:34329592_A_C
12:39094041_C_CT	12:34331146_T_C
12:39094041_C_CT	12:34331779_T_C
12:39094041_C_CT	12:34336101_T_G
12:39094041_C_CT	12:34413430_CA_C
12:39094041_C_CT	12:34417058_T_C
12:39094041_C_CT	12:34423617_T_C
12:39094041_C_CT	12:34424537_G_A
12:39094041_C_CT	12:34428974_A_C
12:39094041_C_CT	12:34430638_C_G
12:39094041_C_CT	12:34432755_A_T
12:39094041_C_CT	12:34432769_T_C
12:39094041_C_CT	12:34432812_A_AGT
12:39094041_C_CT	12:34434803_A_T
12:39094041_C_CT	12:34436478_A_G
12:39094041_C_CT	12:34438853_T_C
12:39094041_C_CT	12:34440841_A_G
12:39094041_C_CT	12:34440959_A_G
12:39094041_C_CT	12:34441563_T_C
12:39094041_C_CT	12:34444013_G_C
12:39094041_C_CT	12:34445489_A_T
12:39094041_C_CT	12:34447074_T_C
12:39094041_C_CT	12:34449376_AG_A
12:39094041_C_CT	12:34450534_A_G
12:39094041_C_CT	12:34451396_T_C
12:39094041_C_CT	12:34451738_T_G
12:39094041_C_CT	12:34452549_T_G
12:39094041_C_CT	12:34454028_A_G
12:39094041_C_CT	12:34456848_G_A
12:39094041_C_CT	12:34457508_T_C
12:39094041_C_CT	12:34457918_A_C
12:39094041_C_CT	12:34459827_A_G
12:39094041_C_CT	12:34460029_A_G
12:39094041_C_CT	12:34460352_A_G
12:39094041_C_CT	12:34460652_T_C
12:39094041_C_CT	12:34464005_A_G
12:39094041_C_CT	12:34464334_T_C
12:39094041_C_CT	12:34464749_C_G
12:39094041_C_CT	12:34467789_T_C
12:39094041_C_CT	12:34470036_A_C
12:39094041_C_CT	12:34473608_A_G
12:39094041_C_CT	12:34474735_T_C
12:39094041_C_CT	12:34477558_C_T
12:39094041_C_CT	12:34483435_G_A
12:39094041_C_CT	12:34483471_A_C
12:39094041_C_CT	12:34484667_C_G
12:39094041_C_CT	12:34484919_G_A
12:39094041_C_CT	12:34486172_T_C
12:39094041_C_CT	12:34493098_C_G
12:39094041_C_CT	12:34493168_A_G
12:39094041_C_CT	12:34493320_T_G
12:39094041_C_CT	12:34494934_T_C
12:39094041_C_CT	12:34495883_T_C
12:39094041_C_CT	12:34498740_C_G
12:39094041_C_CT	12:34499984_T_C
12:39094041_C_CT	12:34500131_A_C
12:39094041_C_CT	12:34502396_T_C
12:39094041_C_CT	12:34504430_T_C
12:39094041_C_CT	12:34504960_A_G
12:39094041_C_CT	12:34505439_A_G
12:39094041_C_CT	12:34510783_A_G
12:39094041_C_CT	12:34510848_T_G
12:39094041_C_CT	12:34511481_T_C
12:39094041_C_CT	12:34511625_A_G
12:39094041_C_CT	12:34514155_T_C
12:39094041_C_CT	12:34515879_A_G
12:39094041_C_CT	12:34520743_A_G
12:39094041_C_CT	12:34521711_T_C
12:39094041_C_CT	12:34522845_T_C
12:39094041_C_CT	12:34522929_A_G
12:39094041_C_CT	12:34523421_T_C
12:39094041_C_CT	12:34524556_A_G
12:39094041_C_CT	12:34525671_A_G
12:39094041_C_CT	12:34526419_T_G
12:39094041_C_CT	12:34527979_T_C
12:39094041_C_CT	12:34529439_A_C
12:39094041_C_CT	12:34530215_T_G
12:39094041_C_CT	12:34531965_A_T
12:39094041_C_CT	12:34532284_C_T
12:39094041_C_CT	12:34532468_A_G
12:39094041_C_CT	12:34532950_T_C
12:39094041_C_CT	12:34534555_C_G
12:39094041_C_CT	12:34535255_A_C
12:39094041_C_CT	12:34537205_T_C
12:39094041_C_CT	12:34538302_T_C
12:39094041_C_CT	12:34538337_A_G
12:39094041_C_CT	12:34538551_C_G
12:39094041_C_CT	12:34539946_G_C
12:39094041_C_CT	12:34540377_T_C
12:39094041_C_CT	12:34542494_T_C
12:39094041_C_CT	12:34543465_T_C
12:39094041_C_CT	12:34545121_T_C
12:39094041_C_CT	12:34545307_A_G
12:39094041_C_CT	12:34548613_T_A
12:39094041_C_CT	12:34549238_A_G
12:39094041_C_CT	12:34550809_A_G
12:39094041_C_CT	12:34552782_T_C
12:39094041_C_CT	12:34553181_A_G
12:39094041_C_CT	12:34553835_T_A
12:39094041_C_CT	12:34555955_T_C
12:39094041_C_CT	12:34556481_T_C
12:39094041_C_CT	12:34557211_T_C
12:39094041_C_CT	12:34557825_A_T
12:39094041_C_CT	12:34560107_A_C
12:39094041_C_CT	12:34562834_T_A
12:39094041_C_CT	12:34564285_T_C
12:39094041_C_CT	12:34565260_C_T
12:39094041_C_CT	12:34565266_A_G
12:39094041_C_CT	12:34567548_A_T
12:39094041_C_CT	12:34570179_A_C
12:39094041_C_CT	12:34570448_G_A
12:39094041_C_CT	12:34570711_T_C
12:39094041_C_CT	12:34574550_A_G
12:39094041_C_CT	12:34576360_C_T
12:39094041_C_CT	12:34576405_A_C
12:39094041_C_CT	12:34578759_G_T
12:39094041_C_CT	12:34581547_G_C
12:39094041_C_CT	12:34582392_C_T
12:39094041_C_CT	12:34583528_C_T
12:39094041_C_CT	12:34583776_T_C
12:39094041_C_CT	12:34583862_C_T
12:39094041_C_CT	12:34584331_G_C
12:39094041_C_CT	12:34584424_T_A
12:39094041_C_CT	12:34585539_G_A
12:39094041_C_CT	12:34587086_G_A
12:39094041_C_CT	12:34587244_AC_A
12:39094041_C_CT	12:34587739_C_T
12:39094041_C_CT	12:34588673_A_G
12:39094041_C_CT	12:34589410_C_A
12:39094041_C_CT	12:34591388_T_C
12:39094041_C_CT	12:34593548_C_T
12:39094041_C_CT	12:34593977_C_T
12:39094041_C_CT	12:34594275_C_T
12:39094041_C_CT	12:34597150_A_G
12:39094041_C_CT	12:34602454_A_T
12:39094041_C_CT	12:34602459_G_A
12:39094041_C_CT	12:34602764_G_A
12:39094041_C_CT	12:34603862_G_C
12:39094041_C_CT	12:34604796_G_A
12:39094041_C_CT	12:34606646_C_T
12:39094041_C_CT	12:34607907_GCTCCCCAATATC_G
12:39094041_C_CT	12:34608265_G_A
12:39094041_C_CT	12:34608503_G_A
12:39094041_C_CT	12:34610554_TAGAA_T
12:39094041_C_CT	12:34614927_C_CAG
12:39094041_C_CT	12:34619374_G_A
12:39094041_C_CT	12:34619761_G_A
12:39094041_C_CT	12:34620352_CTGTT_C
12:39094041_C_CT	12:34624340_C_T
12:39094041_C_CT	12:34626473_A_G
12:39094041_C_CT	12:34629695_C_T
12:39094041_C_CT	12:34635160_C_T
12:39094041_C_CT	12:34636414_A_T
12:39094041_C_CT	12:34636450_A_G
12:39094041_C_CT	12:34641264_G_A
12:39094041_C_CT	12:34642248_T_A
12:39094041_C_CT	12:34645561_A_G
12:39094041_C_CT	12:34648477_G_A
12:39094041_C_CT	12:34649385_G_A
12:39094041_C_CT	12:34653616_CAG_C
12:39094041_C_CT	12:34653774_A_G
12:39094041_C_CT	12:34653875_G_T
12:39094041_C_CT	12:34655557_C_T
12:39094041_C_CT	12:34656458_C_A
12:39094041_C_CT	12:34656555_C_T
12:39094041_C_CT	12:34656602_A_C
12:39094041_C_CT	12:34657561_T_C
12:39094041_C_CT	12:34658369_G_T
12:39094041_C_CT	12:34658619_C_T
12:39094041_C_CT	12:34659348_G_A
12:39094041_C_CT	12:34661082_T_C
12:39094041_C_CT	12:34661732_G_A
12:39094041_C_CT	12:34669721_CT_C
12:39094041_C_CT	12:34674716_C_T
12:39094041_C_CT	12:34676181_C_CAAAG
12:39094041_C_CT	12:34676793_C_T
12:39094041_C_CT	12:34677624_T_C
12:39094041_C_CT	12:34687438_G_A
12:39094041_C_CT	12:34687891_C_G
12:39094041_C_CT	12:34688561_A_C
12:39094041_C_CT	12:34697313_AT_A
12:39094041_C_CT	12:34698527_C_T
12:39094041_C_CT	12:34731041_A_C
12:39094041_C_CT	12:34735092_T_G
12:39094041_C_CT	12:34737029_T_C
12:39094041_C_CT	12:34743353_A_G
12:39094041_C_CT	12:34751157_AT_A
12:39094041_C_CT	12:34752631_G_GA
12:39094041_C_CT	12:34756806_A_C
12:39094041_C_CT	12:34759583_A_G
12:39094041_C_CT	12:34762751_C_T
12:39094041_C_CT	12:34765374_G_C
12:39094041_C_CT	12:34765543_C_T
12:39094041_C_CT	12:34768869_A_T
12:39094041_C_CT	12:34770543_T_C
12:39094041_C_CT	12:34777112_G_A
12:39094041_C_CT	12:34779200_T_C
12:39094041_C_CT	12:34779201_T_C
12:39094041_C_CT	12:34779283_C_T
12:39094041_C_CT	12:34779285_C_G
12:39094041_C_CT	12:34780595_T_A
12:39094041_C_CT	12:34781188_T_C
12:39094041_C_CT	12:34782088_A_G
12:39094041_C_CT	12:34786403_T_C
12:39094041_C_CT	12:34789026_C_T
12:39094041_C_CT	12:34789772_A_C
12:39094041_C_CT	12:34791192_C_T
12:39094041_C_CT	12:34793721_G_T
12:39094041_C_CT	12:34794497_T_C
12:39094041_C_CT	12:34796589_A_G
12:39094041_C_CT	12:34797590_A_C
12:39094041_C_CT	12:34798005_G_C
12:39094041_C_CT	12:34798754_T_C
12:39094041_C_CT	12:34801271_C_T
12:39094041_C_CT	12:34803764_T_C
12:39094041_C_CT	12:34804500_C_T
12:39094041_C_CT	12:34804531_A_T
12:39094041_C_CT	12:34806052_T_G
12:39094041_C_CT	12:34806677_G_A
12:39094041_C_CT	12:34807751_C_T
12:39094041_C_CT	12:34812498_A_G
12:39094041_C_CT	12:34812658_C_T
12:39094041_C_CT	12:34813531_A_G
12:39094041_C_CT	12:34814492_A_G
12:39094041_C_CT	12:34818931_T_G
12:39094041_C_CT	12:34819926_C_T
12:39094041_C_CT	12:34820186_A_C
12:39094041_C_CT	12:34820858_T_G
12:39094041_C_CT	12:34822490_C_A
12:39094041_C_CT	12:34825879_G_A
12:39094041_C_CT	12:34826574_G_A
12:39094041_C_CT	12:34827175_C_T
12:39094041_C_CT	12:34827309_T_C
12:39094041_C_CT	12:34828186_T_G
12:39094041_C_CT	12:34830672_T_A
12:39094041_C_CT	12:34830714_T_C
12:39094041_C_CT	12:34832311_A_G
12:39094041_C_CT	12:34833222_T_G
12:39094041_C_CT	12:34835149_T_C
12:39094041_C_CT	12:34835837_A_G
12:39094041_C_CT	12:34838354_T_C
12:39094041_C_CT	12:34838819_A_C
12:39094041_C_CT	12:34839298_T_C
12:39094041_C_CT	12:34839934_T_C
12:39094041_C_CT	12:34840122_C_T
12:39094041_C_CT	12:34840661_G_A
12:39094041_C_CT	12:34841682_T_A
12:39094041_C_CT	12:34843083_C_T
12:39094041_C_CT	12:34843796_A_G
12:39094041_C_CT	12:34844807_A_G
12:39094041_C_CT	12:34844828_A_C
12:39094041_C_CT	12:34849243_T_G
12:39094041_C_CT	12:34849589_C_A
12:39094041_C_CT	12:34849927_A_G
12:39094041_C_CT	12:34851623_A_G
12:39094041_C_CT	12:34852505_G_A
12:39094041_C_CT	12:37857684_T_C
12:39094041_C_CT	12:37858157_C_T
12:39094041_C_CT	12:37858731_C_A
12:39094041_C_CT	12:37862142_C_G
12:39094041_C_CT	12:37864339_A_G
12:39094041_C_CT	12:37864924_C_T
12:39094041_C_CT	12:37865370_C_T
12:39094041_C_CT	12:37867775_C_A
12:39094041_C_CT	12:37872970_T_C
12:39094041_C_CT	12:37873505_G_A
12:39094041_C_CT	12:37881713_C_T
12:39094041_C_CT	12:37882982_T_C
12:39094041_C_CT	12:37883219_T_TG
12:39094041_C_CT	12:37884326_A_T
12:39094041_C_CT	12:37889564_T_C
12:39094041_C_CT	12:37893380_G_A
12:39094041_C_CT	12:37893997_C_T
12:39094041_C_CT	12:37895003_G_A
12:39094041_C_CT	12:37896288_A_T
12:39094041_C_CT	12:37899483_A_T
12:39094041_C_CT	12:37903171_C_T
12:39094041_C_CT	12:37906223_G_A
12:39094041_C_CT	12:37906912_A_T
12:39094041_C_CT	12:37908617_C_T
12:39094041_C_CT	12:37910703_C_T
12:39094041_C_CT	12:37911626_A_G
12:39094041_C_CT	12:37911717_TAA_T
12:39094041_C_CT	12:37912167_TAA_T
12:39094041_C_CT	12:37912960_C_CAT
12:39094041_C_CT	12:37917712_G_A
12:39094041_C_CT	12:37919205_CA_C
12:39094041_C_CT	12:37919367_T_C
12:39094041_C_CT	12:37919611_C_T
12:39094041_C_CT	12:37921214_C_T
12:39094041_C_CT	12:37925164_C_G
12:39094041_C_CT	12:37926019_T_C
12:39094041_C_CT	12:37926452_C_T
12:39094041_C_CT	12:37927114_C_T
12:39094041_C_CT	12:37930102_A_G
12:39094041_C_CT	12:37931277_A_G
12:39094041_C_CT	12:37931395_T_C
12:39094041_C_CT	12:37931879_A_G
12:39094041_C_CT	12:37932990_T_C
12:39094041_C_CT	12:37933752_G_GTGTT
12:39094041_C_CT	12:37934660_G_A
12:39094041_C_CT	12:37935285_G_A
12:39094041_C_CT	12:37935337_C_T
12:39094041_C_CT	12:37937774_C_A
12:39094041_C_CT	12:37938568_G_A
12:39094041_C_CT	12:37939105_G_A
12:39094041_C_CT	12:37939652_C_A
12:39094041_C_CT	12:37940573_G_A
12:39094041_C_CT	12:37941053_A_G
12:39094041_C_CT	12:37944360_G_GA
12:39094041_C_CT	12:37945215_A_G
12:39094041_C_CT	12:37946120_C_A
12:39094041_C_CT	12:37947022_A_G
12:39094041_C_CT	12:37950591_A_G
12:39094041_C_CT	12:37952473_C_G
12:39094041_C_CT	12:37953629_A_G
12:39094041_C_CT	12:37953771_C_T
12:39094041_C_CT	12:37953919_C_A
12:39094041_C_CT	12:37955742_G_A
12:39094041_C_CT	12:37956611_G_A
12:39094041_C_CT	12:37957956_C_A
12:39094041_C_CT	12:37959756_C_CT
12:39094041_C_CT	12:37961304_T_C
12:39094041_C_CT	12:37962818_G_A
12:39094041_C_CT	12:37965292_G_A
12:39094041_C_CT	12:37966432_C_T
12:39094041_C_CT	12:37969625_T_C
12:39094041_C_CT	12:37969785_C_T
12:39094041_C_CT	12:37969858_T_C
12:39094041_C_CT	12:37976643_C_G
12:39094041_C_CT	12:37978915_A_T
12:39094041_C_CT	12:37979796_AT_A
12:39094041_C_CT	12:37979913_T_C
12:39094041_C_CT	12:37980047_T_C
12:39094041_C_CT	12:37980230_C_T
12:39094041_C_CT	12:37981448_C_A
12:39094041_C_CT	12:37985489_C_T
12:39094041_C_CT	12:37986081_G_A
12:39094041_C_CT	12:37986397_C_T
12:39094041_C_CT	12:37987428_A_G
12:39094041_C_CT	12:37989468_C_A
12:39094041_C_CT	12:37989629_T_C
12:39094041_C_CT	12:37990767_A_G
12:39094041_C_CT	12:37990931_T_C
12:39094041_C_CT	12:37991087_G_A
12:39094041_C_CT	12:37991170_T_C
12:39094041_C_CT	12:37995364_G_T
12:39094041_C_CT	12:37995530_G_A
12:39094041_C_CT	12:37996398_T_C
12:39094041_C_CT	12:37998007_T_G
12:39094041_C_CT	12:38000749_A_G
12:39094041_C_CT	12:38005706_G_A
12:39094041_C_CT	12:38007351_A_C
12:39094041_C_CT	12:38009797_G_A
12:39094041_C_CT	12:38010086_T_A
12:39094041_C_CT	12:38010089_C_T
12:39094041_C_CT	12:38018831_G_A
12:39094041_C_CT	12:38020675_A_C
12:39094041_C_CT	12:38020902_C_T
12:39094041_C_CT	12:38021345_A_G
12:39094041_C_CT	12:38021349_G_A
12:39094041_C_CT	12:38021380_C_T
12:39094041_C_CT	12:38021722_C_T
12:39094041_C_CT	12:38023090_A_G
12:39094041_C_CT	12:38024566_A_G
12:39094041_C_CT	12:38025450_T_C
12:39094041_C_CT	12:38026033_A_T
12:39094041_C_CT	12:38026904_C_T
12:39094041_C_CT	12:38027724_G_A
12:39094041_C_CT	12:38028638_A_AT
12:39094041_C_CT	12:38028952_G_A
12:39094041_C_CT	12:38030824_C_T
12:39094041_C_CT	12:38032721_A_G
12:39094041_C_CT	12:38036494_C_T
12:39094041_C_CT	12:38037115_C_T
12:39094041_C_CT	12:38038517_G_T
12:39094041_C_CT	12:38039405_G_A
12:39094041_C_CT	12:38041744_A_G
12:39094041_C_CT	12:38043126_T_A
12:39094041_C_CT	12:38043327_A_C
12:39094041_C_CT	12:38043414_G_T
12:39094041_C_CT	12:38048800_G_A
12:39094041_C_CT	12:38055063_C_T
12:39094041_C_CT	12:38055231_A_G
12:39094041_C_CT	12:38055547_C_T
12:39094041_C_CT	12:38057272_C_T
12:39094041_C_CT	12:38058342_G_A
12:39094041_C_CT	12:38060505_A_G
12:39094041_C_CT	12:38069819_T_C
12:39094041_C_CT	12:38070042_C_A
12:39094041_C_CT	12:38072614_A_G
12:39094041_C_CT	12:38077276_T_C
12:39094041_C_CT	12:38079732_T_C
12:39094041_C_CT	12:38094484_A_C
12:39094041_C_CT	12:38113311_A_G
12:39094041_C_CT	12:38113578_C_T
12:39094041_C_CT	12:38118144_T_C
12:39094041_C_CT	12:38158851_G_A
12:39094041_C_CT	12:38214035_T_A
12:39094041_C_CT	12:38214611_T_C
12:39094041_C_CT	12:38220405_T_A
12:39094041_C_CT	12:38220966_T_C
12:39094041_C_CT	12:38234397_A_G
12:39094041_C_CT	12:38238936_A_G
12:39094041_C_CT	12:38239101_T_C
12:39094041_C_CT	12:38241956_T_C
12:39094041_C_CT	12:38242843_A_G
12:39094041_C_CT	12:38251397_T_C
12:39094041_C_CT	12:38271203_T_C
12:39094041_C_CT	12:38273895_G_T
12:39094041_C_CT	12:38274760_T_G
12:39094041_C_CT	12:38277084_C_T
12:39094041_C_CT	12:38280140_C_T
12:39094041_C_CT	12:38282160_C_T
12:39094041_C_CT	12:38284001_G_T
12:39094041_C_CT	12:38287014_A_G
12:39094041_C_CT	12:38293584_A_G
12:39094041_C_CT	12:38295673_G_A
12:39094041_C_CT	12:38299029_T_C
12:39094041_C_CT	12:38301461_A_C
12:39094041_C_CT	12:38316537_A_C
12:39094041_C_CT	12:38321162_A_G
12:39094041_C_CT	12:38322083_C_A
12:39094041_C_CT	12:38322271_G_T
12:39094041_C_CT	12:38332019_T_G
12:39094041_C_CT	12:38332297_A_C
12:39094041_C_CT	12:38334909_T_C
12:39094041_C_CT	12:38339768_T_C
12:39094041_C_CT	12:38356957_C_G
12:39094041_C_CT	12:38361657_G_A
12:39094041_C_CT	12:38376000_A_G
12:39094041_C_CT	12:38378831_T_C
12:39094041_C_CT	12:38419575_C_CCA
12:39094041_C_CT	12:38668242_T_TTTTTC
12:39094041_C_CT	12:38806894_T_C
12:39094041_C_CT	12:38820060_AG_A
12:39094041_C_CT	12:38864110_TGACC_T
12:39094041_C_CT	12:38869473_A_C
12:39094041_C_CT	12:38896675_T_C
12:39094041_C_CT	12:38898050_T_C
12:39094041_C_CT	12:38898853_G_A
12:39094041_C_CT	12:38902001_T_C
12:39094041_C_CT	12:38907613_A_G
12:39094041_C_CT	12:38909937_T_C
12:39094041_C_CT	12:38919869_A_G
12:39094041_C_CT	12:38921000_A_T
12:39094041_C_CT	12:38925682_G_A
12:39094041_C_CT	12:38926460_T_C
12:39094041_C_CT	12:38927933_A_G
12:39094041_C_CT	12:38928271_G_A
12:39094041_C_CT	12:38932315_C_T
12:39094041_C_CT	12:38934156_T_C
12:39094041_C_CT	12:38935859_G_A
12:39094041_C_CT	12:38939307_A_G
12:39094041_C_CT	12:38945419_C_T
12:39094041_C_CT	12:38946793_A_AG
12:39094041_C_CT	12:38948974_C_T
12:39094041_C_CT	12:38949080_A_G
12:39094041_C_CT	12:38951724_T_A
12:39094041_C_CT	12:38955721_C_G
12:39094041_C_CT	12:38955722_A_C
12:39094041_C_CT	12:38958206_C_G
12:39094041_C_CT	12:38959053_T_G
12:39094041_C_CT	12:38968139_G_A
12:39094041_C_CT	12:38969789_C_T
12:39094041_C_CT	12:38973113_G_T
12:39094041_C_CT	12:38973449_G_T
12:39094041_C_CT	12:38977906_A_T
12:39094041_C_CT	12:38979528_T_C
12:39094041_C_CT	12:38979563_A_G
12:39094041_C_CT	12:38987300_T_C
12:39094041_C_CT	12:38992459_T_C
12:39094041_C_CT	12:39005850_G_A
12:39094041_C_CT	12:39021126_C_G
12:39094041_C_CT	12:39028625_T_C
12:39094041_C_CT	12:39033391_CA_C
12:39094041_C_CT	12:39033723_A_G
12:39094041_C_CT	12:39033910_T_C
12:39094041_C_CT	12:39034777_T_G
12:39094041_C_CT	12:39036013_A_G
12:39094041_C_CT	12:39036161_G_C
12:39094041_C_CT	12:39053011_A_C
12:39094041_C_CT	12:39073290_T_G
12:39094041_C_CT	12:39075187_T_C
12:39094041_C_CT	12:39085197_T_A
12:39094041_C_CT	12:39085869_G_A
12:39094041_C_CT	12:39087050_T_A
12:39094041_C_CT	12:39087051_C_T
12:39094041_C_CT	12:39089223_C_T
12:39094041_C_CT	12:39095720_A_C
12:39094041_C_CT	12:39097312_G_T
12:39094041_C_CT	12:39097377_C_T
12:39094041_C_CT	12:39100040_A_T
12:39094041_C_CT	12:39100865_C_T
12:39094041_C_CT	12:39107269_T_A
12:39094041_C_CT	12:39108043_C_T
12:39094041_C_CT	12:39108550_T_C
12:39094041_C_CT	12:39110364_T_C
12:39094041_C_CT	12:39110883_T_C
12:39094041_C_CT	12:39111148_T_C
12:39094041_C_CT	12:39114259_A_G
12:39094041_C_CT	12:39114669_C_T
12:39094041_C_CT	12:39120862_A_C
12:39094041_C_CT	12:39132637_A_G
12:39094041_C_CT	12:39135803_G_A
12:39094041_C_CT	12:39137756_A_G
12:39094041_C_CT	12:39138981_G_A
12:39094041_C_CT	12:39140108_CA_C
12:39094041_C_CT	12:39141472_G_C
12:39094041_C_CT	12:39141587_C_T
12:39094041_C_CT	12:39144658_G_A
12:39094041_C_CT	12:39145497_T_TA
12:39094041_C_CT	12:39148654_T_C
12:39094041_C_CT	12:39151648_CCAAA_C
12:39094041_C_CT	12:39152012_C_T
12:39094041_C_CT	12:39157077_G_A
12:39094041_C_CT	12:39159441_G_A
12:39094041_C_CT	12:39171558_G_A
12:39094041_C_CT	12:39173474_A_C
12:39094041_C_CT	12:39182572_T_C
12:39094041_C_CT	12:39185813_T_TAA
12:39094041_C_CT	12:39188452_TAA_T
12:39094041_C_CT	12:39190619_C_T
12:39094041_C_CT	12:39190664_C_T
12:39094041_C_CT	12:39193123_C_A
12:39094041_C_CT	12:39193125_C_G
12:39094041_C_CT	12:39193865_G_A
12:39094041_C_CT	12:39200909_C_A
12:39094041_C_CT	12:39201612_C_G
12:39094041_C_CT	12:39202118_C_T
12:39094041_C_CT	12:39202313_C_T
12:39094041_C_CT	12:39202576_A_T
12:39094041_C_CT	12:39205600_T_C
12:39094041_C_CT	12:39215310_T_C
12:39094041_C_CT	12:39244886_C_T
12:39094041_C_CT	12:39257281_G_C
12:39094041_C_CT	12:39330770_C_G
12:39094041_C_CT	12:39419258_A_G
12:39094041_C_CT	12:42210173_C_A
12:39094041_C_CT	12:43320491_A_G
5:153729631_A_G	5:148387612_A_G
5:153729631_A_G	5:148388961_CTA_C
5:153729631_A_G	5:148389608_G_C
5:153729631_A_G	5:148389763_G_A
5:153729631_A_G	5:148396467_A_G
5:153729631_A_G	5:148403890_A_G
5:153729631_A_G	5:149521238_G_A
5:153729631_A_G	5:151226697_G_A
5:153729631_A_G	5:151344961_C_T
5:153729631_A_G	5:151992655_C_T
5:153729631_A_G	5:151998491_G_C
5:153729631_A_G	5:152180918_C_T
5:153729631_A_G	5:152210177_G_A
5:153729631_A_G	5:152232974_C_T
5:153729631_A_G	5:153285859_G_C
5:153729631_A_G	5:153707643_G_GA
5:153729631_A_G	5:153727937_G_A
5:153729631_A_G	5:153728465_G_C
5:153729631_A_G	5:153729217_A_G
5:153729631_A_G	5:153733929_C_T
2:10138779_C_T	2:3723464_G_A
2:10138779_C_T	2:5651813_C_A
2:10138779_C_T	2:6394659_T_C
2:10138779_C_T	2:10026248_G_GC
2:10138779_C_T	2:10044543_C_A
2:10138779_C_T	2:10058576_T_C
2:10138779_C_T	2:10080880_T_C
2:10138779_C_T	2:10082194_A_AC
2:10138779_C_T	2:10118977_T_G
2:10138779_C_T	2:10119616_A_C
2:10138779_C_T	2:10124459_G_C
2:10138779_C_T	2:10126751_C_G
2:10138779_C_T	2:10134397_T_C
2:10138779_C_T	2:10138552_A_G
2:10138779_C_T	2:10139764_T_C
2:10138779_C_T	2:10142073_T_C
2:10138779_C_T	2:12297974_C_T
2:10138779_C_T	2:12298013_T_C
2:10138779_C_T	2:12298999_T_G
2:10138779_C_T	2:12299459_T_C
2:10138779_C_T	2:12301031_T_C
2:10138779_C_T	2:12301060_G_T
2:10138779_C_T	2:12303589_G_A
2:10138779_C_T	2:12304753_T_C
2:10138779_C_T	2:12305023_G_C
2:10138779_C_T	2:12305166_T_G
2:10138779_C_T	2:12305222_C_T
2:10138779_C_T	2:12306069_A_G
2:10138779_C_T	2:12306085_C_CAAA
2:10138779_C_T	2:12306112_T_A
2:10138779_C_T	2:12312436_A_C
2:10138779_C_T	2:12388506_T_C
2:10138779_C_T	2:12388809_G_A
2:10138779_C_T	2:12389020_C_T
2:10138779_C_T	2:18851257_A_G
2:10138779_C_T	2:18855338_T_G
6:131929309_A_AC	6:131182997_G_A
6:131929309_A_AC	6:131421692_C_T
6:131929309_A_AC	6:131859814_T_C
6:131929309_A_AC	6:131868219_A_G
6:131929309_A_AC	6:131868270_A_G
6:131929309_A_AC	6:131868872_G_A
6:131929309_A_AC	6:131873703_T_C
6:131929309_A_AC	6:131873735_C_T
6:131929309_A_AC	6:131874386_G_GC
6:131929309_A_AC	6:131875644_T_C
6:131929309_A_AC	6:131876162_C_T
6:131929309_A_AC	6:131876200_G_T
6:131929309_A_AC	6:131876297_T_G
6:131929309_A_AC	6:131876589_G_A
6:131929309_A_AC	6:131876637_A_G
6:131929309_A_AC	6:131876721_A_G
6:131929309_A_AC	6:131876943_A_G
6:131929309_A_AC	6:131877116_A_G
6:131929309_A_AC	6:131877233_C_T
6:131929309_A_AC	6:131877661_T_C
6:131929309_A_AC	6:131877966_G_GC
6:131929309_A_AC	6:131878175_T_C
6:131929309_A_AC	6:131879281_G_A
6:131929309_A_AC	6:131879715_G_GAAA
6:131929309_A_AC	6:131885614_TA_T
6:131929309_A_AC	6:131911655_A_T
6:131929309_A_AC	6:131914564_T_A
6:131929309_A_AC	6:131922178_CT_C
6:131929309_A_AC	6:131927007_C_G
6:131929309_A_AC	6:131928008_G_T
6:131929309_A_AC	6:131929751_T_G
6:131929309_A_AC	6:131934989_T_C
6:131929309_A_AC	6:131935406_T_C
6:131929309_A_AC	6:131940890_A_C
6:131929309_A_AC	6:131950233_T_G
6:131929309_A_AC	6:131950487_G_C
6:131929309_A_AC	6:131954797_T_G
6:131929309_A_AC	6:132868833_G_T
6:131929309_A_AC	6:136566955_G_A
6:131929309_A_AC	6:137816163_C_T
6:131929309_A_AC	6:137817749_G_A
6:131929309_A_AC	6:139313806_G_A
2:39110078_G_A	2:34801863_G_C
2:39110078_G_A	2:37046432_G_A
2:39110078_G_A	2:37048617_A_T
2:39110078_G_A	2:37048951_C_G
2:39110078_G_A	2:37051517_C_T
2:39110078_G_A	2:37052258_C_G
2:39110078_G_A	2:37052835_G_A
2:39110078_G_A	2:37053009_GC_G
2:39110078_G_A	2:37053066_C_T
2:39110078_G_A	2:37053209_G_C
2:39110078_G_A	2:37053444_T_C
2:39110078_G_A	2:37053762_C_T
2:39110078_G_A	2:37053853_C_T
2:39110078_G_A	2:37054079_C_T
2:39110078_G_A	2:37054643_C_T
2:39110078_G_A	2:37054683_A_C
2:39110078_G_A	2:37054773_G_C
2:39110078_G_A	2:37055107_T_C
2:39110078_G_A	2:37055970_T_C
2:39110078_G_A	2:37056430_T_G
2:39110078_G_A	2:37057021_T_C
2:39110078_G_A	2:37058038_TC_T
2:39110078_G_A	2:37059658_G_C
2:39110078_G_A	2:37059868_T_A
2:39110078_G_A	2:37061780_T_C
2:39110078_G_A	2:37063151_T_C
2:39110078_G_A	2:37063227_AG_A
2:39110078_G_A	2:37065004_C_T
2:39110078_G_A	2:37065320_G_A
2:39110078_G_A	2:37065692_C_T
2:39110078_G_A	2:37067499_C_T
2:39110078_G_A	2:37068272_C_A
2:39110078_G_A	2:37069320_C_T
2:39110078_G_A	2:37069885_A_G
2:39110078_G_A	2:37072266_C_G
2:39110078_G_A	2:37074951_G_A
2:39110078_G_A	2:37075397_T_G
2:39110078_G_A	2:37077176_G_A
2:39110078_G_A	2:37077459_A_C
2:39110078_G_A	2:37080299_C_CA
2:39110078_G_A	2:37083131_A_C
2:39110078_G_A	2:37084369_T_C
2:39110078_G_A	2:37085940_C_G
2:39110078_G_A	2:37087030_T_A
2:39110078_G_A	2:37089107_C_G
2:39110078_G_A	2:37089441_G_C
2:39110078_G_A	2:37091479_C_A
2:39110078_G_A	2:37093724_C_T
2:39110078_G_A	2:37094391_T_C
2:39110078_G_A	2:37094502_C_A
2:39110078_G_A	2:37094804_C_T
2:39110078_G_A	2:37095206_T_C
2:39110078_G_A	2:37095794_C_T
2:39110078_G_A	2:37095895_T_C
2:39110078_G_A	2:37095947_C_A
2:39110078_G_A	2:37096258_C_A
2:39110078_G_A	2:37096401_T_C
2:39110078_G_A	2:37096970_C_T
2:39110078_G_A	2:37099470_C_T
2:39110078_G_A	2:37100205_GGGCTCAGTAA_G
2:39110078_G_A	2:37100634_C_G
2:39110078_G_A	2:37101190_A_C
2:39110078_G_A	2:37102675_T_C
2:39110078_G_A	2:37102715_C_T
2:39110078_G_A	2:37103063_G_A
2:39110078_G_A	2:37103107_AT_A
2:39110078_G_A	2:37104019_T_C
2:39110078_G_A	2:37106458_C_A
2:39110078_G_A	2:37108211_A_AAAAAC
2:39110078_G_A	2:37109424_T_C
2:39110078_G_A	2:37109744_T_C
2:39110078_G_A	2:37112358_C_T
2:39110078_G_A	2:37114510_G_A
2:39110078_G_A	2:37116413_G_A
2:39110078_G_A	2:37116611_A_AG
2:39110078_G_A	2:37119351_C_T
2:39110078_G_A	2:37120454_C_A
2:39110078_G_A	2:37120586_A_AT
2:39110078_G_A	2:37120797_G_A
2:39110078_G_A	2:37121894_T_C
2:39110078_G_A	2:37122198_C_T
2:39110078_G_A	2:37123137_A_G
2:39110078_G_A	2:37124265_A_G
2:39110078_G_A	2:37124473_G_T
2:39110078_G_A	2:37125442_G_C
2:39110078_G_A	2:37125493_G_A
2:39110078_G_A	2:37127275_G_T
2:39110078_G_A	2:37128817_T_A
2:39110078_G_A	2:37129121_A_T
2:39110078_G_A	2:37130724_A_G
2:39110078_G_A	2:37131546_G_C
2:39110078_G_A	2:37131890_G_C
2:39110078_G_A	2:37132175_C_T
2:39110078_G_A	2:37133837_A_G
2:39110078_G_A	2:37134285_G_A
2:39110078_G_A	2:37135103_C_T
2:39110078_G_A	2:37137304_G_A
2:39110078_G_A	2:37137395_C_T
2:39110078_G_A	2:37144681_G_GA
2:39110078_G_A	2:37146764_A_G
2:39110078_G_A	2:37146824_C_T
2:39110078_G_A	2:37150215_G_T
2:39110078_G_A	2:37152372_A_C
2:39110078_G_A	2:37152425_T_C
2:39110078_G_A	2:37156191_C_T
2:39110078_G_A	2:37159384_A_G
2:39110078_G_A	2:37159794_G_C
2:39110078_G_A	2:37161026_G_A
2:39110078_G_A	2:37164502_G_A
2:39110078_G_A	2:37164743_T_G
2:39110078_G_A	2:37166475_C_A
2:39110078_G_A	2:37166989_A_G
2:39110078_G_A	2:37167442_T_C
2:39110078_G_A	2:37167497_A_G
2:39110078_G_A	2:37167746_G_A
2:39110078_G_A	2:37167948_G_C
2:39110078_G_A	2:37168859_ATTTT_A
2:39110078_G_A	2:37171638_C_A
2:39110078_G_A	2:37173721_C_T
2:39110078_G_A	2:37178623_G_C
2:39110078_G_A	2:37179049_G_C
2:39110078_G_A	2:37185722_T_A
2:39110078_G_A	2:37187793_A_C
2:39110078_G_A	2:37188428_AT_A
2:39110078_G_A	2:37188433_T_A
2:39110078_G_A	2:37190025_G_A
2:39110078_G_A	2:37190392_G_C
2:39110078_G_A	2:37190574_T_C
2:39110078_G_A	2:37190695_A_G
2:39110078_G_A	2:37192250_CTCT_C
2:39110078_G_A	2:37198527_A_G
2:39110078_G_A	2:37208479_G_A
2:39110078_G_A	2:37215138_G_C
2:39110078_G_A	2:37217563_TG_T
2:39110078_G_A	2:37223886_C_T
2:39110078_G_A	2:37224424_C_T
2:39110078_G_A	2:37233280_TA_T
2:39110078_G_A	2:37234587_A_G
2:39110078_G_A	2:37236916_G_A
2:39110078_G_A	2:37236925_T_C
2:39110078_G_A	2:37240189_AAAC_A
2:39110078_G_A	2:37244503_TAC_T
2:39110078_G_A	2:37244522_G_A
2:39110078_G_A	2:37245338_TA_T
2:39110078_G_A	2:37245503_T_C
2:39110078_G_A	2:37246172_G_A
2:39110078_G_A	2:37246815_A_AT
2:39110078_G_A	2:37249106_C_T
2:39110078_G_A	2:37252852_G_C
2:39110078_G_A	2:37253323_T_G
2:39110078_G_A	2:37254003_G_A
2:39110078_G_A	2:37260312_G_A
2:39110078_G_A	2:37269040_A_G
2:39110078_G_A	2:37274325_A_T
2:39110078_G_A	2:37274329_A_T
2:39110078_G_A	2:37276030_G_C
2:39110078_G_A	2:37382744_C_A
2:39110078_G_A	2:38133608_A_G
2:39110078_G_A	2:39097424_G_C
2:39110078_G_A	2:39101764_G_A
2:39110078_G_A	2:39177772_G_A
2:39110078_G_A	2:39230220_G_A
2:39110078_G_A	2:39301885_G_A
2:39110078_G_A	2:39308163_C_CA
2:39110078_G_A	2:39317996_TTTG_T
2:39110078_G_A	2:39364187_G_A
2:39110078_G_A	2:39709965_G_A
2:39110078_G_A	2:39728667_C_A
2:39110078_G_A	2:39729948_C_A
2:39110078_G_A	2:39735813_A_G
2:39110078_G_A	2:40400312_A_G
2:39110078_G_A	2:44391735_C_T
2:39110078_G_A	2:45154662_C_T
2:39110078_G_A	2:45220524_T_TTTAGTC
2:39110078_G_A	2:47513587_G_GAC
1:114003159_C_T	1:106023539_C_T
1:114003159_C_T	1:106025543_G_T
1:114003159_C_T	1:106028849_C_T
1:114003159_C_T	1:106029272_G_A
1:114003159_C_T	1:106029596_G_T
1:114003159_C_T	1:106030345_A_C
1:114003159_C_T	1:106030628_G_A
1:114003159_C_T	1:106030955_G_A
1:114003159_C_T	1:106037595_G_T
1:114003159_C_T	1:106038183_C_T
1:114003159_C_T	1:106038186_T_C
1:114003159_C_T	1:106038424_G_T
1:114003159_C_T	1:106039355_C_T
1:114003159_C_T	1:106040217_C_G
1:114003159_C_T	1:106041990_C_A
1:114003159_C_T	1:106044364_G_C
1:114003159_C_T	1:106044766_C_A
1:114003159_C_T	1:106044889_G_T
1:114003159_C_T	1:106045216_C_T
1:114003159_C_T	1:106046411_G_T
1:114003159_C_T	1:106046428_A_T
1:114003159_C_T	1:106046669_C_G
1:114003159_C_T	1:106051773_T_C
1:114003159_C_T	1:106054333_G_C
1:114003159_C_T	1:106064959_G_A
1:114003159_C_T	1:106069244_T_C
1:114003159_C_T	1:106075238_G_T
1:114003159_C_T	1:113252614_C_A
1:114003159_C_T	1:113590993_C_T
1:114003159_C_T	1:113653257_G_C
1:114003159_C_T	1:113828836_A_G
1:114003159_C_T	1:113833086_A_T
1:114003159_C_T	1:113839805_C_T
1:114003159_C_T	1:113841821_C_CAT
1:114003159_C_T	1:113842736_TGACA_T
1:114003159_C_T	1:113848334_C_A
1:114003159_C_T	1:113856853_G_A
1:114003159_C_T	1:113860779_C_A
1:114003159_C_T	1:113888678_C_T
1:114003159_C_T	1:113932279_G_T
1:114003159_C_T	1:114093340_T_G
1:114003159_C_T	1:114285860_T_A
1:114003159_C_T	1:114482338_C_T
1:114003159_C_T	1:117385588_C_CT
1:114003159_C_T	1:117422458_G_A
1:114003159_C_T	1:117435020_C_T
1:114003159_C_T	1:118136861_G_A
11:8319224_A_C	11:5090409_G_T
11:8319224_A_C	11:5090513_A_G
11:8319224_A_C	11:5091882_A_G
11:8319224_A_C	11:7461317_C_G
11:8319224_A_C	11:8313817_G_A
11:8319224_A_C	11:8314155_C_A
11:8319224_A_C	11:8314320_G_T
11:8319224_A_C	11:8314564_AAGAGAG_A
11:8319224_A_C	11:8320592_G_A
11:8319224_A_C	11:8323589_C_A
11:8319224_A_C	11:8328066_T_C
11:8319224_A_C	11:8328097_G_A
11:8319224_A_C	11:8328241_T_C
11:8319224_A_C	11:8328264_A_C
11:8319224_A_C	11:8328360_C_T
11:8319224_A_C	11:8328382_C_T
11:8319224_A_C	11:8328634_C_G
11:8319224_A_C	11:8328654_T_C
11:8319224_A_C	11:8328980_CA_C
11:8319224_A_C	11:8329132_C_T
11:8319224_A_C	11:8329193_C_T
11:8319224_A_C	11:8329331_C_T
11:8319224_A_C	11:8329840_T_C
11:8319224_A_C	11:8329943_C_T
11:8319224_A_C	11:8330401_TAGA_T
11:8319224_A_C	11:11095741_T_C
11:8319224_A_C	11:14683001_G_A
11:8319224_A_C	11:14685343_T_A
11:8319224_A_C	11:14686075_TAAAG_T
11:8319224_A_C	11:14686743_T_G
11:8319224_A_C	11:14694463_CT_C
11:8319224_A_C	11:14695046_A_G
11:8319224_A_C	11:14709324_A_G
11:8319224_A_C	11:14709706_C_CCT
11:8319224_A_C	11:14733923_G_A
11:8319224_A_C	11:14747427_C_A
11:8319224_A_C	11:14749407_T_TA
11:8319224_A_C	11:14749849_C_T
11:8319224_A_C	11:14750451_C_G
11:8319224_A_C	11:14757737_C_A
11:8319224_A_C	11:14760940_GCT_G
11:8319224_A_C	11:14764684_C_T
11:8319224_A_C	11:14769392_G_A
11:8319224_A_C	11:14774591_A_G
11:8319224_A_C	11:14780264_G_A
11:8319224_A_C	11:14788963_A_G
11:8319224_A_C	11:14790889_G_A
11:8319224_A_C	11:14804871_C_T
11:8319224_A_C	11:14811686_A_G
11:8319224_A_C	11:14828261_C_T
11:8319224_A_C	11:14837972_A_AT
11:8319224_A_C	11:14841778_C_CT
11:8319224_A_C	11:14846873_A_G
11:8319224_A_C	11:14856991_A_T
11:8319224_A_C	11:14921880_G_A
11:8319224_A_C	11:14930225_TTCTAAG_T
11:8319224_A_C	11:16003037_TATAA_T
11:8319224_A_C	11:17047741_G_T
8:61725393_G_C	8:51800393_G_A
8:61725393_G_C	8:51811511_G_A
8:61725393_G_C	8:51818616_C_T
8:61725393_G_C	8:51822921_C_A
8:61725393_G_C	8:51843061_T_C
8:61725393_G_C	8:51849770_T_TA
8:61725393_G_C	8:51896938_C_A
8:61725393_G_C	8:51897073_A_G
8:61725393_G_C	8:51898660_A_G
8:61725393_G_C	8:51900600_T_C
8:61725393_G_C	8:51900759_T_C
8:61725393_G_C	8:51900976_C_T
8:61725393_G_C	8:51902707_T_G
8:61725393_G_C	8:51904747_A_C
8:61725393_G_C	8:51908366_G_A
8:61725393_G_C	8:51908988_A_C
8:61725393_G_C	8:51909244_T_C
8:61725393_G_C	8:52667603_C_T
8:61725393_G_C	8:54501779_G_T
8:61725393_G_C	8:54502863_A_T
8:61725393_G_C	8:54509761_C_T
8:61725393_G_C	8:54581872_CA_C
8:61725393_G_C	8:55904878_AT_A
8:61725393_G_C	8:57835489_C_T
8:61725393_G_C	8:57838546_C_G
8:61725393_G_C	8:60518266_G_A
8:61725393_G_C	8:61354525_T_C
8:61725393_G_C	8:61500733_T_C
8:61725393_G_C	8:61548326_C_G
8:61725393_G_C	8:61591436_C_T
8:61725393_G_C	8:61596652_G_T
8:61725393_G_C	8:61607457_A_G
8:61725393_G_C	8:61625240_C_A
8:61725393_G_C	8:61646204_C_T
8:61725393_G_C	8:61663266_G_C
8:61725393_G_C	8:61667280_C_G
8:61725393_G_C	8:61671071_G_A
8:61725393_G_C	8:61690664_A_AG
8:61725393_G_C	8:61776840_G_A
8:61725393_G_C	8:62114626_G_C
8:61725393_G_C	8:62121377_C_G
8:61725393_G_C	8:62147250_C_G
8:61725393_G_C	8:63275737_G_A
8:61725393_G_C	8:63275986_G_A
8:61725393_G_C	8:63307559_C_G
8:61725393_G_C	8:63309847_A_G
8:61725393_G_C	8:63309918_T_TTTAAA
8:61725393_G_C	8:63310767_A_C
8:61725393_G_C	8:63311167_C_G
8:61725393_G_C	8:63312006_G_A
8:61725393_G_C	8:63312369_A_G
8:61725393_G_C	8:63313292_T_A
8:61725393_G_C	8:63315353_G_C
8:61725393_G_C	8:63315629_T_C
8:61725393_G_C	8:63317378_C_CAGA
8:61725393_G_C	8:63317717_C_T
8:61725393_G_C	8:63321897_C_A
8:61725393_G_C	8:63328678_G_A
8:61725393_G_C	8:63330232_G_A
8:61725393_G_C	8:63335905_T_C
8:61725393_G_C	8:63337595_C_A
8:61725393_G_C	8:63339639_C_T
8:61725393_G_C	8:63340734_A_C
8:61725393_G_C	8:63341856_G_C
8:61725393_G_C	8:63342925_GGT_G
8:61725393_G_C	8:63345506_C_T
8:61725393_G_C	8:63346634_T_C
8:61725393_G_C	8:63349714_A_AT
8:61725393_G_C	8:63349959_C_A
8:61725393_G_C	8:63353181_A_G
8:61725393_G_C	8:63353261_A_AT
8:61725393_G_C	8:63354207_G_A
8:61725393_G_C	8:63354881_C_A
8:61725393_G_C	8:63355235_T_A
8:61725393_G_C	8:63355280_T_A
8:61725393_G_C	8:63357342_T_C
8:61725393_G_C	8:63358824_C_T
8:61725393_G_C	8:63358921_C_T
8:61725393_G_C	8:63359328_T_TGTCAGAA
17:57927426_AT_A	17:57491479_CT_C
17:57927426_AT_A	17:57866165_T_TAA
17:57927426_AT_A	17:57875292_G_A
17:57927426_AT_A	17:57878509_G_A
17:57927426_AT_A	17:57879610_A_G
17:57927426_AT_A	17:57880274_AT_A
17:57927426_AT_A	17:57881310_A_AT
17:57927426_AT_A	17:57883646_T_C
17:57927426_AT_A	17:57884076_C_CA
17:57927426_AT_A	17:57889192_T_G
17:57927426_AT_A	17:57901652_G_A
17:57927426_AT_A	17:57906318_A_C
17:57927426_AT_A	17:57906576_TC_T
17:57927426_AT_A	17:57909373_A_G
17:57927426_AT_A	17:57909429_A_T
17:57927426_AT_A	17:57926391_GT_G
17:57927426_AT_A	17:57926911_T_C
17:57927426_AT_A	17:57928290_T_C
17:57927426_AT_A	17:57929535_A_G
17:57927426_AT_A	17:57930646_G_T
17:57927426_AT_A	17:57933508_A_G
17:57927426_AT_A	17:57933609_A_G
17:57927426_AT_A	17:57940003_T_C
17:57927426_AT_A	17:57944281_C_G
17:57927426_AT_A	17:57944903_TA_T
17:57927426_AT_A	17:57946179_G_A
17:57927426_AT_A	17:57950026_CAT_C
17:57927426_AT_A	17:57953233_G_C
17:57927426_AT_A	17:57953544_C_CT
17:57927426_AT_A	17:57955071_A_G
17:57927426_AT_A	17:57955166_C_T
17:57927426_AT_A	17:57959042_A_AT
17:57927426_AT_A	17:57959047_C_T
17:57927426_AT_A	17:57959068_A_G
17:57927426_AT_A	17:57959444_TC_T
17:57927426_AT_A	17:57961847_T_C
17:57927426_AT_A	17:57963923_G_A
17:57927426_AT_A	17:57967410_G_GGAGGCT
17:57927426_AT_A	17:57968729_ATCCACC_A
17:57927426_AT_A	17:57968737_CCACCTA_C
17:57927426_AT_A	17:57972601_A_T
17:57927426_AT_A	17:57975157_T_C
17:57927426_AT_A	17:57975275_A_G
17:57927426_AT_A	17:57978836_G_A
17:57927426_AT_A	17:57983559_T_C
17:57927426_AT_A	17:57984493_C_T
17:57927426_AT_A	17:57986204_T_C
17:57927426_AT_A	17:57986240_G_A
17:57927426_AT_A	17:57986256_A_G
17:57927426_AT_A	17:57986390_T_C
17:57927426_AT_A	17:57986975_C_T
17:57927426_AT_A	17:57989860_G_A
17:57927426_AT_A	17:57992343_A_C
17:57927426_AT_A	17:57992410_T_C
17:57927426_AT_A	17:57993161_A_T
17:57927426_AT_A	17:57995712_G_GTTTTA
17:57927426_AT_A	17:57996806_G_A
17:57927426_AT_A	17:57999440_T_C
17:57927426_AT_A	17:58001690_GA_G
17:57927426_AT_A	17:58003297_A_G
17:57927426_AT_A	17:58003594_G_A
17:57927426_AT_A	17:58005286_C_T
17:57927426_AT_A	17:58005749_C_CT
17:57927426_AT_A	17:58012768_C_CA
17:57927426_AT_A	17:58014277_C_T
17:57927426_AT_A	17:58015149_T_C
17:57927426_AT_A	17:58016271_G_A
17:57927426_AT_A	17:58024224_C_CAA
17:57927426_AT_A	17:58027870_T_TTTCA
17:57927426_AT_A	17:58028609_ACATT_A
17:57927426_AT_A	17:58031412_A_G
17:57927426_AT_A	17:58038893_C_T
17:57927426_AT_A	17:58040730_T_C
17:57927426_AT_A	17:58323778_T_A
17:57927426_AT_A	17:60269122_CT_C
10:43739063_G_C	10:35944785_A_T
10:43739063_G_C	10:35962712_T_G
10:43739063_G_C	10:35978547_G_A
10:43739063_G_C	10:43623812_C_T
10:43739063_G_C	10:43663327_A_T
10:43739063_G_C	10:43686956_G_A
10:43739063_G_C	10:43736316_A_G
10:43739063_G_C	10:43738332_C_G
10:43739063_G_C	10:43739176_C_T
10:43739063_G_C	10:43743088_C_CA
10:43739063_G_C	10:43745454_G_T
10:43739063_G_C	10:43746702_G_A
10:43739063_G_C	10:43748054_G_A
10:43739063_G_C	10:43748422_C_T
10:43739063_G_C	10:44015051_G_T
10:43739063_G_C	10:44829824_G_A
10:43739063_G_C	10:44836002_G_T
10:43739063_G_C	10:44842149_T_C
10:43739063_G_C	10:52521646_A_C
11:87666565_T_C	11:80932237_T_C
11:87666565_T_C	11:80932351_C_T
11:87666565_T_C	11:80932382_G_A
11:87666565_T_C	11:80932563_A_G
11:87666565_T_C	11:80932585_A_G
11:87666565_T_C	11:80944900_CAT_C
11:87666565_T_C	11:84657796_T_C
11:87666565_T_C	11:84680391_A_G
11:87666565_T_C	11:84681212_T_A
11:87666565_T_C	11:84681929_T_C
11:87666565_T_C	11:84681988_C_A
11:87666565_T_C	11:84682210_A_C
11:87666565_T_C	11:84683808_C_CA
11:87666565_T_C	11:84685265_C_T
11:87666565_T_C	11:84685653_T_C
11:87666565_T_C	11:84694253_C_G
11:87666565_T_C	11:84697424_C_G
11:87666565_T_C	11:84701977_T_C
11:87666565_T_C	11:84709584_C_G
11:87666565_T_C	11:84712484_G_A
11:87666565_T_C	11:84712619_T_C
11:87666565_T_C	11:84715959_G_A
11:87666565_T_C	11:84720053_A_T
11:87666565_T_C	11:84720828_A_G
11:87666565_T_C	11:84723106_C_T
11:87666565_T_C	11:84724795_T_C
11:87666565_T_C	11:84724809_C_A
11:87666565_T_C	11:84725828_C_T
11:87666565_T_C	11:84727421_A_T
11:87666565_T_C	11:84728902_C_T
11:87666565_T_C	11:84736617_T_C
11:87666565_T_C	11:84737788_G_C
11:87666565_T_C	11:84738631_A_T
11:87666565_T_C	11:84739784_G_C
11:87666565_T_C	11:84740236_C_CT
11:87666565_T_C	11:84740875_A_C
11:87666565_T_C	11:84742949_T_C
11:87666565_T_C	11:84743577_T_C
11:87666565_T_C	11:84762657_G_A
11:87666565_T_C	11:84764410_C_G
11:87666565_T_C	11:84773359_A_T
11:87666565_T_C	11:84791840_G_A
11:87666565_T_C	11:84804794_G_C
11:87666565_T_C	11:84808429_G_A
11:87666565_T_C	11:84810305_C_T
11:87666565_T_C	11:84811641_G_A
11:87666565_T_C	11:84812001_A_G
11:87666565_T_C	11:84812624_T_G
11:87666565_T_C	11:84812643_C_T
11:87666565_T_C	11:84815404_A_G
11:87666565_T_C	11:84816062_A_G
11:87666565_T_C	11:84819140_C_T
11:87666565_T_C	11:84825567_G_C
11:87666565_T_C	11:87278564_CAA_C
11:87666565_T_C	11:89171760_A_G
11:132813548_C_T	11:124746449_G_C
11:132813548_C_T	11:128363967_A_G
11:132813548_C_T	11:128365193_T_G
11:132813548_C_T	11:128365685_A_T
11:132813548_C_T	11:128366221_T_C
11:132813548_C_T	11:128369276_A_G
11:132813548_C_T	11:128372168_G_A
11:132813548_C_T	11:132807373_CAGAG_C
11:132813548_C_T	11:132811777_T_C
11:132813548_C_T	11:132828284_A_G
11:132813548_C_T	11:132844883_A_G
11:132813548_C_T	11:132865374_CTCCT_C
1:40384968_G_A	1:32273059_CAGAT_C
1:40384968_G_A	1:32283160_T_C
1:40384968_G_A	1:32283646_A_C
1:40384968_G_A	1:32284504_A_G
1:40384968_G_A	1:32284692_G_A
1:40384968_G_A	1:32285677_C_A
1:40384968_G_A	1:32288083_C_T
1:40384968_G_A	1:32292203_T_A
1:40384968_G_A	1:32295931_A_G
1:40384968_G_A	1:32296401_C_T
1:40384968_G_A	1:32300374_G_A
1:40384968_G_A	1:32301676_C_T
1:40384968_G_A	1:32307399_G_T
1:40384968_G_A	1:32309984_C_T
1:40384968_G_A	1:32311142_G_A
1:40384968_G_A	1:34847129_T_C
1:40384968_G_A	1:37405604_C_T
1:40384968_G_A	1:37939060_G_T
1:40384968_G_A	1:40370176_G_GT
1:40384968_G_A	1:40371303_C_T
1:40384968_G_A	1:40372928_AT_A
1:40384968_G_A	1:40375048_C_T
1:40384968_G_A	1:40379284_G_C
1:40384968_G_A	1:40379981_T_C
1:40384968_G_A	1:40385375_T_C
1:40384968_G_A	1:43104113_C_CT
1:40384968_G_A	1:43104909_CACACAGACAG_C
1:40384968_G_A	1:43106351_G_GGTCA
1:40384968_G_A	1:43234243_A_T
1:40384968_G_A	1:43249620_A_AGC
1:40384968_G_A	1:43251363_A_G
1:40384968_G_A	1:43265535_A_C
1:40384968_G_A	1:43265985_C_T
1:40384968_G_A	1:43267130_G_C
1:40384968_G_A	1:43270928_G_A
1:40384968_G_A	1:43273753_C_A
1:40384968_G_A	1:43279772_G_T
1:40384968_G_A	1:43280038_T_C
1:40384968_G_A	1:43281980_A_C
1:40384968_G_A	1:43297883_A_G
13:95625351_C_T	13:86682370_C_T
13:95625351_C_T	13:90110773_T_C
13:95625351_C_T	13:93147890_T_C
13:95625351_C_T	13:94057080_TAAC_T
13:95625351_C_T	13:94057792_T_C
13:95625351_C_T	13:94057870_C_G
13:95625351_C_T	13:94065186_T_G
13:95625351_C_T	13:94076779_G_A
13:95625351_C_T	13:94077489_G_A
13:95625351_C_T	13:94079401_A_T
13:95625351_C_T	13:94080015_G_C
13:95625351_C_T	13:94080482_A_C
13:95625351_C_T	13:94080937_G_A
13:95625351_C_T	13:97843578_T_C
13:95625351_C_T	13:97845259_C_T
13:95625351_C_T	13:97846534_T_G
13:95625351_C_T	13:97846820_C_T
13:95625351_C_T	13:97847442_C_T
13:95625351_C_T	13:97848633_C_T
13:95625351_C_T	13:97848975_G_A
13:95625351_C_T	13:97850512_C_T
13:95625351_C_T	13:97851616_T_C
13:95625351_C_T	13:97854646_G_A
13:95625351_C_T	13:97854772_A_C
13:95625351_C_T	13:97855252_A_G
13:95625351_C_T	13:97856276_G_A
13:95625351_C_T	13:97858618_C_T
13:95625351_C_T	13:97860782_A_G
13:95625351_C_T	13:97864528_C_T
13:95625351_C_T	13:97864626_C_T
13:95625351_C_T	13:97864753_C_A
13:95625351_C_T	13:97865896_T_TC
13:95625351_C_T	13:97866928_A_G
13:95625351_C_T	13:97873413_G_C
13:95625351_C_T	13:97873623_G_GAAAT
13:95625351_C_T	13:97887383_G_A
13:95625351_C_T	13:97887656_A_T
13:95625351_C_T	13:97888731_G_A
13:95625351_C_T	13:97900610_T_C
13:95625351_C_T	13:98498716_G_A
13:95625351_C_T	13:98509027_G_T
13:95625351_C_T	13:101767111_C_A
13:95625351_C_T	13:102370915_AATC_A
13:95625351_C_T	13:102521659_C_T
13:95625351_C_T	13:103555354_C_T
13:95625351_C_T	13:104344162_C_T
11:37209636_A_ATCTG	11:31055690_C_CA
11:37209636_A_ATCTG	11:36002525_C_T
11:37209636_A_ATCTG	11:37157180_A_G
11:37209636_A_ATCTG	11:37169640_A_AT
11:37209636_A_ATCTG	11:37171023_A_C
11:37209636_A_ATCTG	11:37179016_A_G
11:37209636_A_ATCTG	11:37179428_A_G
11:37209636_A_ATCTG	11:37181908_A_C
11:37209636_A_ATCTG	11:37184139_C_T
11:37209636_A_ATCTG	11:37185855_G_C
11:37209636_A_ATCTG	11:37186006_G_C
11:37209636_A_ATCTG	11:37186406_T_A
11:37209636_A_ATCTG	11:37192152_G_A
11:37209636_A_ATCTG	11:37193076_A_G
11:37209636_A_ATCTG	11:37193176_G_A
11:37209636_A_ATCTG	11:37193790_T_C
11:37209636_A_ATCTG	11:37198434_A_G
11:37209636_A_ATCTG	11:37201866_CG_C
11:37209636_A_ATCTG	11:37203664_G_T
11:37209636_A_ATCTG	11:37206833_G_T
11:37209636_A_ATCTG	11:37210381_AT_A
11:37209636_A_ATCTG	11:37210800_G_GA
11:37209636_A_ATCTG	11:37213089_A_T
11:37209636_A_ATCTG	11:37216790_G_C
11:37209636_A_ATCTG	11:37218794_C_T
11:37209636_A_ATCTG	11:37223908_T_C
11:37209636_A_ATCTG	11:37224192_A_T
11:37209636_A_ATCTG	11:37225795_A_G
11:37209636_A_ATCTG	11:37225939_C_T
11:37209636_A_ATCTG	11:37226217_G_A
11:37209636_A_ATCTG	11:37226233_C_T
11:37209636_A_ATCTG	11:37233137_A_G
11:37209636_A_ATCTG	11:37234724_A_G
11:37209636_A_ATCTG	11:37234832_T_G
11:37209636_A_ATCTG	11:37235006_A_C
11:37209636_A_ATCTG	11:37235449_G_A
11:37209636_A_ATCTG	11:37238228_TATC_T
11:37209636_A_ATCTG	11:37239099_C_T
11:37209636_A_ATCTG	11:37241881_G_A
11:37209636_A_ATCTG	11:37258518_T_TA
11:37209636_A_ATCTG	11:37312811_T_TA
11:37209636_A_ATCTG	11:37315817_C_T
11:37209636_A_ATCTG	11:37317728_C_T
11:37209636_A_ATCTG	11:37321370_A_G
11:37209636_A_ATCTG	11:37321830_A_T
11:37209636_A_ATCTG	11:37325465_G_T
11:37209636_A_ATCTG	11:37325578_C_T
11:37209636_A_ATCTG	11:37326988_G_A
11:37209636_A_ATCTG	11:37327138_C_T
11:37209636_A_ATCTG	11:37333439_G_A
16:12932895_G_A	16:6461887_C_G
16:12932895_G_A	16:8996636_T_C
16:12932895_G_A	16:9026201_C_G
16:12932895_G_A	16:9032567_C_CA
16:12932895_G_A	16:9036452_T_C
16:12932895_G_A	16:9038117_T_C
16:12932895_G_A	16:9050331_C_A
16:12932895_G_A	16:9050639_A_C
16:12932895_G_A	16:9068302_C_T
16:12932895_G_A	16:9070093_C_T
16:12932895_G_A	16:9070299_A_C
16:12932895_G_A	16:9073694_AC_A
16:12932895_G_A	16:9076236_A_G
16:12932895_G_A	16:9078134_A_AAAT
16:12932895_G_A	16:9079122_C_A
16:12932895_G_A	16:9080629_G_A
16:12932895_G_A	16:9082218_G_C
16:12932895_G_A	16:9082936_T_A
16:12932895_G_A	16:9320191_C_T
16:12932895_G_A	16:9788722_A_C
16:12932895_G_A	16:12930516_T_A
16:12932895_G_A	16:12945812_T_C
16:12932895_G_A	16:12950606_G_A
16:12932895_G_A	16:12951841_C_CAT
16:12932895_G_A	16:12954272_C_A
16:12932895_G_A	16:12954440_C_T
16:12932895_G_A	16:12959248_T_TG
16:12932895_G_A	16:12959260_G_T
16:12932895_G_A	16:12959347_T_G
16:12932895_G_A	16:12959886_T_A
16:12932895_G_A	16:12960117_G_A
16:12932895_G_A	16:12960173_A_G
16:12932895_G_A	16:12960364_C_T
16:12932895_G_A	16:12960485_G_T
16:12932895_G_A	16:12960849_A_G
16:12932895_G_A	16:12961558_TGG_T
16:12932895_G_A	16:13240682_C_G
16:12932895_G_A	16:13243479_C_A
16:12932895_G_A	16:13245136_G_A
16:12932895_G_A	16:13245433_G_A
16:12932895_G_A	16:17182622_A_G
16:12932895_G_A	16:17182959_T_C
16:12932895_G_A	16:17188875_G_A
16:12932895_G_A	16:18215103_C_T
16:12932895_G_A	16:18229670_T_G
16:12932895_G_A	16:18229694_G_A
16:12932895_G_A	16:18237934_T_C
16:12932895_G_A	16:18238058_C_T
16:12932895_G_A	16:18238066_T_C
16:12932895_G_A	16:18244974_C_T
16:12932895_G_A	16:18254719_T_G
16:12932895_G_A	16:18262095_T_C
16:12932895_G_A	16:18262745_C_T
16:12932895_G_A	16:18262896_C_T
16:12932895_G_A	16:18267701_G_A
8:81613715_G_T	8:77997593_G_A
8:81613715_G_T	8:79274898_T_G
8:81613715_G_T	8:81090919_G_A
8:81613715_G_T	8:81734700_G_C
8:81613715_G_T	8:81738362_A_T
8:81613715_G_T	8:81742313_C_CA
8:81613715_G_T	8:81877911_T_C
8:81613715_G_T	8:82063205_T_G
8:81613715_G_T	8:82066713_T_A
8:81613715_G_T	8:83295203_T_A
8:81613715_G_T	8:83295455_G_C
8:81613715_G_T	8:83295686_A_T
8:81613715_G_T	8:83304161_GTAC_G
8:81613715_G_T	8:83304656_A_G
8:81613715_G_T	8:83305720_GA_G
8:81613715_G_T	8:83305963_T_G
8:81613715_G_T	8:83313681_C_T
8:81613715_G_T	8:83313922_A_G
8:81613715_G_T	8:83317406_GCTAA_G
8:81613715_G_T	8:83317417_T_G
8:81613715_G_T	8:83322502_C_T
8:81613715_G_T	8:83322893_C_T
8:81613715_G_T	8:83335300_T_C
8:81613715_G_T	8:83340496_G_A
8:81613715_G_T	8:83343642_T_G
8:81613715_G_T	8:83344951_C_T
8:81613715_G_T	8:83348581_A_AAAAC
8:81613715_G_T	8:83348765_C_T
8:81613715_G_T	8:83358706_A_T
8:81613715_G_T	8:83363427_T_C
8:81613715_G_T	8:83370413_G_A
8:81613715_G_T	8:83372347_G_A
8:81613715_G_T	8:83372604_T_C
8:81613715_G_T	8:83376822_A_C
8:81613715_G_T	8:83379116_A_G
8:81613715_G_T	8:83384116_A_T
8:81613715_G_T	8:83386854_G_A
8:81613715_G_T	8:83387056_G_T
8:81613715_G_T	8:83388605_T_C
8:81613715_G_T	8:83391051_C_T
8:81613715_G_T	8:83393348_A_C
8:81613715_G_T	8:83394859_G_A
8:81613715_G_T	8:83394981_G_A
8:81613715_G_T	8:83395058_G_A
8:81613715_G_T	8:83395802_T_C
8:81613715_G_T	8:83397385_T_C
8:81613715_G_T	8:83398063_T_C
8:81613715_G_T	8:83408036_AAAAG_A
8:81613715_G_T	8:83409466_G_A
8:81613715_G_T	8:83410737_G_T
8:81613715_G_T	8:83411635_G_A
8:81613715_G_T	8:83412288_AT_A
8:81613715_G_T	8:83413601_G_A
8:81613715_G_T	8:83415015_C_A
8:81613715_G_T	8:83416267_G_A
8:81613715_G_T	8:83417063_C_A
8:81613715_G_T	8:83417626_A_G
8:81613715_G_T	8:83420230_C_G
8:81613715_G_T	8:83420502_G_A
8:81613715_G_T	8:83421280_C_T
8:81613715_G_T	8:83422212_C_T
8:81613715_G_T	8:83422600_A_G
8:81613715_G_T	8:83424302_G_A
8:81613715_G_T	8:83424411_A_C
8:81613715_G_T	8:83424742_A_G
8:81613715_G_T	8:83425568_G_A
8:81613715_G_T	8:83426005_T_G
8:81613715_G_T	8:83426030_T_C
8:81613715_G_T	8:83427032_G_A
8:81613715_G_T	8:83427174_G_A
8:81613715_G_T	8:83427653_AAAC_A
8:81613715_G_T	8:83427852_T_C
8:81613715_G_T	8:83427853_G_A
8:81613715_G_T	8:83427904_G_A
8:81613715_G_T	8:83428091_A_G
8:81613715_G_T	8:83428333_T_C
8:81613715_G_T	8:83428335_A_G
8:81613715_G_T	8:83428548_A_C
8:81613715_G_T	8:83430111_A_G
8:81613715_G_T	8:83430512_G_T
8:81613715_G_T	8:90514638_C_T
12:97369402_G_T	12:95578203_A_G
12:97369402_G_T	12:95579618_C_T
12:97369402_G_T	12:95588558_A_C
12:97369402_G_T	12:95663552_T_G
12:97369402_G_T	12:95942538_C_G
12:97369402_G_T	12:95945278_G_T
12:97369402_G_T	12:95946616_G_A
12:97369402_G_T	12:95947420_T_G
12:97369402_G_T	12:95948253_CT_C
12:97369402_G_T	12:95950362_A_G
12:97369402_G_T	12:95951091_G_A
12:97369402_G_T	12:95953171_C_G
12:97369402_G_T	12:97122506_G_A
12:97369402_G_T	12:97154396_C_T
12:97369402_G_T	12:97156282_T_C
12:97369402_G_T	12:97160669_C_A
12:97369402_G_T	12:97369609_G_T
12:97369402_G_T	12:97371809_T_C
12:97369402_G_T	12:97371887_CT_C
12:97369402_G_T	12:97372699_A_G
12:97369402_G_T	12:97375539_C_CTT
12:97369402_G_T	12:97375931_A_C
12:97369402_G_T	12:97377561_A_G
12:97369402_G_T	12:97381151_T_A
12:97369402_G_T	12:97384023_C_T
12:97369402_G_T	12:97384178_TC_T
12:97369402_G_T	12:97385681_A_C
12:97369402_G_T	12:97387576_T_C
12:97369402_G_T	12:97388890_G_C
12:97369402_G_T	12:97388891_A_C
12:97369402_G_T	12:97391462_T_C
12:97369402_G_T	12:97391489_T_C
12:97369402_G_T	12:97391684_T_C
12:97369402_G_T	12:97392994_T_C
12:97369402_G_T	12:97393012_T_A
12:97369402_G_T	12:97393553_T_C
12:97369402_G_T	12:97393932_T_C
12:97369402_G_T	12:97394691_A_C
12:97369402_G_T	12:97394783_A_G
12:97369402_G_T	12:97396226_T_C
12:97369402_G_T	12:97396920_A_G
12:97369402_G_T	12:97398758_T_G
12:97369402_G_T	12:97400425_A_G
12:97369402_G_T	12:97402021_C_T
12:97369402_G_T	12:97405961_G_T
12:97369402_G_T	12:97406486_TTA_T
12:97369402_G_T	12:97409765_T_C
12:97369402_G_T	12:97410012_T_C
12:97369402_G_T	12:97413049_G_A
12:97369402_G_T	12:97414613_T_C
12:97369402_G_T	12:97414897_C_T
12:97369402_G_T	12:97416064_G_A
12:97369402_G_T	12:97417120_C_G
12:97369402_G_T	12:105499469_G_GT
12:97369402_G_T	12:105932575_CTTGGGGCAAGGCCAGCCAAGCCTGG_C
12:97369402_G_T	12:107017017_G_A
12:97369402_G_T	12:107043657_T_C
12:97369402_G_T	12:107203300_CAAAAAAAAAA_C
12:97369402_G_T	12:107302054_CTTTTTTTT_C
8:56185702_CTGTGTG_C	8:56022873_G_A
8:56185702_CTGTGTG_C	8:56026794_G_A
8:56185702_CTGTGTG_C	8:56026849_C_T
8:56185702_CTGTGTG_C	8:56039981_A_G
8:56185702_CTGTGTG_C	8:56170889_T_A
8:56185702_CTGTGTG_C	8:56171109_A_T
8:56185702_CTGTGTG_C	8:56171940_C_T
8:56185702_CTGTGTG_C	8:56172758_G_C
8:56185702_CTGTGTG_C	8:56179548_G_A
8:56185702_CTGTGTG_C	8:56181259_T_C
8:56185702_CTGTGTG_C	8:56183138_G_A
8:56185702_CTGTGTG_C	8:56186302_G_A
8:56185702_CTGTGTG_C	8:56202297_GAA_G
8:56185702_CTGTGTG_C	8:58223507_A_G
5:79092396_G_A	5:76427311_G_A
5:79092396_G_A	5:76430636_C_G
5:79092396_G_A	5:76435004_G_A
5:79092396_G_A	5:76435346_G_A
5:79092396_G_A	5:77634236_G_A
5:79092396_G_A	5:77719672_C_CT
5:79092396_G_A	5:77795861_G_GA
5:79092396_G_A	5:79049125_A_G
5:79092396_G_A	5:79493103_A_G
5:79092396_G_A	5:79493810_A_G
5:79092396_G_A	5:79497333_A_G
5:79092396_G_A	5:79497415_C_T
5:79092396_G_A	5:79499167_T_C
5:79092396_G_A	5:79504859_C_T
5:79092396_G_A	5:79505805_G_A
5:79092396_G_A	5:79507214_GT_G
5:79092396_G_A	5:79509891_A_G
5:79092396_G_A	5:79511681_G_A
5:79092396_G_A	5:79512483_T_G
5:79092396_G_A	5:79514675_G_A
5:79092396_G_A	5:79514733_A_G
5:79092396_G_A	5:80299334_G_A
5:79092396_G_A	5:80439633_T_C
5:79092396_G_A	5:80443108_C_T
5:79092396_G_A	5:80444974_A_T
5:79092396_G_A	5:80445134_G_A
5:79092396_G_A	5:80835793_T_C
5:79092396_G_A	5:80837294_G_GA
5:79092396_G_A	5:80844549_G_A
5:79092396_G_A	5:80859603_T_C
5:79092396_G_A	5:80861777_G_C
5:79092396_G_A	5:80868443_G_A
5:79092396_G_A	5:80904840_T_C
5:79092396_G_A	5:80907870_T_C
5:79092396_G_A	5:81274483_GTTGT_G
5:79092396_G_A	5:81464252_CA_C
5:79092396_G_A	5:81568850_C_T
5:79092396_G_A	5:81794603_G_T
5:79092396_G_A	5:81864687_T_C
5:79092396_G_A	5:81912161_C_A
5:79092396_G_A	5:87133304_T_C
5:79092396_G_A	5:87134419_C_G
5:79092396_G_A	5:87248647_G_A
5:79092396_G_A	5:88640130_T_C
5:79092396_G_A	5:88646752_G_A
5:79092396_G_A	5:88656742_G_A
5:79092396_G_A	5:88663247_G_A
5:79092396_G_A	5:88736275_T_C
5:79092396_G_A	5:88744894_G_A
2:61765074_G_A	2:57817159_G_A
2:61765074_G_A	2:61400430_G_A
2:61765074_G_A	2:61405008_C_T
2:61765074_G_A	2:61405723_G_A
2:61765074_G_A	2:61405865_C_G
2:61765074_G_A	2:61426155_A_G
2:61765074_G_A	2:61427030_G_C
2:61765074_G_A	2:61445299_GT_G
2:61765074_G_A	2:61452502_A_G
2:61765074_G_A	2:61467894_A_G
2:61765074_G_A	2:61468197_T_C
2:61765074_G_A	2:61469410_C_T
2:61765074_G_A	2:61471018_A_C
2:61765074_G_A	2:61484556_T_C
2:61765074_G_A	2:61488841_C_T
2:61765074_G_A	2:61490537_G_A
2:61765074_G_A	2:61494450_C_A
2:61765074_G_A	2:61495193_G_A
2:61765074_G_A	2:61498662_T_A
2:61765074_G_A	2:61499019_A_G
2:61765074_G_A	2:61499535_G_A
2:61765074_G_A	2:61503469_TATAACTTC_T
2:61765074_G_A	2:61511819_C_T
2:61765074_G_A	2:61512760_T_C
2:61765074_G_A	2:61513449_T_C
2:61765074_G_A	2:61515164_C_T
2:61765074_G_A	2:61516315_A_G
2:61765074_G_A	2:61517471_G_C
2:61765074_G_A	2:61519204_G_T
2:61765074_G_A	2:61523070_C_G
2:61765074_G_A	2:61526823_C_A
2:61765074_G_A	2:61536657_C_A
2:61765074_G_A	2:61536929_C_T
2:61765074_G_A	2:61537167_G_C
2:61765074_G_A	2:61538239_G_A
2:61765074_G_A	2:61540302_C_G
2:61765074_G_A	2:61540478_T_C
2:61765074_G_A	2:61543531_T_C
2:61765074_G_A	2:61547975_T_C
2:61765074_G_A	2:61552336_A_G
2:61765074_G_A	2:61557082_T_C
2:61765074_G_A	2:61558615_T_G
2:61765074_G_A	2:61561648_G_A
2:61765074_G_A	2:61563254_TTG_T
2:61765074_G_A	2:61563408_G_A
2:61765074_G_A	2:61578601_TA_T
2:61765074_G_A	2:61579592_T_C
2:61765074_G_A	2:61583616_A_G
2:61765074_G_A	2:61583618_A_G
2:61765074_G_A	2:61587303_T_TA
2:61765074_G_A	2:61590612_A_G
2:61765074_G_A	2:61592737_A_G
2:61765074_G_A	2:61594041_A_C
2:61765074_G_A	2:61595416_A_G
2:61765074_G_A	2:61595504_T_C
2:61765074_G_A	2:61599786_T_C
2:61765074_G_A	2:61599888_G_A
2:61765074_G_A	2:61614075_A_C
2:61765074_G_A	2:61614542_G_C
2:61765074_G_A	2:61614729_T_C
2:61765074_G_A	2:61614863_C_T
2:61765074_G_A	2:61618122_C_A
2:61765074_G_A	2:61618598_C_T
2:61765074_G_A	2:61618660_C_T
2:61765074_G_A	2:61619483_G_A
2:61765074_G_A	2:61620215_A_G
2:61765074_G_A	2:61620547_C_T
2:61765074_G_A	2:61622771_A_G
2:61765074_G_A	2:61623548_T_A
2:61765074_G_A	2:61626773_T_C
2:61765074_G_A	2:61629635_C_T
2:61765074_G_A	2:61630262_T_C
2:61765074_G_A	2:61631390_A_G
2:61765074_G_A	2:61635959_C_T
2:61765074_G_A	2:61640252_C_T
2:61765074_G_A	2:61640755_A_T
2:61765074_G_A	2:61641785_C_T
2:61765074_G_A	2:61652346_A_T
2:61765074_G_A	2:61655085_G_A
2:61765074_G_A	2:61658685_C_T
2:61765074_G_A	2:61662694_T_C
2:61765074_G_A	2:61663233_C_T
2:61765074_G_A	2:61666486_G_A
2:61765074_G_A	2:61671570_T_C
2:61765074_G_A	2:61673230_CAG_C
2:61765074_G_A	2:61676158_G_A
2:61765074_G_A	2:61678021_C_CA
2:61765074_G_A	2:61686367_A_C
2:61765074_G_A	2:61692881_G_C
2:61765074_G_A	2:61697329_T_C
2:61765074_G_A	2:61701064_C_A
2:61765074_G_A	2:61705663_C_T
2:61765074_G_A	2:61709169_C_T
2:61765074_G_A	2:61716154_G_A
2:61765074_G_A	2:61717151_G_A
2:61765074_G_A	2:61735446_C_T
2:61765074_G_A	2:61745139_T_C
2:61765074_G_A	2:61745528_A_C
2:61765074_G_A	2:61756903_T_A
2:61765074_G_A	2:61768745_G_A
2:61765074_G_A	2:61780230_A_T
2:61765074_G_A	2:61782047_C_T
2:61765074_G_A	2:61782748_A_T
2:61765074_G_A	2:61782849_G_A
2:61765074_G_A	2:61782899_C_T
2:61765074_G_A	2:61786848_C_T
2:61765074_G_A	2:61790340_TG_T
2:61765074_G_A	2:61793847_T_C
2:61765074_G_A	2:61800367_T_C
2:61765074_G_A	2:61806999_C_T
2:61765074_G_A	2:61811836_T_C
2:61765074_G_A	2:61833799_C_CG
2:61765074_G_A	2:61836773_T_C
2:61765074_G_A	2:64418702_TCTTTCTCTCTTTCTCC_T
2:61765074_G_A	2:69148743_A_C
2:61765074_G_A	2:69150760_C_T
2:61765074_G_A	2:69153588_A_C
2:61765074_G_A	2:69153688_A_G
4:17865864_T_A	4:8595500_AC_A
4:17865864_T_A	4:12375716_T_C
4:17865864_T_A	4:17370359_G_T
4:17865864_T_A	4:17440761_C_A
4:17865864_T_A	4:17640704_G_A
4:17865864_T_A	4:17797970_A_AT
4:17865864_T_A	4:17804286_T_G
4:17865864_T_A	4:17804717_A_G
4:17865864_T_A	4:17808337_T_C
4:17865864_T_A	4:17809538_A_G
4:17865864_T_A	4:17809564_GCA_G
4:17865864_T_A	4:17809845_T_C
4:17865864_T_A	4:17810088_A_G
4:17865864_T_A	4:17810237_CA_C
4:17865864_T_A	4:17811415_C_T
4:17865864_T_A	4:17811654_T_G
4:17865864_T_A	4:17813151_C_CA
4:17865864_T_A	4:17816378_C_T
4:17865864_T_A	4:17817171_A_G
4:17865864_T_A	4:17817687_AT_A
4:17865864_T_A	4:17818265_A_G
4:17865864_T_A	4:17819135_T_A
4:17865864_T_A	4:17820517_T_A
4:17865864_T_A	4:17821030_A_AT
4:17865864_T_A	4:17821388_T_TA
4:17865864_T_A	4:17822006_C_T
4:17865864_T_A	4:17822180_G_A
4:17865864_T_A	4:17826410_ATTGTT_A
4:17865864_T_A	4:17826860_C_G
4:17865864_T_A	4:17827715_G_C
4:17865864_T_A	4:17828245_C_T
4:17865864_T_A	4:17832418_T_C
4:17865864_T_A	4:17833372_G_A
4:17865864_T_A	4:17834016_A_G
4:17865864_T_A	4:17835721_G_A
4:17865864_T_A	4:17835755_T_A
4:17865864_T_A	4:17837162_C_A
4:17865864_T_A	4:17837583_G_T
4:17865864_T_A	4:17841620_A_G
4:17865864_T_A	4:17844250_T_C
4:17865864_T_A	4:17845241_C_T
4:17865864_T_A	4:17846522_T_C
4:17865864_T_A	4:17847281_A_C
4:17865864_T_A	4:17848559_G_C
4:17865864_T_A	4:17848914_T_C
4:17865864_T_A	4:17849854_T_TA
4:17865864_T_A	4:17850286_T_C
4:17865864_T_A	4:17851063_C_T
4:17865864_T_A	4:17851150_A_C
4:17865864_T_A	4:17851945_A_G
4:17865864_T_A	4:17852408_C_A
4:17865864_T_A	4:17852693_T_C
4:17865864_T_A	4:17853726_A_C
4:17865864_T_A	4:17853901_CTT_C
4:17865864_T_A	4:17854002_C_T
4:17865864_T_A	4:17854768_T_C
4:17865864_T_A	4:17857253_A_G
4:17865864_T_A	4:17859466_A_G
4:17865864_T_A	4:17859946_GA_G
4:17865864_T_A	4:17864274_T_C
4:17865864_T_A	4:17865561_G_A
4:17865864_T_A	4:17865865_T_A
4:17865864_T_A	4:17872707_T_C
4:17865864_T_A	4:17873692_AGAG_A
4:17865864_T_A	4:17877487_A_G
4:17865864_T_A	4:17880416_A_C
4:17865864_T_A	4:17890960_A_G
4:17865864_T_A	4:17892364_G_A
4:17865864_T_A	4:17892400_T_G
4:17865864_T_A	4:17896575_C_G
4:17865864_T_A	4:17901054_G_T
4:17865864_T_A	4:17901352_T_C
4:17865864_T_A	4:17901368_A_G
4:17865864_T_A	4:17902107_C_T
4:17865864_T_A	4:17903009_TAA_T
4:17865864_T_A	4:17909714_G_T
4:17865864_T_A	4:17913879_A_G
4:17865864_T_A	4:17917190_A_G
4:17865864_T_A	4:17918393_G_A
4:17865864_T_A	4:17918700_C_A
4:17865864_T_A	4:17922813_A_AT
4:17865864_T_A	4:17925618_C_T
4:17865864_T_A	4:17927816_C_T
4:17865864_T_A	4:17929747_T_C
4:17865864_T_A	4:17930609_T_C
4:17865864_T_A	4:17933639_C_T
4:17865864_T_A	4:17935045_C_G
4:17865864_T_A	4:17936928_TTAGA_T
4:17865864_T_A	4:17937361_C_T
4:17865864_T_A	4:17950514_AAG_A
4:17865864_T_A	4:17950968_G_A
4:17865864_T_A	4:17956657_T_C
4:17865864_T_A	4:17967958_G_A
4:17865864_T_A	4:17970326_A_T
4:17865864_T_A	4:17973217_G_A
4:17865864_T_A	4:17974219_A_G
4:17865864_T_A	4:17986673_G_A
4:17865864_T_A	4:17990790_C_T
4:17865864_T_A	4:17994298_T_C
4:17865864_T_A	4:18028351_G_A
4:17865864_T_A	4:18046499_A_G
4:17865864_T_A	4:18046625_G_T
4:17865864_T_A	4:18047401_G_A
4:17865864_T_A	4:18098926_GA_G
4:17865864_T_A	4:18224760_CTT_C
4:17865864_T_A	4:22411344_A_T
4:17865864_T_A	4:22418954_G_A
4:17865864_T_A	4:22419806_A_G
6:34489516_G_A	6:34408984_C_A
6:34489516_G_A	6:34408986_T_C
6:34489516_G_A	6:34465215_G_A
6:34489516_G_A	6:34468333_C_T
6:34489516_G_A	6:34472203_G_T
6:34489516_G_A	6:34474639_G_T
6:34489516_G_A	6:34476644_T_G
6:34489516_G_A	6:34480065_A_G
6:34489516_G_A	6:34482267_C_A
6:34489516_G_A	6:34503885_TTGAATCTATTTGCCACCCCATCTTCCTTACTCCTCC_T
6:34489516_G_A	6:34505194_T_G
6:34489516_G_A	6:34559597_G_A
6:34489516_G_A	6:34684627_CT_C
6:34489516_G_A	6:34695148_G_C
6:34489516_G_A	6:34728071_G_C
6:34489516_G_A	6:34729158_G_A
6:34489516_G_A	6:34747125_T_G
6:34489516_G_A	6:34937061_C_T
6:34489516_G_A	6:34975590_T_C
6:34489516_G_A	6:35140992_G_A
6:34489516_G_A	6:35163949_T_A
6:34489516_G_A	6:35511045_A_G
6:34489516_G_A	6:41728067_G_A
6:34489516_G_A	6:44037382_T_C
6:34489516_G_A	6:44040343_GC_G
6:51420188_G_A	6:49461707_A_G
6:51420188_G_A	6:50121626_T_C
6:51420188_G_A	6:51239904_G_C
6:51420188_G_A	6:51303429_CT_C
6:51420188_G_A	6:51336558_GT_G
6:51420188_G_A	6:51362605_C_T
6:51420188_G_A	6:51365011_C_T
6:51420188_G_A	6:51394405_G_A
6:51420188_G_A	6:51396744_C_A
6:51420188_G_A	6:51418230_G_A
6:51420188_G_A	6:51430842_A_G
6:51420188_G_A	6:51431270_T_C
6:51420188_G_A	6:51434250_C_A
6:51420188_G_A	6:51454426_G_A
6:51420188_G_A	6:51454640_C_T
6:51420188_G_A	6:51462325_T_C
6:51420188_G_A	6:51466547_G_A
6:51420188_G_A	6:51468139_T_C
6:51420188_G_A	6:51470372_G_C
6:51420188_G_A	6:51472258_T_G
6:51420188_G_A	6:51473755_C_CACAGACACCACTTATCAAAACCCCAG
6:51420188_G_A	6:51473791_A_T
6:51420188_G_A	6:51476037_C_T
6:51420188_G_A	6:51786062_C_T
2:157599687_G_A	2:152465495_A_G
2:157599687_G_A	2:152465509_C_T
2:157599687_G_A	2:152695008_AT_A
2:157599687_G_A	2:152697116_C_T
2:157599687_G_A	2:152707252_C_T
2:157599687_G_A	2:152708675_C_T
2:157599687_G_A	2:152709810_A_G
2:157599687_G_A	2:152710219_C_T
2:157599687_G_A	2:152712733_T_TTA
2:157599687_G_A	2:152713645_C_CA
2:157599687_G_A	2:152715003_C_A
2:157599687_G_A	2:152716356_G_A
2:157599687_G_A	2:152717071_C_T
2:157599687_G_A	2:152718623_C_T
2:157599687_G_A	2:152722447_G_A
2:157599687_G_A	2:152724620_C_G
2:157599687_G_A	2:152729728_T_C
2:157599687_G_A	2:153229211_C_T
2:157599687_G_A	2:153308471_G_A
2:157599687_G_A	2:153322724_C_T
2:157599687_G_A	2:153327157_A_G
2:157599687_G_A	2:153329163_A_G
2:157599687_G_A	2:153330971_T_G
2:157599687_G_A	2:153334614_T_C
2:157599687_G_A	2:153340848_G_A
2:157599687_G_A	2:154527480_A_G
2:157599687_G_A	2:154543374_A_G
2:157599687_G_A	2:155281911_T_C
2:157599687_G_A	2:156607932_A_C
2:157599687_G_A	2:156645950_G_T
2:157599687_G_A	2:156658121_C_G
2:157599687_G_A	2:156664591_G_C
2:157599687_G_A	2:156667454_C_A
2:157599687_G_A	2:156675740_T_C
2:157599687_G_A	2:156686079_C_T
2:157599687_G_A	2:156688620_T_TATG
2:157599687_G_A	2:156713885_C_A
2:157599687_G_A	2:156715668_T_A
2:157599687_G_A	2:156730387_C_A
2:157599687_G_A	2:156730740_ATC_A
2:157599687_G_A	2:156743171_A_T
2:157599687_G_A	2:159768271_GT_G
2:157599687_G_A	2:159770970_C_T
17:8073097_G_A	17:2241899_T_C
17:8073097_G_A	17:2243136_C_A
17:8073097_G_A	17:2456570_C_CA
17:8073097_G_A	17:4950592_T_C
17:8073097_G_A	17:8036060_A_G
17:8073097_G_A	17:8036073_G_A
17:8073097_G_A	17:8038634_A_G
17:8073097_G_A	17:8039237_G_C
17:8073097_G_A	17:8048010_C_A
17:8073097_G_A	17:8052363_T_C
17:8073097_G_A	17:8052415_G_A
17:8073097_G_A	17:8053085_T_G
17:8073097_G_A	17:8054759_G_A
17:8073097_G_A	17:8054860_C_A
17:8073097_G_A	17:8055984_GGA_G
17:8073097_G_A	17:8061511_AT_A
17:8073097_G_A	17:8076916_C_T
17:8073097_G_A	17:8082157_G_C
17:8073097_G_A	17:8082177_G_A
17:8073097_G_A	17:8082554_G_C
17:8073097_G_A	17:8083058_G_T
17:8073097_G_A	17:8087353_G_A
17:8073097_G_A	17:8088536_AC_A
17:8073097_G_A	17:8088612_G_T
17:8073097_G_A	17:8088648_C_T
17:8073097_G_A	17:8090908_A_G
17:8073097_G_A	17:8094647_T_G
17:8073097_G_A	17:8094753_A_C
17:8073097_G_A	17:8096544_G_A
17:8073097_G_A	17:8098765_A_G
17:8073097_G_A	17:8100066_C_CT
17:8073097_G_A	17:8100406_TG_T
17:8073097_G_A	17:8101515_C_CA
17:8073097_G_A	17:8103695_A_G
17:8073097_G_A	17:8105638_C_CT
17:8073097_G_A	17:8107979_G_T
17:8073097_G_A	17:8109471_CAG_C
17:8073097_G_A	17:8117774_G_A
17:8073097_G_A	17:8121622_G_T
17:8073097_G_A	17:8125541_A_G
17:8073097_G_A	17:8129160_A_G
17:8073097_G_A	17:8134275_C_T
17:8073097_G_A	17:8136663_TG_T
17:8073097_G_A	17:8138643_A_C
17:8073097_G_A	17:8139339_T_C
17:8073097_G_A	17:8139760_T_C
17:8073097_G_A	17:8139772_A_T
17:8073097_G_A	17:8140097_T_C
17:8073097_G_A	17:8141324_T_C
17:8073097_G_A	17:8142129_G_A
17:8073097_G_A	17:8144153_T_C
17:8073097_G_A	17:8150404_G_C
17:8073097_G_A	17:8150818_A_G
17:8073097_G_A	17:8160602_T_C
17:8073097_G_A	17:8161846_C_G
17:8073097_G_A	17:8162443_CA_C
17:8073097_G_A	17:8163418_C_CA
17:8073097_G_A	17:8164352_A_C
17:8073097_G_A	17:8167962_G_T
17:8073097_G_A	17:8171329_T_C
17:8073097_G_A	17:8173767_C_T
17:8073097_G_A	17:8175141_C_A
17:8073097_G_A	17:8175151_C_T
17:8073097_G_A	17:8176415_C_T
17:8073097_G_A	17:8178328_C_G
17:8073097_G_A	17:8178467_G_A
17:8073097_G_A	17:8179512_A_G
17:8073097_G_A	17:8179723_AAAC_A
17:8073097_G_A	17:8184270_G_A
17:8073097_G_A	17:8185548_A_G
17:8073097_G_A	17:8186096_G_A
17:8073097_G_A	17:8216737_A_G
17:8073097_G_A	17:8217379_G_A
17:8073097_G_A	17:8219636_A_G
17:8073097_G_A	17:8220432_G_C
17:8073097_G_A	17:8277215_A_G
17:8073097_G_A	17:10594329_T_C
17:8073097_G_A	17:10627896_CA_C
17:8073097_G_A	17:12839077_T_C
17:8073097_G_A	17:12840542_A_G
17:8073097_G_A	17:17727943_T_A
17:8073097_G_A	17:17728574_T_C
17:8073097_G_A	17:17728983_A_G
17:8073097_G_A	17:17732469_T_C
17:8073097_G_A	17:17733826_T_C
17:8073097_G_A	17:17733934_C_T
17:8073097_G_A	17:17740164_GC_G
17:8073097_G_A	17:17741497_C_CCACG
17:8073097_G_A	17:17741669_T_C
17:8073097_G_A	17:17741875_A_G
17:8073097_G_A	17:18042276_A_C
17:8073097_G_A	17:18042527_A_G
17:8073097_G_A	17:18043500_A_C
17:8073097_G_A	17:18043766_C_G
17:8073097_G_A	17:18046058_A_C
17:8073097_G_A	17:18047772_T_TC
17:8073097_G_A	17:18051975_T_C
17:8073097_G_A	17:18054868_G_T
17:8073097_G_A	17:18055933_TA_T
17:8073097_G_A	17:18057272_A_G
17:8073097_G_A	17:18061528_T_G
16:80024742_T_C	16:71104411_T_C
16:80024742_T_C	16:74142385_G_C
16:80024742_T_C	16:75639949_TG_T
16:80024742_T_C	16:76991109_G_A
16:80024742_T_C	16:76998619_A_C
16:80024742_T_C	16:77295678_A_T
16:80024742_T_C	16:79777925_T_C
16:80024742_T_C	16:79780965_GAAGAA_G
16:80024742_T_C	16:79951479_C_G
16:80024742_T_C	16:79952959_G_C
16:80024742_T_C	16:79954217_A_G
16:80024742_T_C	16:79955208_AC_A
16:80024742_T_C	16:79956229_A_C
16:80024742_T_C	16:79956801_T_G
16:80024742_T_C	16:79957048_T_C
16:80024742_T_C	16:79957426_G_A
16:80024742_T_C	16:79959287_C_G
16:80024742_T_C	16:79960459_G_A
16:80024742_T_C	16:79961111_T_C
16:80024742_T_C	16:79961330_A_G
16:80024742_T_C	16:79963895_C_T
16:80024742_T_C	16:79964561_T_C
16:80024742_T_C	16:79966096_A_G
16:80024742_T_C	16:79966189_C_G
16:80024742_T_C	16:79966955_T_C
16:80024742_T_C	16:79967324_C_T
16:80024742_T_C	16:79968844_G_C
16:80024742_T_C	16:79969040_T_C
16:80024742_T_C	16:79969099_T_C
16:80024742_T_C	16:79969432_C_T
16:80024742_T_C	16:79970078_A_T
16:80024742_T_C	16:79970265_G_A
16:80024742_T_C	16:79970500_G_C
16:80024742_T_C	16:79970863_T_A
16:80024742_T_C	16:79971041_G_A
16:80024742_T_C	16:79972525_C_T
16:80024742_T_C	16:79972847_A_C
16:80024742_T_C	16:79972948_C_A
16:80024742_T_C	16:79973432_G_A
16:80024742_T_C	16:79973539_G_A
16:80024742_T_C	16:79973709_C_G
16:80024742_T_C	16:79974309_C_T
16:80024742_T_C	16:79975168_G_C
16:80024742_T_C	16:79975174_A_G
16:80024742_T_C	16:79975391_T_G
16:80024742_T_C	16:79976179_T_G
16:80024742_T_C	16:79976222_A_G
16:80024742_T_C	16:79977250_T_C
16:80024742_T_C	16:79977386_A_T
16:80024742_T_C	16:79977475_GA_G
16:80024742_T_C	16:79978200_A_G
16:80024742_T_C	16:79978234_G_A
16:80024742_T_C	16:79978455_T_A
16:80024742_T_C	16:79979088_A_G
16:80024742_T_C	16:79979392_A_C
16:80024742_T_C	16:79979968_C_T
16:80024742_T_C	16:79980425_A_T
16:80024742_T_C	16:79981129_T_G
16:80024742_T_C	16:79981536_G_C
16:80024742_T_C	16:79983628_C_CA
16:80024742_T_C	16:79984037_T_C
16:80024742_T_C	16:79984705_T_G
16:80024742_T_C	16:79984902_G_GA
16:80024742_T_C	16:79985642_G_C
16:80024742_T_C	16:79986550_G_C
16:80024742_T_C	16:79987278_A_G
16:80024742_T_C	16:79993792_T_C
16:80024742_T_C	16:80000283_G_C
16:80024742_T_C	16:80002760_T_G
16:80024742_T_C	16:80003138_G_A
16:80024742_T_C	16:80003699_C_T
16:80024742_T_C	16:80005095_A_C
16:80024742_T_C	16:80011464_C_T
16:80024742_T_C	16:80014494_C_A
16:80024742_T_C	16:80023869_A_G
16:80024742_T_C	16:80025027_C_T
16:80024742_T_C	16:80052966_T_A
16:80024742_T_C	16:80098249_G_A
16:80024742_T_C	16:80102762_G_A
16:80024742_T_C	16:80155183_A_G
16:80024742_T_C	16:80254934_T_G
16:80024742_T_C	16:80255232_T_C
16:80024742_T_C	16:80258735_A_C
16:80024742_T_C	16:80261879_A_C
16:80024742_T_C	16:81004753_A_C
16:80024742_T_C	16:81051806_G_A
16:80024742_T_C	16:82908807_C_T
16:80024742_T_C	16:83541864_G_A
16:80024742_T_C	16:86968712_G_A
16:80024742_T_C	16:88982636_G_GTGTA
16:80024742_T_C	16:89149280_C_T
16:80024742_T_C	16:89149432_T_C
16:80024742_T_C	16:89149439_G_C
16:80024742_T_C	16:89151518_C_A
16:80024742_T_C	16:89151733_C_T
16:80024742_T_C	16:89152646_G_A
3:181586050_C_CA	3:172015853_A_G
3:181586050_C_CA	3:176716491_G_C
3:181586050_C_CA	3:176716630_G_C
3:181586050_C_CA	3:176718020_T_C
3:181586050_C_CA	3:176718596_A_G
3:181586050_C_CA	3:176719740_A_G
3:181586050_C_CA	3:176719767_A_G
3:181586050_C_CA	3:176720296_C_T
3:181586050_C_CA	3:176720619_A_G
3:181586050_C_CA	3:176724604_G_A
3:181586050_C_CA	3:176727608_G_A
3:181586050_C_CA	3:176732345_AAAAAC_A
3:181586050_C_CA	3:176752943_G_A
3:181586050_C_CA	3:183131829_C_T
3:181586050_C_CA	3:183131941_C_T
3:181586050_C_CA	3:183132086_C_T
3:181586050_C_CA	3:183132117_C_T
3:181586050_C_CA	3:183132153_T_C
3:181586050_C_CA	3:183132189_G_T
3:181586050_C_CA	3:183134029_ATAACTT_A
3:181586050_C_CA	3:183135264_T_TAAA
3:181586050_C_CA	3:183135308_T_C
3:181586050_C_CA	3:183135314_C_T
3:181586050_C_CA	3:183135358_A_G
3:181586050_C_CA	3:183138594_C_T
3:181586050_C_CA	3:183139960_C_G
3:181586050_C_CA	3:183140192_G_T
3:181586050_C_CA	3:183140239_G_T
3:181586050_C_CA	3:183140277_C_T
3:181586050_C_CA	3:183140305_T_C
3:181586050_C_CA	3:183140754_G_A
3:181586050_C_CA	3:183141152_T_C
3:181586050_C_CA	3:183141408_T_A
3:181586050_C_CA	3:183141580_C_T
3:181586050_C_CA	3:183141662_G_A
3:181586050_C_CA	3:186530565_G_T
3:181586050_C_CA	3:186539271_G_A
3:181586050_C_CA	3:186550972_G_A
3:181586050_C_CA	3:187196213_C_A
5:142344109_AC_A	5:140224061_CTA_C
5:142344109_AC_A	5:141343179_A_G
5:142344109_AC_A	5:141521245_A_G
5:142344109_AC_A	5:142267979_G_A
5:142344109_AC_A	5:142269200_G_C
5:142344109_AC_A	5:142269833_C_G
5:142344109_AC_A	5:142275569_AGT_A
5:142344109_AC_A	5:142277719_A_G
5:142344109_AC_A	5:142278018_C_A
5:142344109_AC_A	5:142283595_G_C
5:142344109_AC_A	5:142283742_G_A
5:142344109_AC_A	5:142284040_C_T
5:142344109_AC_A	5:142284090_G_GAAA
5:142344109_AC_A	5:142284956_CT_C
5:142344109_AC_A	5:142285956_T_C
5:142344109_AC_A	5:142287159_AAGGGT_A
5:142344109_AC_A	5:142287517_T_TC
5:142344109_AC_A	5:142287658_G_A
5:142344109_AC_A	5:142288527_G_A
5:142344109_AC_A	5:142288784_G_A
5:142344109_AC_A	5:142298353_A_G
5:142344109_AC_A	5:142301665_G_A
5:142344109_AC_A	5:142302617_G_A
5:142344109_AC_A	5:142304656_GA_G
5:142344109_AC_A	5:142305674_G_C
5:142344109_AC_A	5:142307826_CT_C
5:142344109_AC_A	5:142307936_C_T
5:142344109_AC_A	5:142308190_C_G
5:142344109_AC_A	5:142309146_T_C
5:142344109_AC_A	5:142310157_A_C
5:142344109_AC_A	5:142310349_A_G
5:142344109_AC_A	5:142310497_C_T
5:142344109_AC_A	5:142311442_A_G
5:142344109_AC_A	5:142311509_T_C
5:142344109_AC_A	5:142315491_T_C
5:142344109_AC_A	5:142315523_T_C
5:142344109_AC_A	5:142316928_T_C
5:142344109_AC_A	5:142319301_T_C
5:142344109_AC_A	5:142320350_T_A
5:142344109_AC_A	5:142320404_A_G
5:142344109_AC_A	5:142324412_G_T
5:142344109_AC_A	5:142325554_T_C
5:142344109_AC_A	5:142325843_G_A
5:142344109_AC_A	5:142328670_A_C
5:142344109_AC_A	5:142328687_G_A
5:142344109_AC_A	5:142328730_C_G
5:142344109_AC_A	5:142328893_T_TTCCTCTC
5:142344109_AC_A	5:142328966_C_T
5:142344109_AC_A	5:142329145_A_G
5:142344109_AC_A	5:142329907_T_C
5:142344109_AC_A	5:142334831_T_C
5:142344109_AC_A	5:142335335_T_C
5:142344109_AC_A	5:142335594_C_T
5:142344109_AC_A	5:142335952_A_G
5:142344109_AC_A	5:142336474_A_G
5:142344109_AC_A	5:142338171_A_G
5:142344109_AC_A	5:142338487_A_AAAG
5:142344109_AC_A	5:142339670_G_A
5:142344109_AC_A	5:142342728_GGTATATATGT_G
5:142344109_AC_A	5:142343215_T_C
5:142344109_AC_A	5:142343870_A_C
5:142344109_AC_A	5:142344111_AC_A
5:142344109_AC_A	5:142344153_CA_C
5:142344109_AC_A	5:142344310_T_C
5:142344109_AC_A	5:142344372_C_G
5:142344109_AC_A	5:142344620_G_A
5:142344109_AC_A	5:142345007_C_T
5:142344109_AC_A	5:142345143_G_A
5:142344109_AC_A	5:142345454_T_C
5:142344109_AC_A	5:142345527_C_T
5:142344109_AC_A	5:142345807_A_G
5:142344109_AC_A	5:142346297_G_T
5:142344109_AC_A	5:142346711_T_G
5:142344109_AC_A	5:142346894_A_G
5:142344109_AC_A	5:142349065_T_C
5:142344109_AC_A	5:142350223_A_G
5:142344109_AC_A	5:142351745_TA_T
5:142344109_AC_A	5:142357116_T_G
5:142344109_AC_A	5:142365411_T_C
5:142344109_AC_A	5:142365516_G_A
5:142344109_AC_A	5:142365724_G_C
5:142344109_AC_A	5:142365757_C_T
5:142344109_AC_A	5:142366511_A_C
5:142344109_AC_A	5:142366657_G_A
5:142344109_AC_A	5:142367103_TA_T
5:142344109_AC_A	5:142367295_C_T
5:142344109_AC_A	5:142367303_T_C
5:142344109_AC_A	5:142367558_A_T
5:142344109_AC_A	5:142367925_T_G
5:142344109_AC_A	5:142367985_T_G
5:142344109_AC_A	5:142368049_G_A
5:142344109_AC_A	5:142368051_C_T
5:142344109_AC_A	5:142368056_C_T
5:142344109_AC_A	5:142369812_G_A
5:142344109_AC_A	5:142369994_C_A
5:142344109_AC_A	5:142370276_G_A
5:142344109_AC_A	5:142370419_C_G
5:142344109_AC_A	5:142370756_G_A
5:142344109_AC_A	5:142370810_C_T
5:142344109_AC_A	5:142371467_G_T
5:142344109_AC_A	5:142372924_T_C
5:142344109_AC_A	5:142373382_TTTTTC_T
5:142344109_AC_A	5:142373540_T_A
5:142344109_AC_A	5:142375884_T_C
5:142344109_AC_A	5:142375982_T_G
5:142344109_AC_A	5:142377013_A_G
5:142344109_AC_A	5:142379626_G_A
5:142344109_AC_A	5:142384160_C_T
5:142344109_AC_A	5:142384171_G_A
5:142344109_AC_A	5:142385141_T_G
5:142344109_AC_A	5:142386578_T_C
5:142344109_AC_A	5:142387103_G_A
5:142344109_AC_A	5:142387961_C_T
5:142344109_AC_A	5:142391158_C_T
5:142344109_AC_A	5:142394088_AG_A
5:142344109_AC_A	5:142397025_A_T
5:142344109_AC_A	5:142398445_T_C
5:142344109_AC_A	5:142399294_T_C
5:142344109_AC_A	5:142400297_G_A
5:142344109_AC_A	5:142400396_A_G
5:142344109_AC_A	5:142400975_A_G
5:142344109_AC_A	5:142589474_G_A
5:142344109_AC_A	5:149911219_A_G
5:142344109_AC_A	5:149914401_T_C
5:142344109_AC_A	5:149915676_C_G
5:142344109_AC_A	5:149919739_G_C
5:142344109_AC_A	5:149949806_C_A
5:142344109_AC_A	5:149951873_G_A
5:142344109_AC_A	5:149954864_G_A
6:100620931_C_T	6:92646863_CT_C
6:100620931_C_T	6:93936323_G_GTTTCT
6:100620931_C_T	6:95177634_A_C
6:100620931_C_T	6:96888925_T_C
6:100620931_C_T	6:98857828_C_T
6:100620931_C_T	6:98891541_G_C
6:100620931_C_T	6:98891605_G_A
6:100620931_C_T	6:100597579_A_T
6:100620931_C_T	6:100599389_C_T
6:100620931_C_T	6:100599780_G_T
6:100620931_C_T	6:100600583_AT_A
6:100620931_C_T	6:100602753_G_A
6:100620931_C_T	6:100602931_C_A
6:100620931_C_T	6:100604155_A_G
6:100620931_C_T	6:100604878_A_G
6:100620931_C_T	6:100604996_T_C
6:100620931_C_T	6:100608819_TA_T
6:100620931_C_T	6:100609124_A_G
6:100620931_C_T	6:100609338_A_G
6:100620931_C_T	6:100610044_A_C
6:100620931_C_T	6:100610101_A_G
6:100620931_C_T	6:100613551_T_C
6:100620931_C_T	6:100613915_A_G
6:100620931_C_T	6:100615665_T_A
6:100620931_C_T	6:100615755_A_T
6:100620931_C_T	6:100616140_T_C
6:100620931_C_T	6:100617680_T_G
6:100620931_C_T	6:100618009_G_A
6:100620931_C_T	6:100619658_A_G
6:100620931_C_T	6:100621223_C_T
6:100620931_C_T	6:100621825_G_A
6:100620931_C_T	6:100622318_T_C
6:100620931_C_T	6:100623154_T_C
6:100620931_C_T	6:100625078_A_G
6:100620931_C_T	6:100626148_A_G
6:100620931_C_T	6:100626344_C_T
6:100620931_C_T	6:100627359_T_C
6:100620931_C_T	6:100629078_T_C
6:100620931_C_T	6:103368825_CT_C
6:100620931_C_T	6:103453152_A_C
8:92521623_TC_T	8:83305138_G_A
8:92521623_TC_T	8:83328138_A_G
8:92521623_TC_T	8:83328739_C_T
8:92521623_TC_T	8:83330607_C_T
8:92521623_TC_T	8:83333465_A_G
8:92521623_TC_T	8:90704978_G_A
8:92521623_TC_T	8:90711057_C_T
8:92521623_TC_T	8:90723089_C_A
8:92521623_TC_T	8:92360576_G_A
8:92521623_TC_T	8:92382406_C_CT
8:92521623_TC_T	8:92384584_A_G
8:92521623_TC_T	8:92391007_C_T
8:92521623_TC_T	8:92464180_G_A
8:92521623_TC_T	8:92469609_T_A
8:92521623_TC_T	8:92478693_T_C
8:92521623_TC_T	8:92479071_G_C
8:92521623_TC_T	8:92479701_G_A
8:92521623_TC_T	8:92483156_T_TA
8:92521623_TC_T	8:92488633_A_G
8:92521623_TC_T	8:92495861_T_C
8:92521623_TC_T	8:92524417_T_C
8:92521623_TC_T	8:92529023_G_C
8:92521623_TC_T	8:92531682_T_TAACTC
8:92521623_TC_T	8:92554952_C_T
8:92521623_TC_T	8:92558186_G_A
8:92521623_TC_T	8:92560460_T_C
8:92521623_TC_T	8:92560661_A_G
8:92521623_TC_T	8:92570896_G_A
8:92521623_TC_T	8:92570922_C_G
8:92521623_TC_T	8:92577048_TA_T
8:92521623_TC_T	8:92578051_T_C
8:92521623_TC_T	8:92588785_T_A
8:92521623_TC_T	8:92588805_C_G
8:92521623_TC_T	8:92599661_T_C
8:92521623_TC_T	8:92614194_C_T
8:92521623_TC_T	8:92614361_A_C
8:92521623_TC_T	8:92664176_G_GAAGAA
8:92521623_TC_T	8:92699100_T_C
8:92521623_TC_T	8:92719656_A_G
8:92521623_TC_T	8:92733648_C_T
8:92521623_TC_T	8:92733817_C_A
8:92521623_TC_T	8:92733894_A_C
8:92521623_TC_T	8:92739741_C_A
8:92521623_TC_T	8:92740232_G_C
8:92521623_TC_T	8:93103772_G_A
8:92521623_TC_T	8:93246084_A_G
8:92521623_TC_T	8:93252183_A_G
8:92521623_TC_T	8:93252639_C_T
8:92521623_TC_T	8:93253302_C_G
8:92521623_TC_T	8:93254434_T_C
8:92521623_TC_T	8:93254822_C_A
8:92521623_TC_T	8:93256917_C_A
8:92521623_TC_T	8:93259375_T_C
8:92521623_TC_T	8:93259695_G_A
8:92521623_TC_T	8:93267534_GT_G
8:92521623_TC_T	8:93271795_A_C
8:92521623_TC_T	8:93292844_T_C
8:92521623_TC_T	8:93311896_G_T
8:92521623_TC_T	8:93377736_T_C
8:92521623_TC_T	8:93378662_A_G
8:92521623_TC_T	8:93378909_G_C
8:92521623_TC_T	8:93380915_A_G
8:92521623_TC_T	8:93381345_C_G
8:92521623_TC_T	8:93387582_G_A
8:92521623_TC_T	8:93431029_C_T
8:92521623_TC_T	8:93438644_A_G
8:92521623_TC_T	8:93439694_C_G
8:92521623_TC_T	8:93439810_C_A
8:92521623_TC_T	8:93439864_C_T
8:92521623_TC_T	8:93439879_G_T
8:92521623_TC_T	8:93440525_G_A
8:92521623_TC_T	8:93440739_C_T
8:92521623_TC_T	8:93440885_C_A
8:92521623_TC_T	8:93440918_G_C
8:92521623_TC_T	8:93441416_A_G
8:92521623_TC_T	8:93441441_C_T
8:92521623_TC_T	8:93441737_G_A
8:92521623_TC_T	8:93441798_A_G
8:92521623_TC_T	8:93442101_C_T
8:92521623_TC_T	8:93443393_A_G
8:92521623_TC_T	8:93445979_C_T
8:92521623_TC_T	8:93446529_G_A
8:92521623_TC_T	8:93446666_C_A
8:92521623_TC_T	8:93447526_G_T
8:92521623_TC_T	8:93448497_A_T
8:92521623_TC_T	8:93486707_T_C
8:92521623_TC_T	8:93487821_C_G
8:92521623_TC_T	8:98340650_C_T
8:92521623_TC_T	8:98341629_A_C
18:43115099_A_T	18:33669062_A_T
18:43115099_A_T	18:33674087_AT_A
18:43115099_A_T	18:35570799_T_C
18:43115099_A_T	18:40139544_C_G
18:43115099_A_T	18:43083817_T_C
18:43115099_A_T	18:43208443_G_A
18:43115099_A_T	18:43209180_C_T
19:45427125_T_A	19:36153567_A_G
19:45427125_T_A	19:38826625_GGGGAAAGAGGGGAAGAGTCGTGGGAGCTGGGAGAGGA_G
19:45427125_T_A	19:45372849_C_A
19:45427125_T_A	19:45372866_AG_A
19:45427125_T_A	19:45387459_C_G
19:45427125_T_A	19:45387596_G_A
19:45427125_T_A	19:45388130_G_A
19:45427125_T_A	19:45394336_T_C
19:45427125_T_A	19:45395909_C_G
19:45427125_T_A	19:45396144_C_T
19:45427125_T_A	19:45422160_C_G
19:45427125_T_A	19:45422846_G_A
19:45427125_T_A	19:45424351_A_T
19:45427125_T_A	19:45424514_A_C
19:45427125_T_A	19:45428234_G_A
19:45427125_T_A	19:46379212_C_CT
19:45427125_T_A	19:50012126_TA_T
19:45427125_T_A	19:51442699_A_G
19:45427125_T_A	19:51443677_C_A
19:45427125_T_A	19:51519710_C_T
19:45427125_T_A	19:53110947_C_T
19:45427125_T_A	19:53435329_T_G
19:45427125_T_A	19:53438718_G_A
19:45427125_T_A	19:53438823_C_A
19:45427125_T_A	19:53438865_T_C
19:45427125_T_A	19:53439481_G_A
19:45427125_T_A	19:54174761_A_G
19:45427125_T_A	19:55146565_G_A
19:45427125_T_A	19:55146803_C_T
19:45427125_T_A	19:55147074_C_T
19:45427125_T_A	19:55147635_A_G
19:45427125_T_A	19:55147639_T_G
19:45427125_T_A	19:55147643_G_C
19:45427125_T_A	19:55148378_G_A
19:45427125_T_A	19:55162545_G_A
19:45427125_T_A	19:55163742_T_A
15:39966432_G_T	15:33600059_A_T
15:39966432_G_T	15:33604887_ATCT_A
15:39966432_G_T	15:34118994_C_CAG
15:39966432_G_T	15:36594554_T_C
15:39966432_G_T	15:36594568_A_G
15:39966432_G_T	15:39945799_T_C
15:39966432_G_T	15:39946030_G_A
15:39966432_G_T	15:39948243_T_G
15:39966432_G_T	15:39950653_G_C
15:39966432_G_T	15:39955786_A_C
15:39966432_G_T	15:39958248_G_A
15:39966432_G_T	15:39961360_G_A
15:39966432_G_T	15:39964216_A_C
15:39966432_G_T	15:39966279_A_G
15:39966432_G_T	15:39966590_G_C
15:39966432_G_T	15:39966653_T_C
15:39966432_G_T	15:39966894_T_C
15:39966432_G_T	15:39966993_TA_T
15:39966432_G_T	15:39967098_G_A
15:39966432_G_T	15:39972677_C_T
15:39966432_G_T	15:39975573_T_G
15:39966432_G_T	15:39976057_T_G
15:39966432_G_T	15:39977186_C_T
15:39966432_G_T	15:39980728_T_C
15:39966432_G_T	15:39984039_A_G
15:39966432_G_T	15:39984678_A_G
15:39966432_G_T	15:39985085_T_C
15:39966432_G_T	15:39993758_T_G
15:39966432_G_T	15:39994440_T_G
15:39966432_G_T	15:39996034_GATCT_G
15:39966432_G_T	15:40000071_A_G
15:39966432_G_T	15:40000405_G_C
15:39966432_G_T	15:40002970_G_A
15:39966432_G_T	15:40009205_A_G
15:39966432_G_T	15:40012164_A_C
15:39966432_G_T	15:40014104_A_G
15:39966432_G_T	15:40020510_G_A
15:39966432_G_T	15:40021576_A_C
15:39966432_G_T	15:40023237_G_A
15:39966432_G_T	15:40025544_C_T
15:39966432_G_T	15:41783814_A_G
15:39966432_G_T	15:41784441_A_G
15:39966432_G_T	15:42150011_G_C
15:39966432_G_T	15:42151386_TCA_T
15:39966432_G_T	15:42954739_A_C
X:105603760_GT_G	X:97865725_GATATA_G
X:105603760_GT_G	X:98101699_T_TGATCTTTCTGTACCTG
X:105603760_GT_G	X:98103713_CTA_C
X:105603760_GT_G	X:103174093_C_G
X:105603760_GT_G	X:103290867_G_T
X:105603760_GT_G	X:103355580_T_G
X:105603760_GT_G	X:103366585_TATATATATATATATATATATATATA_T
X:105603760_GT_G	X:103393206_C_T
X:105603760_GT_G	X:103397312_T_G
X:105603760_GT_G	X:103410282_G_T
X:105603760_GT_G	X:103413328_A_G
X:105603760_GT_G	X:103439079_A_T
X:105603760_GT_G	X:103443279_G_T
X:105603760_GT_G	X:105504568_G_C
X:105603760_GT_G	X:105595754_T_C
X:105603760_GT_G	X:105598044_A_G
X:105603760_GT_G	X:105598074_T_C
X:105603760_GT_G	X:105606129_G_A
X:105603760_GT_G	X:105625447_AT_A
X:105603760_GT_G	X:105650058_C_T
X:105603760_GT_G	X:105652589_G_A
X:105603760_GT_G	X:105689985_C_A
X:105603760_GT_G	X:109595106_TA_T
X:105603760_GT_G	X:111816151_C_T
13:109495861_CA_C	13:105298132_GTGAT_G
13:109495861_CA_C	13:105301937_T_TTTTAATTACTCTAAAA
13:109495861_CA_C	13:105301944_A_ACT
13:109495861_CA_C	13:105304772_G_C
13:109495861_CA_C	13:105304791_A_G
13:109495861_CA_C	13:105309300_C_T
13:109495861_CA_C	13:108476839_A_G
13:109495861_CA_C	13:108478467_C_CT
13:109495861_CA_C	13:108479201_T_C
13:109495861_CA_C	13:108480736_T_C
13:109495861_CA_C	13:108481882_G_A
13:109495861_CA_C	13:108482033_ATGAGTTTACTCGTGTC_A
13:109495861_CA_C	13:108486225_G_GT
13:109495861_CA_C	13:108486588_C_A
13:109495861_CA_C	13:108693200_TC_T
13:109495861_CA_C	13:109080975_G_A
13:109495861_CA_C	13:109473946_G_A
13:109495861_CA_C	13:109483981_T_C
13:109495861_CA_C	13:109484007_T_C
13:109495861_CA_C	13:109491118_G_GCACA
13:109495861_CA_C	13:109495424_C_G
13:109495861_CA_C	13:109496107_A_G
13:109495861_CA_C	13:109496479_C_T
13:109495861_CA_C	13:109502126_G_A
13:109495861_CA_C	13:109703988_T_C
13:109495861_CA_C	13:110355414_T_C
13:109495861_CA_C	13:110355874_A_AAC
13:109495861_CA_C	13:110356300_A_G
13:109495861_CA_C	13:110356347_T_C
13:109495861_CA_C	13:110357944_G_A
13:109495861_CA_C	13:110360444_T_C
13:109495861_CA_C	13:110361373_TCTA_T
13:109495861_CA_C	13:110362037_C_T
13:109495861_CA_C	13:110363053_A_T
13:109495861_CA_C	13:110363535_A_G
13:109495861_CA_C	13:110366014_C_G
13:109495861_CA_C	13:110366786_T_C
13:109495861_CA_C	13:110368764_T_C
13:109495861_CA_C	13:110371565_A_C
13:109495861_CA_C	13:110372013_A_G
13:109495861_CA_C	13:110372691_A_ACCAGGCTTTGTTCC
13:109495861_CA_C	13:110373035_T_A
13:109495861_CA_C	13:110373410_C_G
13:109495861_CA_C	13:110374210_T_C
13:109495861_CA_C	13:110376963_T_G
13:109495861_CA_C	13:110384432_C_A
13:109495861_CA_C	13:110424075_A_T
13:109495861_CA_C	13:110424972_A_T
13:109495861_CA_C	13:110425082_C_T
13:109495861_CA_C	13:110431574_C_T
13:109495861_CA_C	13:110431891_C_T
13:109495861_CA_C	13:110433146_AC_A
13:109495861_CA_C	13:112002464_T_C
13:109495861_CA_C	13:112083277_C_A
13:109495861_CA_C	13:112087965_A_G
13:109495861_CA_C	13:113745234_A_G
13:109495861_CA_C	13:113787459_A_G
13:109495861_CA_C	13:113792390_G_C
1:43087168_T_TTTTA	1:34267945_T_C
1:43087168_T_TTTTA	1:34558366_G_A
1:43087168_T_TTTTA	1:34569106_A_G
1:43087168_T_TTTTA	1:38560276_C_T
1:43087168_T_TTTTA	1:42882118_T_A
1:43087168_T_TTTTA	1:42885109_T_G
1:43087168_T_TTTTA	1:42888632_AG_A
1:43087168_T_TTTTA	1:42889846_C_A
1:43087168_T_TTTTA	1:42890397_G_A
1:43087168_T_TTTTA	1:42897731_C_CT
1:43087168_T_TTTTA	1:42897985_A_G
1:43087168_T_TTTTA	1:42907431_A_G
1:43087168_T_TTTTA	1:42909342_G_A
1:43087168_T_TTTTA	1:42909543_T_C
1:43087168_T_TTTTA	1:42912151_C_T
1:43087168_T_TTTTA	1:42915527_C_A
1:43087168_T_TTTTA	1:42919489_C_T
1:43087168_T_TTTTA	1:42923487_G_A
1:43087168_T_TTTTA	1:42932336_C_T
1:43087168_T_TTTTA	1:42933906_C_T
1:43087168_T_TTTTA	1:42939102_CT_C
1:43087168_T_TTTTA	1:42942398_ATTATAC_A
1:43087168_T_TTTTA	1:42942797_C_T
1:43087168_T_TTTTA	1:42944070_A_C
1:43087168_T_TTTTA	1:42947837_C_T
1:43087168_T_TTTTA	1:42949887_T_C
1:43087168_T_TTTTA	1:42953892_T_C
1:43087168_T_TTTTA	1:42955174_G_A
1:43087168_T_TTTTA	1:42960741_G_A
1:43087168_T_TTTTA	1:42966943_G_A
1:43087168_T_TTTTA	1:42973035_T_C
1:43087168_T_TTTTA	1:42974784_C_A
1:43087168_T_TTTTA	1:42977407_A_T
1:43087168_T_TTTTA	1:42981746_G_A
1:43087168_T_TTTTA	1:42985838_T_C
1:43087168_T_TTTTA	1:42985937_TTCTGTA_T
1:43087168_T_TTTTA	1:43001755_C_T
1:43087168_T_TTTTA	1:43003819_A_AC
1:43087168_T_TTTTA	1:43020001_C_T
1:43087168_T_TTTTA	1:43024213_T_G
1:43087168_T_TTTTA	1:43043600_C_T
1:43087168_T_TTTTA	1:43044108_A_T
1:43087168_T_TTTTA	1:43045533_G_A
1:43087168_T_TTTTA	1:43056058_T_C
1:43087168_T_TTTTA	1:43059933_G_A
1:43087168_T_TTTTA	1:43063860_A_C
1:43087168_T_TTTTA	1:43066594_G_A
1:43087168_T_TTTTA	1:43076078_A_AT
1:43087168_T_TTTTA	1:43076154_G_C
1:43087168_T_TTTTA	1:43076493_A_G
1:43087168_T_TTTTA	1:43079690_C_T
1:43087168_T_TTTTA	1:43081270_G_A
1:43087168_T_TTTTA	1:43082979_T_G
1:43087168_T_TTTTA	1:43085282_TC_T
1:43087168_T_TTTTA	1:43087429_G_A
1:43087168_T_TTTTA	1:43090997_TG_T
1:43087168_T_TTTTA	1:43092585_C_T
1:43087168_T_TTTTA	1:43093192_A_G
1:43087168_T_TTTTA	1:43098727_C_T
1:43087168_T_TTTTA	1:43099085_T_C
1:43087168_T_TTTTA	1:43099936_A_C
1:43087168_T_TTTTA	1:43099941_A_C
1:43087168_T_TTTTA	1:43102111_T_C
1:43087168_T_TTTTA	1:43102615_C_T
1:43087168_T_TTTTA	1:43107724_A_G
1:43087168_T_TTTTA	1:43109345_CA_C
1:43087168_T_TTTTA	1:43114290_G_A
1:43087168_T_TTTTA	1:43116832_G_A
1:43087168_T_TTTTA	1:43116838_G_C
1:43087168_T_TTTTA	1:43118377_C_G
1:43087168_T_TTTTA	1:43123855_C_T
1:43087168_T_TTTTA	1:43129869_C_T
1:43087168_T_TTTTA	1:43130019_G_A
1:43087168_T_TTTTA	1:43132669_G_A
1:43087168_T_TTTTA	1:43134817_G_A
1:43087168_T_TTTTA	1:43139659_T_A
1:43087168_T_TTTTA	1:43145062_C_G
1:43087168_T_TTTTA	1:43149888_A_G
1:43087168_T_TTTTA	1:43152610_A_G
1:43087168_T_TTTTA	1:43154119_CAT_C
1:43087168_T_TTTTA	1:43154492_G_T
1:43087168_T_TTTTA	1:43159705_T_G
1:43087168_T_TTTTA	1:43165291_T_TG
1:43087168_T_TTTTA	1:43171673_T_A
1:43087168_T_TTTTA	1:43172933_C_T
1:43087168_T_TTTTA	1:43172937_A_G
1:43087168_T_TTTTA	1:43176320_T_C
1:43087168_T_TTTTA	1:43241560_TA_T
1:43087168_T_TTTTA	1:43267970_T_C
1:43087168_T_TTTTA	1:43271033_T_C
1:43087168_T_TTTTA	1:43284052_G_C
6:11927112_G_GAGAAAGAAAAAGAAAGAAAGAAGAAAGAAA	6:2431462_C_T
6:11927112_G_GAGAAAGAAAAAGAAAGAAAGAAGAAAGAAA	6:2442373_G_A
6:11927112_G_GAGAAAGAAAAAGAAAGAAAGAAGAAAGAAA	6:5938410_C_T
6:11927112_G_GAGAAAGAAAAAGAAAGAAAGAAGAAAGAAA	6:9906609_A_G
6:11927112_G_GAGAAAGAAAAAGAAAGAAAGAAGAAAGAAA	6:9916798_C_T
6:11927112_G_GAGAAAGAAAAAGAAAGAAAGAAGAAAGAAA	6:9920554_G_T
6:11927112_G_GAGAAAGAAAAAGAAAGAAAGAAGAAAGAAA	6:9923871_A_T
6:11927112_G_GAGAAAGAAAAAGAAAGAAAGAAGAAAGAAA	6:9925370_G_C
6:11927112_G_GAGAAAGAAAAAGAAAGAAAGAAGAAAGAAA	6:9935115_T_C
6:11927112_G_GAGAAAGAAAAAGAAAGAAAGAAGAAAGAAA	6:9942077_A_G
6:11927112_G_GAGAAAGAAAAAGAAAGAAAGAAGAAAGAAA	6:9943651_A_G
6:11927112_G_GAGAAAGAAAAAGAAAGAAAGAAGAAAGAAA	6:10888588_A_G
6:11927112_G_GAGAAAGAAAAAGAAAGAAAGAAGAAAGAAA	6:11927921_A_G
6:11927112_G_GAGAAAGAAAAAGAAAGAAAGAAGAAAGAAA	6:11929602_C_A
6:11927112_G_GAGAAAGAAAAAGAAAGAAAGAAGAAAGAAA	6:11930186_A_G
6:11927112_G_GAGAAAGAAAAAGAAAGAAAGAAGAAAGAAA	6:11934964_G_A
6:11927112_G_GAGAAAGAAAAAGAAAGAAAGAAGAAAGAAA	6:11940464_G_C
6:11927112_G_GAGAAAGAAAAAGAAAGAAAGAAGAAAGAAA	6:11951799_T_C
6:11927112_G_GAGAAAGAAAAAGAAAGAAAGAAGAAAGAAA	6:11954798_G_A
6:11927112_G_GAGAAAGAAAAAGAAAGAAAGAAGAAAGAAA	6:11972264_GC_G
6:11927112_G_GAGAAAGAAAAAGAAAGAAAGAAGAAAGAAA	6:11972512_G_A
6:11927112_G_GAGAAAGAAAAAGAAAGAAAGAAGAAAGAAA	6:11975250_C_T
6:11927112_G_GAGAAAGAAAAAGAAAGAAAGAAGAAAGAAA	6:12006926_A_T
6:11927112_G_GAGAAAGAAAAAGAAAGAAAGAAGAAAGAAA	6:12010840_AT_A
6:11927112_G_GAGAAAGAAAAAGAAAGAAAGAAGAAAGAAA	6:12033701_G_T
6:11927112_G_GAGAAAGAAAAAGAAAGAAAGAAGAAAGAAA	6:12034028_T_C
6:11927112_G_GAGAAAGAAAAAGAAAGAAAGAAGAAAGAAA	6:12035486_G_A
6:11927112_G_GAGAAAGAAAAAGAAAGAAAGAAGAAAGAAA	6:12037236_T_C
6:11927112_G_GAGAAAGAAAAAGAAAGAAAGAAGAAAGAAA	6:12037262_C_T
6:11927112_G_GAGAAAGAAAAAGAAAGAAAGAAGAAAGAAA	6:12037316_A_G
6:11927112_G_GAGAAAGAAAAAGAAAGAAAGAAGAAAGAAA	6:13514103_C_A
6:11927112_G_GAGAAAGAAAAAGAAAGAAAGAAGAAAGAAA	6:16507829_A_G
6:11927112_G_GAGAAAGAAAAAGAAAGAAAGAAGAAAGAAA	6:16513846_T_C
6:11927112_G_GAGAAAGAAAAAGAAAGAAAGAAGAAAGAAA	6:18477936_T_C
6:11927112_G_GAGAAAGAAAAAGAAAGAAAGAAGAAAGAAA	6:18479708_T_G
6:11927112_G_GAGAAAGAAAAAGAAAGAAAGAAGAAAGAAA	6:18491546_C_T
6:11927112_G_GAGAAAGAAAAAGAAAGAAAGAAGAAAGAAA	6:18492434_T_TA
6:11927112_G_GAGAAAGAAAAAGAAAGAAAGAAGAAAGAAA	6:18497692_G_C
6:11927112_G_GAGAAAGAAAAAGAAAGAAAGAAGAAAGAAA	6:18498039_G_GT
6:11927112_G_GAGAAAGAAAAAGAAAGAAAGAAGAAAGAAA	6:18498187_TTGTATTTTTAGTAGA_T
6:11927112_G_GAGAAAGAAAAAGAAAGAAAGAAGAAAGAAA	6:18499926_G_A
6:11927112_G_GAGAAAGAAAAAGAAAGAAAGAAGAAAGAAA	6:18500921_C_A
6:11927112_G_GAGAAAGAAAAAGAAAGAAAGAAGAAAGAAA	6:18513024_C_T
6:11927112_G_GAGAAAGAAAAAGAAAGAAAGAAGAAAGAAA	6:19138118_C_T
6:11927112_G_GAGAAAGAAAAAGAAAGAAAGAAGAAAGAAA	6:21300575_A_G
6:11927112_G_GAGAAAGAAAAAGAAAGAAAGAAGAAAGAAA	6:21301043_A_G
6:11927112_G_GAGAAAGAAAAAGAAAGAAAGAAGAAAGAAA	6:21302889_T_A
6:11927112_G_GAGAAAGAAAAAGAAAGAAAGAAGAAAGAAA	6:21303191_A_AGAG
6:11927112_G_GAGAAAGAAAAAGAAAGAAAGAAGAAAGAAA	6:21306748_A_G
6:11927112_G_GAGAAAGAAAAAGAAAGAAAGAAGAAAGAAA	6:21310031_G_A
6:11927112_G_GAGAAAGAAAAAGAAAGAAAGAAGAAAGAAA	6:21312555_C_T
19:55168674_T_C	19:47031583_C_T
19:55168674_T_C	19:55059486_G_A
19:55168674_T_C	19:55061883_G_A
19:55168674_T_C	19:55104958_T_G
19:55168674_T_C	19:55127884_C_T
19:55168674_T_C	19:55137415_T_A
19:55168674_T_C	19:55137654_G_A
19:55168674_T_C	19:55168704_C_T
19:55168674_T_C	19:57830489_A_G
19:55168674_T_C	19:58485828_C_T
19:55168674_T_C	19:58492223_T_C
19:55168674_T_C	19:58493129_A_G
19:55168674_T_C	19:58493714_A_G
19:55168674_T_C	19:58494665_G_A
19:55168674_T_C	19:58494946_CA_C
19:55168674_T_C	19:58496890_A_G
19:55168674_T_C	19:58497154_T_C
19:55168674_T_C	19:58497440_C_CA
19:55168674_T_C	19:58497573_G_A
19:55168674_T_C	19:58498323_C_T
19:55168674_T_C	19:58498545_T_C
19:55168674_T_C	19:58499004_C_A
19:55168674_T_C	19:58500468_G_A
19:55168674_T_C	19:58502950_C_T
19:55168674_T_C	19:58504419_A_G
19:55168674_T_C	19:58506153_G_C
19:55168674_T_C	19:58508683_G_A
19:55168674_T_C	19:58510258_T_C
19:55168674_T_C	19:58512227_G_A
19:55168674_T_C	19:58514183_T_C
19:55168674_T_C	19:58514475_G_T
19:55168674_T_C	19:58516651_A_G
19:55168674_T_C	19:58528978_C_T
19:55168674_T_C	19:58530628_C_T
19:55168674_T_C	19:58532277_GAGAC_G
19:55168674_T_C	19:58751030_C_T
19:55168674_T_C	19:58754386_G_T
19:55168674_T_C	19:58764185_C_T
19:55168674_T_C	19:58764375_A_G
19:55168674_T_C	19:58765459_G_A
19:55168674_T_C	19:58766410_C_T
19:55168674_T_C	19:58766550_A_G
19:55168674_T_C	19:58766735_T_G
19:55168674_T_C	19:58766737_G_T
19:55168674_T_C	19:58766874_A_C
19:55168674_T_C	19:58766985_C_CAAAT
19:55168674_T_C	19:58767151_G_A
19:55168674_T_C	19:58767565_C_T
19:55168674_T_C	19:58767697_G_A
19:55168674_T_C	19:58768500_T_G
19:55168674_T_C	19:58769790_T_G
19:55168674_T_C	19:58774581_G_C
19:55168674_T_C	19:58774658_CTT_C
19:55168674_T_C	19:58774762_G_T
19:55168674_T_C	19:58775182_C_T
19:55168674_T_C	19:58775192_G_A
19:55168674_T_C	19:58775486_A_G
19:55168674_T_C	19:58775737_G_T
19:55168674_T_C	19:58776215_A_T
19:55168674_T_C	19:58776480_G_A
19:55168674_T_C	19:58776483_A_G
19:55168674_T_C	19:58776484_A_G
19:55168674_T_C	19:58776630_A_G
19:55168674_T_C	19:58776765_C_T
19:55168674_T_C	19:58776863_A_G
19:55168674_T_C	19:58777337_G_A
19:55168674_T_C	19:58777390_G_A
22:18139005_C_CA	22:18081156_G_T
22:18139005_C_CA	22:18124153_A_AT
22:18139005_C_CA	22:18126162_G_A
22:18139005_C_CA	22:18127076_G_A
22:18139005_C_CA	22:18128081_C_T
22:18139005_C_CA	22:18130138_T_G
22:18139005_C_CA	22:18132004_T_C
22:18139005_C_CA	22:18132812_G_T
22:18139005_C_CA	22:18133490_A_T
22:18139005_C_CA	22:18138998_T_A
22:18139005_C_CA	22:18141321_A_G
22:18139005_C_CA	22:18143835_C_T
22:18139005_C_CA	22:18147026_C_T
22:18139005_C_CA	22:18150922_G_T
22:18139005_C_CA	22:18152178_A_G
22:18139005_C_CA	22:18153766_C_T
22:18139005_C_CA	22:18154147_G_C
22:18139005_C_CA	22:18154285_A_T
22:18139005_C_CA	22:18156299_AT_A
22:18139005_C_CA	22:18156385_C_T
22:18139005_C_CA	22:18157282_A_G
22:18139005_C_CA	22:18157841_TAC_T
22:18139005_C_CA	22:18159704_A_G
22:18139005_C_CA	22:18163795_C_T
22:18139005_C_CA	22:18164602_G_A
22:18139005_C_CA	22:18164866_T_C
22:18139005_C_CA	22:18166610_CATTATTATT_C
22:18139005_C_CA	22:18169012_T_G
22:18139005_C_CA	22:18172236_C_G
22:18139005_C_CA	22:18173007_G_A
22:18139005_C_CA	22:18174124_TTG_T
22:18139005_C_CA	22:18174361_G_A
22:18139005_C_CA	22:18174518_T_C
22:18139005_C_CA	22:18175030_A_G
22:18139005_C_CA	22:18176913_T_A
22:18139005_C_CA	22:18179389_G_A
22:18139005_C_CA	22:18179399_C_T
22:18139005_C_CA	22:18181621_T_C
22:18139005_C_CA	22:18184681_CA_C
22:18139005_C_CA	22:18186805_C_T
22:18139005_C_CA	22:18187216_C_T
22:18139005_C_CA	22:18188469_T_A
22:18139005_C_CA	22:18188525_T_C
22:18139005_C_CA	22:18189296_T_C
22:18139005_C_CA	22:18190777_G_A
22:18139005_C_CA	22:18193116_G_A
22:18139005_C_CA	22:18193519_C_T
22:18139005_C_CA	22:18193707_C_T
22:18139005_C_CA	22:18196337_C_G
22:18139005_C_CA	22:18197053_C_T
22:18139005_C_CA	22:18197161_C_T
22:18139005_C_CA	22:18200878_G_T
22:18139005_C_CA	22:18202150_C_T
22:18139005_C_CA	22:18203115_T_A
22:18139005_C_CA	22:18203724_A_G
22:18139005_C_CA	22:18211020_G_GA
22:18139005_C_CA	22:18219093_T_C
22:18139005_C_CA	22:18219223_CAAA_C
22:18139005_C_CA	22:18221312_G_A
22:18139005_C_CA	22:18221942_ATCT_A
22:18139005_C_CA	22:18221966_A_G
22:18139005_C_CA	22:18221985_C_T
22:18139005_C_CA	22:18226997_C_G
22:18139005_C_CA	22:18227688_C_T
22:18139005_C_CA	22:18228653_A_C
22:18139005_C_CA	22:18230954_G_T
22:18139005_C_CA	22:18230998_G_A
22:18139005_C_CA	22:18231014_G_A
22:18139005_C_CA	22:18231015_C_T
22:18139005_C_CA	22:18231271_CA_C
22:18139005_C_CA	22:18231866_G_A
22:18139005_C_CA	22:18234589_G_A
22:18139005_C_CA	22:18262528_AC_A
22:18139005_C_CA	22:18262577_G_A
22:18139005_C_CA	22:23388447_G_A
22:18139005_C_CA	22:23389142_T_G
22:18139005_C_CA	22:23412786_C_CGCCGCTGA
22:18139005_C_CA	22:23416005_G_A
22:18139005_C_CA	22:23417712_G_C
16:83638558_G_A	16:75166550_C_CT
16:83638558_G_A	16:76991471_A_T
16:83638558_G_A	16:76992316_C_CA
16:83638558_G_A	16:76997174_T_C
16:83638558_G_A	16:77012452_A_G
16:83638558_G_A	16:77012855_A_G
16:83638558_G_A	16:77014632_T_A
16:83638558_G_A	16:77015270_G_GCT
16:83638558_G_A	16:77016519_C_T
16:83638558_G_A	16:77022780_T_C
16:83638558_G_A	16:77286386_C_G
16:83638558_G_A	16:77299755_C_T
16:83638558_G_A	16:77303900_C_T
16:83638558_G_A	16:87573992_T_A
16:83638558_G_A	16:88823280_C_T
16:83638558_G_A	16:89327379_T_C
16:83638558_G_A	16:89327434_ATGG_A
16:83638558_G_A	16:89327450_T_C
4:161235860_CAA_C	4:161228508_A_G
4:161235860_CAA_C	4:161231637_G_A
4:161235860_CAA_C	4:161233206_A_T
4:161235860_CAA_C	4:161234438_C_T
4:161235860_CAA_C	4:161236535_T_C
4:161235860_CAA_C	4:161236995_G_A
4:161235860_CAA_C	4:161246001_A_G
4:161235860_CAA_C	4:161247524_T_G
4:161235860_CAA_C	4:161248341_C_T
4:161235860_CAA_C	4:161262420_A_G
4:161235860_CAA_C	4:167345899_G_A
4:161235860_CAA_C	4:167346902_G_C
4:161235860_CAA_C	4:167346945_G_A
4:161235860_CAA_C	4:167352346_C_T
4:161235860_CAA_C	4:167352452_C_T
4:161235860_CAA_C	4:167354848_T_C
4:161235860_CAA_C	4:167357972_G_GT
4:161235860_CAA_C	4:167359667_C_T
4:161235860_CAA_C	4:167362906_G_T
4:161235860_CAA_C	4:167364432_G_A
4:161235860_CAA_C	4:167368991_GTCT_G
4:161235860_CAA_C	4:167370866_G_A
4:161235860_CAA_C	4:167371091_G_A
4:161235860_CAA_C	4:167371098_C_G
4:161235860_CAA_C	4:167371139_T_TA
4:161235860_CAA_C	4:167372944_GATATATA_G
4:161235860_CAA_C	4:167373286_C_A
4:161235860_CAA_C	4:167373490_C_T
4:161235860_CAA_C	4:167374446_A_G
4:161235860_CAA_C	4:167380513_G_C
4:161235860_CAA_C	4:167381585_A_G
4:161235860_CAA_C	4:167388960_A_G
4:161235860_CAA_C	4:167391682_C_G
4:161235860_CAA_C	4:167392609_A_G
4:161235860_CAA_C	4:167397017_G_A
4:161235860_CAA_C	4:167397991_G_A
4:161235860_CAA_C	4:167400016_A_G
4:161235860_CAA_C	4:167401175_T_C
12:116693045_G_C	12:106696453_G_A
12:116693045_G_C	12:107260636_T_A
12:116693045_G_C	12:107262544_GACAC_G
12:116693045_G_C	12:107303879_CAGA_C
12:116693045_G_C	12:107303883_AGAT_A
12:116693045_G_C	12:107355002_ATTTTTTTTTTTTTTTTTT_A
12:116693045_G_C	12:107370111_AT_A
12:116693045_G_C	12:107373327_G_T
12:116693045_G_C	12:116601862_C_A
12:116693045_G_C	12:116603726_G_A
12:116693045_G_C	12:116621625_A_G
12:116693045_G_C	12:116625655_G_A
12:116693045_G_C	12:116628164_A_T
12:116693045_G_C	12:116679148_C_A
12:116693045_G_C	12:119054967_A_G
12:116693045_G_C	12:119055288_T_TC
12:116693045_G_C	12:120296642_G_A
12:116693045_G_C	12:122317201_T_A
12:116693045_G_C	12:124987398_C_G
12:116693045_G_C	12:126067390_AGGTACAG_A
15:41744608_C_T	15:33063343_T_G
15:41744608_C_T	15:33063372_T_C
15:41744608_C_T	15:33063527_C_T
15:41744608_C_T	15:33063809_T_G
15:41744608_C_T	15:33064148_T_C
15:41744608_C_T	15:33064461_C_T
15:41744608_C_T	15:33064465_C_G
15:41744608_C_T	15:33064474_G_C
15:41744608_C_T	15:33064556_A_G
15:41744608_C_T	15:33064574_A_T
15:41744608_C_T	15:33064654_C_T
15:41744608_C_T	15:39360169_C_T
15:41744608_C_T	15:39365414_C_T
15:41744608_C_T	15:39368342_G_C
15:41744608_C_T	15:41224693_C_T
15:41744608_C_T	15:41355906_T_C
15:41744608_C_T	15:41451357_T_C
15:41744608_C_T	15:41465126_C_T
15:41744608_C_T	15:41475471_G_C
15:41744608_C_T	15:41499164_C_T
15:41744608_C_T	15:41560878_G_A
15:41744608_C_T	15:41560923_C_T
15:41744608_C_T	15:41561914_G_A
15:41744608_C_T	15:41562393_C_T
15:41744608_C_T	15:41563308_C_A
15:41744608_C_T	15:41563540_C_T
15:41744608_C_T	15:41563617_A_T
15:41744608_C_T	15:41564507_T_A
15:41744608_C_T	15:41568390_G_A
15:41744608_C_T	15:41570683_TTC_T
15:41744608_C_T	15:41573347_G_A
15:41744608_C_T	15:41574051_C_T
15:41744608_C_T	15:41574578_G_A
15:41744608_C_T	15:41575822_G_GA
15:41744608_C_T	15:41576159_G_A
15:41744608_C_T	15:41577054_G_GT
15:41744608_C_T	15:41579419_C_T
15:41744608_C_T	15:41583188_A_G
15:41744608_C_T	15:41583371_G_C
15:41744608_C_T	15:41583999_A_G
15:41744608_C_T	15:41584165_CGTTG_C
15:41744608_C_T	15:41588293_C_T
15:41744608_C_T	15:41589667_A_C
15:41744608_C_T	15:41589906_C_G
15:41744608_C_T	15:41597680_C_A
15:41744608_C_T	15:41598448_T_G
15:41744608_C_T	15:41600323_G_A
15:41744608_C_T	15:41600468_G_A
15:41744608_C_T	15:41608966_C_T
15:41744608_C_T	15:41609333_C_G
15:41744608_C_T	15:41609680_T_A
15:41744608_C_T	15:41609933_G_A
15:41744608_C_T	15:41610117_A_G
15:41744608_C_T	15:41613265_G_A
15:41744608_C_T	15:41614871_G_A
15:41744608_C_T	15:41616676_A_C
15:41744608_C_T	15:41618746_C_A
15:41744608_C_T	15:41622199_T_A
15:41744608_C_T	15:41622403_C_G
15:41744608_C_T	15:41622487_G_A
15:41744608_C_T	15:41625650_A_T
15:41744608_C_T	15:41630983_G_A
15:41744608_C_T	15:41632049_G_A
15:41744608_C_T	15:41636661_C_T
15:41744608_C_T	15:41640005_C_G
15:41744608_C_T	15:41651815_A_AT
15:41744608_C_T	15:41668924_T_TA
15:41744608_C_T	15:41672037_G_A
15:41744608_C_T	15:41674094_C_T
15:41744608_C_T	15:41678894_T_G
15:41744608_C_T	15:41679717_C_T
15:41744608_C_T	15:41684425_C_T
15:41744608_C_T	15:41690977_A_T
15:41744608_C_T	15:41694199_G_A
15:41744608_C_T	15:41700153_T_TA
15:41744608_C_T	15:41700432_G_A
15:41744608_C_T	15:41701857_A_G
15:41744608_C_T	15:41707639_A_AAATG
15:41744608_C_T	15:41712791_C_T
15:41744608_C_T	15:41713219_A_G
15:41744608_C_T	15:41715133_A_G
15:41744608_C_T	15:41715632_A_G
15:41744608_C_T	15:41720543_G_T
15:41744608_C_T	15:41721788_T_G
15:41744608_C_T	15:41722304_C_T
15:41744608_C_T	15:41722853_C_T
15:41744608_C_T	15:41723167_C_T
15:41744608_C_T	15:41724690_C_T
15:41744608_C_T	15:41725367_A_G
15:41744608_C_T	15:41725677_C_T
15:41744608_C_T	15:41725796_A_G
15:41744608_C_T	15:41731360_G_C
15:41744608_C_T	15:41734439_C_T
15:41744608_C_T	15:41741679_C_T
15:41744608_C_T	15:41742643_C_T
15:41744608_C_T	15:41749148_G_C
15:41744608_C_T	15:41756912_A_G
15:41744608_C_T	15:41759002_G_A
15:41744608_C_T	15:41759157_G_A
15:41744608_C_T	15:41760705_A_C
15:41744608_C_T	15:41760706_G_A
15:41744608_C_T	15:41761809_C_T
15:41744608_C_T	15:41762879_C_T
15:41744608_C_T	15:41763919_C_T
15:41744608_C_T	15:41772016_G_A
15:41744608_C_T	15:41773741_G_T
15:41744608_C_T	15:41776692_C_T
15:41744608_C_T	15:41808169_C_G
15:41744608_C_T	15:41808521_A_C
15:41744608_C_T	15:41809486_TC_T
15:41744608_C_T	15:41810690_G_A
15:41744608_C_T	15:41812289_G_A
15:41744608_C_T	15:41816259_C_T
15:41744608_C_T	15:43081600_C_T
15:41744608_C_T	15:43105447_C_T
15:41744608_C_T	15:46493097_A_T
6:141494602_C_T	6:139959835_A_G
6:141494602_C_T	6:141570769_A_G
6:141494602_C_T	6:141636468_G_A
6:141494602_C_T	6:142068926_C_T
6:141494602_C_T	6:142290338_G_GGAAGGAAGGAAGGAAT
6:141494602_C_T	6:142293951_T_C
6:141494602_C_T	6:142294872_C_T
6:141494602_C_T	6:142295721_G_C
6:141494602_C_T	6:142296359_G_T
6:141494602_C_T	6:142297390_CT_C
6:141494602_C_T	6:142297500_T_TA
6:141494602_C_T	6:142297571_A_G
6:141494602_C_T	6:142301113_A_T
6:141494602_C_T	6:142303919_C_T
6:141494602_C_T	6:142311052_C_T
6:141494602_C_T	6:142322456_G_T
6:141494602_C_T	6:142323533_CG_C
6:141494602_C_T	6:142327267_GAAATA_G
6:141494602_C_T	6:142334814_GTATA_G
6:141494602_C_T	6:142334864_G_GAT
6:141494602_C_T	6:142648056_A_T
6:141494602_C_T	6:142652416_T_C
6:141494602_C_T	6:142653898_A_G
6:141494602_C_T	6:142655238_G_A
6:141494602_C_T	6:142655801_T_A
6:141494602_C_T	6:142658162_G_A
6:141494602_C_T	6:142669338_A_G
6:141494602_C_T	6:142694049_G_A
6:141494602_C_T	6:142701158_A_G
6:141494602_C_T	6:142703669_C_T
6:141494602_C_T	6:142703877_G_A
6:141494602_C_T	6:142713842_G_A
6:141494602_C_T	6:142716286_G_T
6:141494602_C_T	6:142724918_C_T
6:141494602_C_T	6:142734204_T_C
6:141494602_C_T	6:142735221_G_C
6:141494602_C_T	6:142735816_A_G
6:141494602_C_T	6:142737504_G_A
6:141494602_C_T	6:142742659_T_C
6:141494602_C_T	6:142745883_T_G
6:141494602_C_T	6:142750392_A_G
6:141494602_C_T	6:142751062_G_C
6:141494602_C_T	6:142752595_G_A
6:141494602_C_T	6:142755024_C_T
6:141494602_C_T	6:142760962_T_G
6:141494602_C_T	6:142768536_C_A
6:141494602_C_T	6:142773210_G_T
6:141494602_C_T	6:142775657_C_T
6:141494602_C_T	6:142777119_T_TC
6:141494602_C_T	6:142780251_A_T
6:141494602_C_T	6:142789158_C_T
6:141494602_C_T	6:142794021_C_A
6:141494602_C_T	6:142795068_C_CT
6:141494602_C_T	6:143112816_T_G
6:141494602_C_T	6:145228824_ATCT_A
21:22172036_C_T	21:22109828_T_C
21:22172036_C_T	21:22110469_G_A
21:22172036_C_T	21:22110873_C_T
21:22172036_C_T	21:22111301_C_T
21:22172036_C_T	21:22114483_G_A
21:22172036_C_T	21:22122325_T_C
21:22172036_C_T	21:22122825_A_C
21:22172036_C_T	21:22131661_C_T
21:22172036_C_T	21:22133955_T_C
21:22172036_C_T	21:22134085_A_G
21:22172036_C_T	21:22134295_T_C
21:22172036_C_T	21:22134599_A_T
21:22172036_C_T	21:22136379_C_A
21:22172036_C_T	21:22140581_C_T
21:22172036_C_T	21:22142693_C_T
21:22172036_C_T	21:22145148_A_C
21:22172036_C_T	21:22145468_G_A
21:22172036_C_T	21:22165883_A_G
21:22172036_C_T	21:22168229_G_T
21:22172036_C_T	21:29228814_A_AT
9:21031152_C_A	9:21018811_C_A
9:21031152_C_A	9:21018812_ATTTTTATG_A
9:21031152_C_A	9:21020114_T_A
9:21031152_C_A	9:21020232_GAC_G
9:21031152_C_A	9:21021246_T_C
9:21031152_C_A	9:21031471_C_A
9:21031152_C_A	9:21031479_C_T
9:21031152_C_A	9:21031942_A_G
9:21031152_C_A	9:21033208_G_A
9:21031152_C_A	9:21033271_G_A
9:21031152_C_A	9:21034281_T_C
9:21031152_C_A	9:21040183_C_A
9:21031152_C_A	9:21044021_T_G
9:21031152_C_A	9:21052926_A_G
9:21031152_C_A	9:21053044_G_T
9:21031152_C_A	9:21059303_A_G
9:21031152_C_A	9:21059780_A_AT
9:21031152_C_A	9:21060974_T_C
9:21031152_C_A	9:21062144_A_G
9:21031152_C_A	9:21068099_C_G
9:21031152_C_A	9:21070881_A_T
9:21031152_C_A	9:21072474_G_A
9:21031152_C_A	9:21076182_C_G
9:21031152_C_A	9:21082845_A_T
9:21031152_C_A	9:21083838_A_G
9:21031152_C_A	9:21085370_G_GT
9:21031152_C_A	9:21089784_ATAGT_A
9:21031152_C_A	9:21090157_G_A
9:21031152_C_A	9:21091130_C_A
9:21031152_C_A	9:21093083_A_C
9:21031152_C_A	9:21093404_T_A
9:21031152_C_A	9:25822965_T_C
9:21031152_C_A	9:25827122_C_T
9:21031152_C_A	9:25828195_C_T
9:21031152_C_A	9:25831619_G_A
9:21031152_C_A	9:25831813_G_A
9:21031152_C_A	9:25833830_C_T
9:21031152_C_A	9:25843027_A_T
9:21031152_C_A	9:25844048_C_T
9:21031152_C_A	9:25846126_C_T
9:21031152_C_A	9:25848719_C_G
9:21031152_C_A	9:29537825_C_A
4:128632023_A_G	4:120798007_G_C
4:128632023_A_G	4:120801981_G_A
4:128632023_A_G	4:120831948_GT_G
4:128632023_A_G	4:120833089_C_CTT
4:128632023_A_G	4:120843698_C_T
4:128632023_A_G	4:120892770_C_CA
4:128632023_A_G	4:120917346_T_G
4:128632023_A_G	4:122149001_C_T
4:128632023_A_G	4:126482955_C_T
4:128632023_A_G	4:126485639_G_T
4:128632023_A_G	4:128521645_A_G
4:128632023_A_G	4:128537979_TC_T
4:128632023_A_G	4:128577072_A_G
4:128632023_A_G	4:129358339_C_T
4:128632023_A_G	4:130146388_G_A
4:128632023_A_G	4:130286406_T_G
4:128632023_A_G	4:134936800_C_G
4:128632023_A_G	4:135424065_C_T
4:128632023_A_G	4:135480251_G_A
4:128632023_A_G	4:135515876_A_T
4:128632023_A_G	4:135532016_T_A
4:128632023_A_G	4:135794227_A_G
4:128632023_A_G	4:135799504_A_G
4:128632023_A_G	4:135799691_C_T
4:128632023_A_G	4:135803220_T_C
4:128632023_A_G	4:137369846_T_G
2:225162284_G_A	2:216764438_C_T
2:225162284_G_A	2:220353130_TA_T
2:225162284_G_A	2:221416738_T_TAA
2:225162284_G_A	2:221421155_T_G
2:225162284_G_A	2:221421726_G_A
2:225162284_G_A	2:221421730_G_A
2:225162284_G_A	2:221421820_G_T
2:225162284_G_A	2:221421960_A_T
2:225162284_G_A	2:221421976_A_C
2:225162284_G_A	2:221422116_G_A
2:225162284_G_A	2:221422479_G_A
2:225162284_G_A	2:221422492_C_G
2:225162284_G_A	2:221422584_A_G
2:225162284_G_A	2:221422804_G_T
2:225162284_G_A	2:221422873_G_A
2:225162284_G_A	2:221422992_G_A
2:225162284_G_A	2:221423042_A_G
2:225162284_G_A	2:221423094_G_C
2:225162284_G_A	2:221423130_G_A
2:225162284_G_A	2:221423314_G_A
2:225162284_G_A	2:221424612_T_G
2:225162284_G_A	2:221424892_G_C
2:225162284_G_A	2:221425180_C_T
2:225162284_G_A	2:221425355_A_C
2:225162284_G_A	2:221425948_A_C
2:225162284_G_A	2:221426766_A_G
2:225162284_G_A	2:221426974_T_C
2:225162284_G_A	2:221427058_C_T
2:225162284_G_A	2:221427506_C_CCATTAACA
2:225162284_G_A	2:221427544_A_G
2:225162284_G_A	2:221428919_C_T
2:225162284_G_A	2:221429027_A_G
2:225162284_G_A	2:221430471_G_A
2:225162284_G_A	2:221430887_A_G
2:225162284_G_A	2:221431091_C_T
2:225162284_G_A	2:221432391_C_T
2:225162284_G_A	2:221433586_A_T
2:225162284_G_A	2:221434472_C_T
2:225162284_G_A	2:221436609_T_G
2:225162284_G_A	2:221437164_T_G
2:225162284_G_A	2:221438904_C_T
2:225162284_G_A	2:221438926_G_A
2:225162284_G_A	2:221440146_C_T
2:225162284_G_A	2:221440366_T_TA
2:225162284_G_A	2:221440495_T_C
2:225162284_G_A	2:221441593_C_T
2:225162284_G_A	2:221442024_T_C
2:225162284_G_A	2:222549845_T_A
2:225162284_G_A	2:222575269_G_A
2:225162284_G_A	2:223277416_T_C
2:225162284_G_A	2:223277685_A_T
2:225162284_G_A	2:223288369_T_C
2:225162284_G_A	2:227671622_C_A
2:225162284_G_A	2:227685496_C_G
2:225162284_G_A	2:227688652_G_A
2:225162284_G_A	2:227788677_G_C
2:225162284_G_A	2:227791178_A_G
2:225162284_G_A	2:227823038_AG_A
2:225162284_G_A	2:227844002_A_G
2:225162284_G_A	2:227913298_G_A
2:225162284_G_A	2:227924360_A_AT
2:225162284_G_A	2:227938919_G_GA
2:225162284_G_A	2:227955297_C_T
2:225162284_G_A	2:227958544_C_A
2:225162284_G_A	2:228235929_A_G
2:225162284_G_A	2:233371179_G_GAAGAAGAGAGGA
12:112054760_TA_T	12:105882312_A_C
12:112054760_TA_T	12:105884513_G_C
12:112054760_TA_T	12:105884719_C_A
12:112054760_TA_T	12:105889424_A_G
12:112054760_TA_T	12:105891521_C_A
12:112054760_TA_T	12:105895254_C_T
12:112054760_TA_T	12:105910594_G_A
12:112054760_TA_T	12:105921047_G_A
12:112054760_TA_T	12:105922002_G_A
12:112054760_TA_T	12:106689520_AT_A
12:112054760_TA_T	12:107357058_C_T
12:112054760_TA_T	12:107371178_CAT_C
12:112054760_TA_T	12:107375551_G_A
12:112054760_TA_T	12:107967243_A_ATGGATGGG
12:112054760_TA_T	12:108021910_G_T
12:112054760_TA_T	12:109684734_G_A
12:112054760_TA_T	12:111674504_G_A
12:112054760_TA_T	12:112448485_T_C
12:112054760_TA_T	12:113487245_G_A
12:112054760_TA_T	12:118007741_G_T
13:67338383_GA_G	13:58849540_A_G
13:67338383_GA_G	13:65052669_C_T
13:67338383_GA_G	13:67257181_A_C
13:67338383_GA_G	13:67257984_C_CT
13:67338383_GA_G	13:67258794_T_A
13:67338383_GA_G	13:67259078_C_T
13:67338383_GA_G	13:67259162_G_GA
13:67338383_GA_G	13:67260443_A_T
13:67338383_GA_G	13:67260624_G_C
13:67338383_GA_G	13:67260716_G_A
13:67338383_GA_G	13:67260979_G_C
13:67338383_GA_G	13:67261948_A_C
13:67338383_GA_G	13:67262175_G_C
13:67338383_GA_G	13:67262279_C_T
13:67338383_GA_G	13:67262455_T_A
13:67338383_GA_G	13:67263295_G_T
13:67338383_GA_G	13:67263878_C_T
13:67338383_GA_G	13:67264477_G_A
13:67338383_GA_G	13:67265080_A_G
13:67338383_GA_G	13:67265101_C_T
13:67338383_GA_G	13:67265465_C_T
13:67338383_GA_G	13:67265790_A_C
13:67338383_GA_G	13:67266272_A_C
13:67338383_GA_G	13:67266298_C_T
13:67338383_GA_G	13:67269475_C_G
13:67338383_GA_G	13:67269765_A_T
13:67338383_GA_G	13:67269847_T_C
13:67338383_GA_G	13:67270970_A_G
13:67338383_GA_G	13:67272418_G_A
13:67338383_GA_G	13:67273087_T_C
13:67338383_GA_G	13:67274055_AT_A
13:67338383_GA_G	13:67274304_G_GCT
13:67338383_GA_G	13:67274416_C_T
13:67338383_GA_G	13:67274631_T_C
13:67338383_GA_G	13:67275025_T_G
13:67338383_GA_G	13:67275053_TAA_T
13:67338383_GA_G	13:67275058_A_G
13:67338383_GA_G	13:67276845_C_A
13:67338383_GA_G	13:67280510_G_A
13:67338383_GA_G	13:67280592_T_G
13:67338383_GA_G	13:67280972_G_A
13:67338383_GA_G	13:67282037_T_C
13:67338383_GA_G	13:67282244_G_C
13:67338383_GA_G	13:67282774_T_C
13:67338383_GA_G	13:67282910_T_C
13:67338383_GA_G	13:67284606_C_G
13:67338383_GA_G	13:67285091_G_C
13:67338383_GA_G	13:67285769_A_T
13:67338383_GA_G	13:67286315_T_C
13:67338383_GA_G	13:67286937_C_A
13:67338383_GA_G	13:67287314_A_G
13:67338383_GA_G	13:67287621_C_A
13:67338383_GA_G	13:67287757_GTATA_G
13:67338383_GA_G	13:67290628_G_A
13:67338383_GA_G	13:67292939_G_A
13:67338383_GA_G	13:67296884_C_G
13:67338383_GA_G	13:67297898_T_G
13:67338383_GA_G	13:67300535_A_G
13:67338383_GA_G	13:67301062_C_T
13:67338383_GA_G	13:67302053_C_T
13:67338383_GA_G	13:67302508_G_C
13:67338383_GA_G	13:67303725_T_C
13:67338383_GA_G	13:67306788_T_A
13:67338383_GA_G	13:67308507_C_A
13:67338383_GA_G	13:67308671_C_T
13:67338383_GA_G	13:67311029_C_T
13:67338383_GA_G	13:67311727_T_C
13:67338383_GA_G	13:67311927_G_C
13:67338383_GA_G	13:67312564_C_T
13:67338383_GA_G	13:67312606_G_A
13:67338383_GA_G	13:67317727_A_G
13:67338383_GA_G	13:67318550_T_A
13:67338383_GA_G	13:67318577_G_A
13:67338383_GA_G	13:67318912_C_T
13:67338383_GA_G	13:67319725_C_T
13:67338383_GA_G	13:67320710_A_G
13:67338383_GA_G	13:67320906_A_G
13:67338383_GA_G	13:67321138_C_CA
13:67338383_GA_G	13:67321348_T_C
13:67338383_GA_G	13:67322584_C_T
13:67338383_GA_G	13:67322589_G_A
13:67338383_GA_G	13:67322697_T_G
13:67338383_GA_G	13:67322904_C_T
13:67338383_GA_G	13:67323105_T_G
13:67338383_GA_G	13:67323528_A_G
13:67338383_GA_G	13:67325041_A_G
13:67338383_GA_G	13:67326116_A_T
13:67338383_GA_G	13:67332336_G_A
13:67338383_GA_G	13:67332638_T_C
13:67338383_GA_G	13:67333135_A_T
13:67338383_GA_G	13:67334974_G_A
13:67338383_GA_G	13:67334980_C_T
13:67338383_GA_G	13:67336287_C_T
13:67338383_GA_G	13:67336684_G_T
13:67338383_GA_G	13:67338146_G_T
13:67338383_GA_G	13:67338487_C_T
13:67338383_GA_G	13:67339159_GCTCT_G
13:67338383_GA_G	13:67339166_CTCTT_C
13:67338383_GA_G	13:67339314_C_A
13:67338383_GA_G	13:67340014_C_T
13:67338383_GA_G	13:67340042_C_T
13:67338383_GA_G	13:67340282_T_C
13:67338383_GA_G	13:67342224_C_A
13:67338383_GA_G	13:67343540_T_C
13:67338383_GA_G	13:67344150_C_T
13:67338383_GA_G	13:67344314_A_G
13:67338383_GA_G	13:67344702_C_T
13:67338383_GA_G	13:67344809_T_C
13:67338383_GA_G	13:67344913_T_C
13:67338383_GA_G	13:67346039_G_A
13:67338383_GA_G	13:67346783_A_G
13:67338383_GA_G	13:67348587_T_TTG
13:67338383_GA_G	13:67348902_C_G
13:67338383_GA_G	13:67351742_T_C
13:67338383_GA_G	13:67357913_C_A
13:67338383_GA_G	13:67359652_C_T
13:67338383_GA_G	13:67361647_T_C
13:67338383_GA_G	13:67376616_C_G
13:67338383_GA_G	13:67376660_T_C
13:67338383_GA_G	13:67377236_GA_G
13:67338383_GA_G	13:67378152_C_T
13:67338383_GA_G	13:67380168_G_A
13:67338383_GA_G	13:67380645_GTCA_G
13:67338383_GA_G	13:67380647_CATT_C
13:67338383_GA_G	13:67382348_T_A
13:67338383_GA_G	13:67382653_C_CA
13:67338383_GA_G	13:67382987_T_C
13:67338383_GA_G	13:67383110_T_C
13:67338383_GA_G	13:67383119_A_G
13:67338383_GA_G	13:67383124_C_G
13:67338383_GA_G	13:67383913_C_CA
13:67338383_GA_G	13:67384556_G_A
13:67338383_GA_G	13:67385354_T_C
13:67338383_GA_G	13:67387931_A_G
13:67338383_GA_G	13:67390988_G_GT
13:67338383_GA_G	13:67391678_A_C
13:67338383_GA_G	13:67392555_C_T
13:67338383_GA_G	13:67393069_A_AAAAAAAC
13:67338383_GA_G	13:67393674_T_G
13:67338383_GA_G	13:67393952_C_T
13:67338383_GA_G	13:67395668_T_C
13:67338383_GA_G	13:67395978_T_C
13:67338383_GA_G	13:67396311_C_T
13:67338383_GA_G	13:67396890_C_T
13:67338383_GA_G	13:67397116_C_T
13:67338383_GA_G	13:67397239_T_C
13:67338383_GA_G	13:67397532_C_T
13:67338383_GA_G	13:67397927_A_G
13:67338383_GA_G	13:67399322_T_A
13:67338383_GA_G	13:67401022_C_T
13:67338383_GA_G	13:67401500_A_AG
13:67338383_GA_G	13:67401531_G_A
13:67338383_GA_G	13:67402728_A_G
13:67338383_GA_G	13:67402942_A_AAATAAT
13:67338383_GA_G	13:67403140_C_CT
13:67338383_GA_G	13:67403691_T_C
13:67338383_GA_G	13:67405465_T_C
13:67338383_GA_G	13:67405887_T_C
13:67338383_GA_G	13:67405917_A_G
13:67338383_GA_G	13:67408216_A_G
13:67338383_GA_G	13:67410084_A_G
13:67338383_GA_G	13:67422193_G_A
13:67338383_GA_G	13:67441148_C_CT
13:67338383_GA_G	13:67445562_T_TA
13:67338383_GA_G	13:67446168_C_CT
13:67338383_GA_G	13:67451180_G_GA
13:67338383_GA_G	13:67451213_T_TCAGA
13:67338383_GA_G	13:67472713_C_A
13:67338383_GA_G	13:67497616_T_G
13:67338383_GA_G	13:67499468_T_TC
13:67338383_GA_G	13:74343862_T_C
13:67338383_GA_G	13:74644318_T_C
13:67338383_GA_G	13:74644409_G_T
13:67338383_GA_G	13:74644519_T_C
13:67338383_GA_G	13:74713019_C_T
13:67338383_GA_G	13:75011115_AT_A
5:52239947_C_G	5:42294713_G_C
5:52239947_C_G	5:42345447_G_C
5:52239947_C_G	5:50499689_A_G
5:52239947_C_G	5:50701750_T_A
5:52239947_C_G	5:50713433_A_AGT
5:52239947_C_G	5:51592651_T_C
5:52239947_C_G	5:51667494_G_A
5:52239947_C_G	5:51677542_T_TGTATTCTAAAATAATATAATAGATTAATTTCATGGA
5:52239947_C_G	5:52235117_A_ATAAAT
5:52239947_C_G	5:52235854_T_A
5:52239947_C_G	5:52239966_C_T
5:52239947_C_G	5:52308374_T_C
5:52239947_C_G	5:52309015_C_T
5:52239947_C_G	5:52448949_T_TTTA
5:52239947_C_G	5:52449275_G_A
5:52239947_C_G	5:52453385_C_A
5:52239947_C_G	5:52453534_T_TA
5:52239947_C_G	5:52453866_C_A
5:52239947_C_G	5:52454919_C_T
5:52239947_C_G	5:52456135_C_T
5:52239947_C_G	5:52456933_G_A
5:52239947_C_G	5:52458062_GAGAGAGAGAGAGAAAGCA_G
5:52239947_C_G	5:52458241_A_G
5:52239947_C_G	5:52459150_C_T
5:52239947_C_G	5:52460580_G_A
5:52239947_C_G	5:52460637_C_T
5:52239947_C_G	5:52461158_C_A
5:52239947_C_G	5:52461521_T_A
5:52239947_C_G	5:52470124_C_CA
5:52239947_C_G	5:52470874_A_G
5:52239947_C_G	5:52473172_C_G
5:52239947_C_G	5:52473547_T_TATATATATATATATATACACACAC
5:52239947_C_G	5:52475201_A_C
5:52239947_C_G	5:52867705_T_G
5:52239947_C_G	5:53260113_G_T
5:52239947_C_G	5:53267440_TA_T
5:52239947_C_G	5:54498701_G_A
5:52239947_C_G	5:57148807_CA_C
16:73502572_A_G	16:65607555_A_G
16:73502572_A_G	16:65698825_C_T
16:73502572_A_G	16:65698835_C_T
16:73502572_A_G	16:65698970_C_T
16:73502572_A_G	16:65699022_T_A
16:73502572_A_G	16:65699082_T_C
16:73502572_A_G	16:65699223_C_T
16:73502572_A_G	16:65699481_T_C
16:73502572_A_G	16:65699567_A_G
16:73502572_A_G	16:65699740_T_C
16:73502572_A_G	16:65699932_C_T
16:73502572_A_G	16:65699975_G_A
16:73502572_A_G	16:65700362_C_T
16:73502572_A_G	16:65701000_G_A
16:73502572_A_G	16:65701590_C_T
16:73502572_A_G	16:65701774_C_T
16:73502572_A_G	16:65701838_T_A
16:73502572_A_G	16:65702015_T_A
16:73502572_A_G	16:65702164_C_T
16:73502572_A_G	16:65702348_T_C
16:73502572_A_G	16:65704886_G_A
16:73502572_A_G	16:65707362_G_A
16:73502572_A_G	16:65710670_G_T
16:73502572_A_G	16:65712892_G_A
16:73502572_A_G	16:65714519_G_A
16:73502572_A_G	16:65715125_G_A
16:73502572_A_G	16:65717326_C_CT
16:73502572_A_G	16:65718152_A_T
16:73502572_A_G	16:65719274_T_G
16:73502572_A_G	16:65721618_G_A
16:73502572_A_G	16:65722555_A_C
16:73502572_A_G	16:65726135_C_T
16:73502572_A_G	16:65729864_A_C
16:73502572_A_G	16:65730089_T_C
16:73502572_A_G	16:69498235_C_T
16:73502572_A_G	16:69552612_C_A
16:73502572_A_G	16:69557096_T_C
16:73502572_A_G	16:69562838_G_C
16:73502572_A_G	16:69564364_C_T
16:73502572_A_G	16:69564497_T_C
16:73502572_A_G	16:69575992_G_A
16:73502572_A_G	16:69581672_A_G
16:73502572_A_G	16:69592449_T_A
16:73502572_A_G	16:69605211_A_C
16:73502572_A_G	16:69605821_C_T
16:73502572_A_G	16:69606347_TA_T
16:73502572_A_G	16:69607098_G_A
16:73502572_A_G	16:69607853_C_T
16:73502572_A_G	16:69611582_A_G
16:73502572_A_G	16:69616292_C_G
16:73502572_A_G	16:69618536_A_G
16:73502572_A_G	16:69619084_T_G
16:73502572_A_G	16:69621267_C_A
16:73502572_A_G	16:69621268_C_A
16:73502572_A_G	16:69622104_C_T
16:73502572_A_G	16:69626087_A_G
16:73502572_A_G	16:69626132_AC_A
16:73502572_A_G	16:69627793_G_A
16:73502572_A_G	16:69628217_C_T
16:73502572_A_G	16:69630492_G_A
16:73502572_A_G	16:69632852_G_A
16:73502572_A_G	16:69634757_A_C
16:73502572_A_G	16:69635059_A_G
16:73502572_A_G	16:69636327_G_T
16:73502572_A_G	16:69646122_C_T
16:73502572_A_G	16:69646327_CTT_C
16:73502572_A_G	16:69648495_T_C
16:73502572_A_G	16:69649098_C_A
16:73502572_A_G	16:69661527_TCAGGCTGCATAGTG_T
16:73502572_A_G	16:69666970_C_T
16:73502572_A_G	16:69667940_G_C
16:73502572_A_G	16:69669976_C_G
16:73502572_A_G	16:69671394_A_G
16:73502572_A_G	16:69672675_G_C
16:73502572_A_G	16:69672802_CTG_C
16:73502572_A_G	16:69674805_C_T
16:73502572_A_G	16:69675917_G_A
16:73502572_A_G	16:69676086_T_C
16:73502572_A_G	16:69677351_AT_A
16:73502572_A_G	16:69677709_A_G
16:73502572_A_G	16:69686648_GGTTT_G
16:73502572_A_G	16:69688413_A_G
16:73502572_A_G	16:69690355_A_T
16:73502572_A_G	16:69691038_AT_A
16:73502572_A_G	16:69692285_T_C
16:73502572_A_G	16:69692468_A_C
16:73502572_A_G	16:69694743_C_T
16:73502572_A_G	16:69695886_G_A
16:73502572_A_G	16:69696805_T_TC
16:73502572_A_G	16:69697922_T_A
16:73502572_A_G	16:69699005_T_A
16:73502572_A_G	16:69701239_A_T
16:73502572_A_G	16:69702854_C_T
16:73502572_A_G	16:69707949_C_T
16:73502572_A_G	16:69708698_C_T
16:73502572_A_G	16:69711311_A_T
16:73502572_A_G	16:69713957_C_G
16:73502572_A_G	16:69715623_A_G
16:73502572_A_G	16:69716338_C_G
16:73502572_A_G	16:69718112_G_A
16:73502572_A_G	16:69722797_T_C
16:73502572_A_G	16:69723122_G_T
16:73502572_A_G	16:69729794_T_G
16:73502572_A_G	16:69739867_G_T
16:73502572_A_G	16:69741571_T_C
16:73502572_A_G	16:69747841_C_G
16:73502572_A_G	16:69751065_C_G
16:73502572_A_G	16:69757828_A_G
16:73502572_A_G	16:69758076_C_T
16:73502572_A_G	16:69758395_C_A
16:73502572_A_G	16:69761661_T_G
16:73502572_A_G	16:69832247_T_C
16:73502572_A_G	16:69833663_G_T
16:73502572_A_G	16:69834529_G_A
16:73502572_A_G	16:69835101_G_A
16:73502572_A_G	16:69836805_G_T
16:73502572_A_G	16:69837465_C_T
16:73502572_A_G	16:69838676_C_T
16:73502572_A_G	16:69840656_T_G
16:73502572_A_G	16:69878534_C_G
16:73502572_A_G	16:69884289_C_CA
16:73502572_A_G	16:69884817_C_T
16:73502572_A_G	16:69885019_G_A
16:73502572_A_G	16:69885166_G_A
16:73502572_A_G	16:69891510_G_T
16:73502572_A_G	16:69895286_A_G
16:73502572_A_G	16:69896248_G_A
16:73502572_A_G	16:69897998_G_A
16:73502572_A_G	16:69898484_G_A
16:73502572_A_G	16:69898934_A_G
16:73502572_A_G	16:69901106_T_A
16:73502572_A_G	16:69902564_GCACACACA_G
16:73502572_A_G	16:69902851_T_C
16:73502572_A_G	16:69904441_T_C
16:73502572_A_G	16:69929137_G_A
16:73502572_A_G	16:71498983_C_T
16:73502572_A_G	16:71499062_G_A
16:73502572_A_G	16:71502483_A_G
16:73502572_A_G	16:71504042_C_G
16:73502572_A_G	16:71504798_C_T
16:73502572_A_G	16:71505303_C_T
16:73502572_A_G	16:71505495_G_A
16:73502572_A_G	16:71695560_G_C
16:73502572_A_G	16:73490441_A_T
16:73502572_A_G	16:73496270_C_G
16:73502572_A_G	16:73827833_G_C
16:73502572_A_G	16:73827834_A_AG
16:73502572_A_G	16:77314841_G_C
16:73502572_A_G	16:77314928_A_AT
16:73502572_A_G	16:77316023_T_C
10:71089843_T_G	10:63024070_C_T
10:71089843_T_G	10:63029787_T_TA
10:71089843_T_G	10:63029791_T_G
10:71089843_T_G	10:63034480_A_C
10:71089843_T_G	10:64902933_C_G
10:71089843_T_G	10:65229520_G_A
10:71089843_T_G	10:65229938_T_C
10:71089843_T_G	10:67103240_T_C
10:71089843_T_G	10:67107510_A_G
10:71089843_T_G	10:67108265_T_G
10:71089843_T_G	10:67108424_T_C
10:71089843_T_G	10:67108960_GT_G
10:71089843_T_G	10:67108970_T_C
10:71089843_T_G	10:67110726_G_A
10:71089843_T_G	10:67111828_A_C
10:71089843_T_G	10:71086822_A_G
10:71089843_T_G	10:71088670_T_C
10:71089843_T_G	10:71099109_A_G
10:71089843_T_G	10:71862705_C_G
10:71089843_T_G	10:71862745_AT_A
10:71089843_T_G	10:71863978_A_T
10:71089843_T_G	10:73334410_G_A
10:71089843_T_G	10:73337417_T_C
10:71089843_T_G	10:73339160_T_C
10:71089843_T_G	10:75727210_TA_T
10:71089843_T_G	10:75728977_G_GA
10:71089843_T_G	10:75731978_T_TACTA
10:71089843_T_G	10:75741457_A_G
10:71089843_T_G	10:75747973_T_G
10:71089843_T_G	10:75748536_A_G
10:71089843_T_G	10:75749184_A_G
10:71089843_T_G	10:75752822_T_G
10:71089843_T_G	10:75752941_AT_A
10:71089843_T_G	10:75756180_A_G
10:71089843_T_G	10:75757702_A_G
10:71089843_T_G	10:75759934_TA_T
10:71089843_T_G	10:75762368_A_G
10:71089843_T_G	10:75768180_A_G
10:71089843_T_G	10:75768648_A_G
10:71089843_T_G	10:75777144_G_A
10:71089843_T_G	10:75777601_C_A
10:71089843_T_G	10:75779151_C_G
10:71089843_T_G	10:75787073_A_ATT
10:71089843_T_G	10:76835631_A_T
7:105623428_CAA_C	7:98294416_G_A
7:105623428_CAA_C	7:100803729_A_G
7:105623428_CAA_C	7:102713376_C_T
7:105623428_CAA_C	7:105620291_G_A
7:105623428_CAA_C	7:105621512_G_T
7:105623428_CAA_C	7:105622433_G_C
7:105623428_CAA_C	7:105622595_G_A
7:105623428_CAA_C	7:105623962_A_G
7:105623428_CAA_C	7:105626532_A_G
7:105623428_CAA_C	7:106166525_T_G
7:105623428_CAA_C	7:106484822_C_T
7:105623428_CAA_C	7:107849908_G_A
7:105623428_CAA_C	7:107860553_CA_C
7:105623428_CAA_C	7:111388612_G_A
7:105623428_CAA_C	7:114456097_C_A
20:1412268_G_A	20:1298329_A_G
20:1412268_G_A	20:1402295_T_C
20:1412268_G_A	20:1404371_T_C
20:1412268_G_A	20:1406212_T_C
20:1412268_G_A	20:1407404_C_T
20:1412268_G_A	20:1409435_G_A
20:1412268_G_A	20:1410582_C_T
20:1412268_G_A	20:1411544_TG_T
20:1412268_G_A	20:1412121_T_A
20:1412268_G_A	20:1412807_T_C
20:1412268_G_A	20:1413092_C_T
20:1412268_G_A	20:1413571_C_A
20:1412268_G_A	20:1414025_C_T
20:1412268_G_A	20:1414652_C_T
20:1412268_G_A	20:1415177_G_T
20:1412268_G_A	20:1415263_A_G
20:1412268_G_A	20:1415793_A_G
20:1412268_G_A	20:1416066_T_C
20:1412268_G_A	20:1416182_A_C
20:1412268_G_A	20:1416521_A_G
20:1412268_G_A	20:1417876_C_T
20:1412268_G_A	20:1419294_G_A
20:1412268_G_A	20:1420336_C_T
20:1412268_G_A	20:1420757_C_T
20:1412268_G_A	20:1421932_C_T
20:1412268_G_A	20:1421974_T_C
20:1412268_G_A	20:1422801_C_A
20:1412268_G_A	20:1423533_A_T
20:1412268_G_A	20:1423779_C_T
20:1412268_G_A	20:1424303_G_A
20:1412268_G_A	20:1425078_A_G
20:1412268_G_A	20:1428567_C_T
20:1412268_G_A	20:1429135_C_T
20:1412268_G_A	20:1430204_C_T
20:1412268_G_A	20:1430550_T_C
20:1412268_G_A	20:1434368_G_A
20:1412268_G_A	20:1449960_C_T
1:177219740_C_T	1:175355907_G_A
1:177219740_C_T	1:175362103_T_C
1:177219740_C_T	1:175363204_C_T
1:177219740_C_T	1:175363227_T_A
1:177219740_C_T	1:175363692_C_T
1:177219740_C_T	1:175365663_G_A
1:177219740_C_T	1:175370370_G_C
1:177219740_C_T	1:175370656_A_G
1:177219740_C_T	1:176013793_G_C
1:177219740_C_T	1:176213944_A_T
1:177219740_C_T	1:177057360_A_T
1:177219740_C_T	1:177065849_A_T
1:177219740_C_T	1:177111278_G_A
1:177219740_C_T	1:177132841_G_A
1:177219740_C_T	1:177147161_C_T
1:177219740_C_T	1:177170720_C_G
1:177219740_C_T	1:177176213_A_G
1:177219740_C_T	1:177590022_T_C
1:177219740_C_T	1:177615243_T_C
1:177219740_C_T	1:177615550_G_A
1:177219740_C_T	1:177615594_C_T
1:177219740_C_T	1:177619555_C_G
1:177219740_C_T	1:177639015_A_G
1:177219740_C_T	1:177710610_C_T
1:177219740_C_T	1:177717567_G_A
1:177219740_C_T	1:177728057_C_A
1:177219740_C_T	1:177728421_CAG_C
1:177219740_C_T	1:177737389_A_G
1:177219740_C_T	1:177744110_G_A
1:177219740_C_T	1:177751285_C_T
1:177219740_C_T	1:177752013_C_T
1:177219740_C_T	1:177752797_CA_C
1:177219740_C_T	1:177754771_C_A
1:177219740_C_T	1:183000574_G_A
1:177219740_C_T	1:183119324_T_C
16:77289974_C_T	16:69552372_A_G
16:77289974_C_T	16:69552508_T_G
16:77289974_C_T	16:69658807_A_T
16:77289974_C_T	16:69658808_A_T
16:77289974_C_T	16:74262517_T_C
16:77289974_C_T	16:76958668_A_C
16:77289974_C_T	16:76959429_G_C
16:77289974_C_T	16:76967493_AAAGCAATGAACTGAGGTTCTGTTGTGT_A
16:77289974_C_T	16:77286913_G_C
16:77289974_C_T	16:77289284_A_G
16:77289974_C_T	16:77290193_T_C
16:77289974_C_T	16:77292704_C_T
5:97653478_G_A	5:88083235_TA_T
5:97653478_G_A	5:88083453_T_C
5:97653478_G_A	5:88112761_T_A
5:97653478_G_A	5:88148517_G_A
5:97653478_G_A	5:88160198_A_C
5:97653478_G_A	5:88162245_C_G
5:97653478_G_A	5:88209469_A_C
5:97653478_G_A	5:88212109_A_G
5:97653478_G_A	5:88212110_T_C
5:97653478_G_A	5:88919273_T_G
5:97653478_G_A	5:94349347_G_A
5:97653478_G_A	5:94351474_A_G
5:97653478_G_A	5:94351572_C_T
5:97653478_G_A	5:94376809_A_T
5:97653478_G_A	5:95691592_G_A
5:97653478_G_A	5:95950436_A_C
5:97653478_G_A	5:97384391_A_G
5:97653478_G_A	5:97594787_C_T
5:97653478_G_A	5:97596789_G_C
5:97653478_G_A	5:97652398_C_G
5:97653478_G_A	5:97652464_T_A
5:97653478_G_A	5:97652781_T_G
5:97653478_G_A	5:97654496_C_T
5:97653478_G_A	5:97654953_G_A
5:97653478_G_A	5:97655053_C_G
5:97653478_G_A	5:97655321_G_T
5:97653478_G_A	5:97655526_A_G
5:97653478_G_A	5:97655681_A_G
5:97653478_G_A	5:97656195_G_GCACACA
5:97653478_G_A	5:97656313_C_T
5:97653478_G_A	5:97656609_C_A
5:97653478_G_A	5:97656641_C_T
5:97653478_G_A	5:97656704_C_T
5:97653478_G_A	5:97657843_C_G
5:97653478_G_A	5:97659340_A_T
5:97653478_G_A	5:97659388_T_C
5:97653478_G_A	5:97660264_G_A
5:97653478_G_A	5:97660410_CT_C
5:97653478_G_A	5:97660482_T_C
5:97653478_G_A	5:97660706_A_G
5:97653478_G_A	5:97661152_A_G
5:97653478_G_A	5:97661663_G_A
5:97653478_G_A	5:97662522_C_T
5:97653478_G_A	5:97663834_T_G
5:97653478_G_A	5:97667357_G_A
5:97653478_G_A	5:97682572_A_C
5:97653478_G_A	5:97692587_A_C
5:97653478_G_A	5:97699591_C_T
5:97653478_G_A	5:97700050_A_C
5:97653478_G_A	5:97758055_C_T
5:97653478_G_A	5:97761687_A_G
5:97653478_G_A	5:97763584_G_T
5:97653478_G_A	5:97987801_G_A
5:97653478_G_A	5:99428422_T_G
5:97653478_G_A	5:99731968_T_C
5:97653478_G_A	5:99733085_A_G
5:97653478_G_A	5:99746011_GA_G
5:97653478_G_A	5:99784033_C_A
5:97653478_G_A	5:99795014_C_A
5:97653478_G_A	5:99797739_G_C
5:97653478_G_A	5:99813650_GA_G
5:97653478_G_A	5:99846177_C_T
5:97653478_G_A	5:99849874_A_AT
5:97653478_G_A	5:99850885_T_A
5:97653478_G_A	5:99854269_A_C
5:97653478_G_A	5:99854982_C_T
5:97653478_G_A	5:99856347_T_C
5:97653478_G_A	5:99859857_G_A
5:97653478_G_A	5:99860848_C_T
5:97653478_G_A	5:99861235_G_A
5:97653478_G_A	5:99864032_T_G
5:97653478_G_A	5:99865850_T_C
5:97653478_G_A	5:99865872_T_C
5:97653478_G_A	5:99892977_G_A
5:97653478_G_A	5:99920026_T_C
5:97653478_G_A	5:99923179_C_CTT
5:97653478_G_A	5:99924537_A_T
5:97653478_G_A	5:99927088_T_C
5:97653478_G_A	5:99940673_A_G
5:97653478_G_A	5:99940696_A_G
18:37637625_A_T	18:35991431_T_G
18:37637625_A_T	18:35991983_A_G
18:37637625_A_T	18:35992758_C_T
18:37637625_A_T	18:35992883_T_C
18:37637625_A_T	18:35993025_A_G
18:37637625_A_T	18:35993290_A_T
18:37637625_A_T	18:35993421_A_G
18:37637625_A_T	18:35995095_A_T
18:37637625_A_T	18:35995210_A_G
18:37637625_A_T	18:35996291_A_G
18:37637625_A_T	18:35998626_C_T
18:37637625_A_T	18:36001817_G_GCAGACT
18:37637625_A_T	18:36002931_A_AG
18:37637625_A_T	18:36005726_T_C
18:37637625_A_T	18:36005986_A_G
18:37637625_A_T	18:36006996_C_G
18:37637625_A_T	18:36007413_A_G
18:37637625_A_T	18:36010661_G_GAAGGTATT
18:37637625_A_T	18:36010674_T_C
18:37637625_A_T	18:36013337_C_A
18:37637625_A_T	18:36015382_C_T
18:37637625_A_T	18:36015879_A_G
18:37637625_A_T	18:36015953_A_G
18:37637625_A_T	18:36016105_AG_A
18:37637625_A_T	18:36017968_G_T
18:37637625_A_T	18:36018202_T_G
18:37637625_A_T	18:36018288_A_C
18:37637625_A_T	18:36018294_C_A
18:37637625_A_T	18:36018532_A_G
18:37637625_A_T	18:36018965_C_T
18:37637625_A_T	18:36019152_T_C
18:37637625_A_T	18:36020002_T_C
18:37637625_A_T	18:36020536_A_C
18:37637625_A_T	18:36020670_C_T
18:37637625_A_T	18:36020743_G_C
18:37637625_A_T	18:36021110_C_A
18:37637625_A_T	18:36021456_A_G
18:37637625_A_T	18:37627155_A_G
18:37637625_A_T	18:37630731_G_A
16:59334186_G_GT	16:55104462_G_A
16:59334186_G_GT	16:59243543_T_G
16:59334186_G_GT	16:59243544_T_C
16:59334186_G_GT	16:59247476_G_C
16:59334186_G_GT	16:59248662_G_A
16:59334186_G_GT	16:59252128_C_T
16:59334186_G_GT	16:59264233_C_A
16:59334186_G_GT	16:59265613_T_A
16:59334186_G_GT	16:59270661_G_A
16:59334186_G_GT	16:59271588_C_T
16:59334186_G_GT	16:59284179_C_CAT
16:59334186_G_GT	16:59286057_C_T
16:59334186_G_GT	16:59288327_T_G
16:59334186_G_GT	16:59289251_T_C
16:59334186_G_GT	16:59293657_C_T
16:59334186_G_GT	16:59297081_A_C
16:59334186_G_GT	16:59298158_A_G
16:59334186_G_GT	16:59305416_T_G
16:59334186_G_GT	16:59306620_A_C
16:59334186_G_GT	16:59308938_T_A
16:59334186_G_GT	16:59315242_C_T
16:59334186_G_GT	16:59318423_A_G
16:59334186_G_GT	16:59320226_A_G
16:59334186_G_GT	16:59322245_CTATGT_C
16:59334186_G_GT	16:59329191_A_C
16:59334186_G_GT	16:59331155_G_T
16:59334186_G_GT	16:59334235_T_A
16:59334186_G_GT	16:59335682_T_C
16:59334186_G_GT	16:59336398_T_G
16:59334186_G_GT	16:59338569_T_G
16:59334186_G_GT	16:59339739_A_G
16:59334186_G_GT	16:59351751_G_C
16:59334186_G_GT	16:59352757_T_A
16:59334186_G_GT	16:59352820_T_C
16:59334186_G_GT	16:59353042_C_A
16:59334186_G_GT	16:59354186_A_T
16:59334186_G_GT	16:59354452_C_T
16:59334186_G_GT	16:59360285_A_AT
16:59334186_G_GT	16:59361071_G_A
16:59334186_G_GT	16:59366431_C_G
16:59334186_G_GT	16:59367791_G_A
16:59334186_G_GT	16:59368083_A_C
16:59334186_G_GT	16:59376403_A_G
16:59334186_G_GT	16:59380543_T_G
16:59334186_G_GT	16:59380622_T_C
16:59334186_G_GT	16:59399689_A_C
16:59334186_G_GT	16:59399692_G_C
16:59334186_G_GT	16:59403231_ATTTTTTTTTTTTT_A
16:59334186_G_GT	16:59408342_T_C
16:59334186_G_GT	16:59408610_G_A
16:59334186_G_GT	16:59412204_T_C
16:59334186_G_GT	16:59416526_G_A
16:59334186_G_GT	16:59418479_A_G
16:59334186_G_GT	16:59422542_T_G
16:59334186_G_GT	16:59426532_A_C
16:59334186_G_GT	16:59427025_G_C
16:59334186_G_GT	16:59427131_A_G
16:59334186_G_GT	16:59427237_T_G
16:59334186_G_GT	16:59427308_A_G
16:59334186_G_GT	16:59429537_T_G
16:59334186_G_GT	16:59432032_G_A
16:59334186_G_GT	16:59432052_C_T
16:59334186_G_GT	16:59437216_CTTTTTTTT_C
16:59334186_G_GT	16:59440051_A_C
16:59334186_G_GT	16:59441508_T_C
16:59334186_G_GT	16:59450596_T_A
16:59334186_G_GT	16:59451731_T_TTA
16:59334186_G_GT	16:59453606_A_G
16:59334186_G_GT	16:59457298_C_CT
16:59334186_G_GT	16:59497419_GTT_G
16:59334186_G_GT	16:59584628_G_C
16:59334186_G_GT	16:59584685_G_A
16:59334186_G_GT	16:59587565_C_A
16:59334186_G_GT	16:59590116_A_T
16:59334186_G_GT	16:59606272_G_A
16:59334186_G_GT	16:65312933_T_C
16:59334186_G_GT	16:65316386_A_C
16:59334186_G_GT	16:69285457_A_C
12:84175930_T_C	12:77843420_A_G
12:84175930_T_C	12:78591920_A_G
12:84175930_T_C	12:78746673_G_A
12:84175930_T_C	12:78755911_G_A
12:84175930_T_C	12:78810733_C_A
12:84175930_T_C	12:78811647_ATGAGTAAC_A
12:84175930_T_C	12:78811781_T_C
12:84175930_T_C	12:78814462_AATAAAG_A
12:84175930_T_C	12:78818238_CAGGTCAGGTG_C
12:84175930_T_C	12:78831287_AAAAC_A
12:84175930_T_C	12:83754416_C_T
12:84175930_T_C	12:83821377_G_C
12:84175930_T_C	12:83944188_G_T
12:84175930_T_C	12:83948544_G_A
12:84175930_T_C	12:83979481_G_A
12:84175930_T_C	12:84145222_A_G
12:84175930_T_C	12:84253476_A_G
12:84175930_T_C	12:84286712_C_T
12:84175930_T_C	12:84344491_A_T
17:71018801_C_T	17:70072644_T_C
17:71018801_C_T	17:70073757_C_G
17:71018801_C_T	17:70947218_T_C
17:71018801_C_T	17:70973825_C_T
17:71018801_C_T	17:71006314_C_T
17:71018801_C_T	17:71006408_C_T
17:71018801_C_T	17:71006512_A_C
17:71018801_C_T	17:71007216_T_TACACAGGC
17:71018801_C_T	17:71007601_T_C
17:71018801_C_T	17:71007697_T_G
17:71018801_C_T	17:71007698_C_G
17:71018801_C_T	17:71007921_T_C
17:71018801_C_T	17:71007980_G_T
17:71018801_C_T	17:71008445_T_C
17:71018801_C_T	17:71008710_G_C
17:71018801_C_T	17:71008921_A_C
17:71018801_C_T	17:71009070_T_C
17:71018801_C_T	17:71009760_G_A
17:71018801_C_T	17:71010662_T_C
17:71018801_C_T	17:71010728_CA_C
17:71018801_C_T	17:71010739_T_C
17:71018801_C_T	17:71010751_G_A
17:71018801_C_T	17:71010890_C_T
17:71018801_C_T	17:71011020_A_C
17:71018801_C_T	17:71011633_C_A
17:71018801_C_T	17:71012473_G_C
17:71018801_C_T	17:71012477_ATT_A
17:71018801_C_T	17:71012915_T_A
17:71018801_C_T	17:71014985_GA_G
17:71018801_C_T	17:71017486_T_C
17:71018801_C_T	17:71018076_C_T
17:71018801_C_T	17:71019305_G_A
17:71018801_C_T	17:71019757_T_C
17:71018801_C_T	17:71020651_A_G
17:71018801_C_T	17:71021884_TCAAA_T
17:71018801_C_T	17:71023013_G_A
17:71018801_C_T	17:71024419_G_A
17:71018801_C_T	17:71024524_G_A
17:71018801_C_T	17:71026194_G_C
17:71018801_C_T	17:71027639_A_G
17:71018801_C_T	17:71034408_T_TA
17:71018801_C_T	17:71034881_AGGAGGGAGGAG_A
17:71018801_C_T	17:71038959_T_G
17:71018801_C_T	17:72078008_G_A
17:71018801_C_T	17:72099488_T_G
17:71018801_C_T	17:72114723_G_C
17:71018801_C_T	17:74505291_T_A
17:71018801_C_T	17:74505422_T_TC
17:71018801_C_T	17:74507656_T_C
17:71018801_C_T	17:74508720_G_A
17:71018801_C_T	17:74508950_G_A
17:71018801_C_T	17:74509123_A_G
17:71018801_C_T	17:74511383_G_C
17:71018801_C_T	17:74512648_A_T
17:71018801_C_T	17:74513025_A_C
17:71018801_C_T	17:74513624_A_G
17:71018801_C_T	17:74513961_A_C
17:71018801_C_T	17:74515266_T_C
17:71018801_C_T	17:74537860_A_G
17:71018801_C_T	17:79048067_A_AGTGCCTGT
7:29912684_C_G	7:20214108_T_A
7:29912684_C_G	7:20217765_G_A
7:29912684_C_G	7:20248025_G_C
7:29912684_C_G	7:29319022_C_T
7:29912684_C_G	7:29338826_C_T
7:29912684_C_G	7:29339617_A_G
7:29912684_C_G	7:29339871_A_G
7:29912684_C_G	7:29340174_G_A
7:29912684_C_G	7:29340361_A_C
7:29912684_C_G	7:29340500_T_C
7:29912684_C_G	7:29340551_C_T
7:29912684_C_G	7:29341614_C_T
7:29912684_C_G	7:29341702_C_A
7:29912684_C_G	7:29341970_A_C
7:29912684_C_G	7:29342157_A_G
7:29912684_C_G	7:29849893_A_G
7:29912684_C_G	7:29850671_A_AT
7:29912684_C_G	7:29850789_G_A
7:29912684_C_G	7:29853212_A_G
7:29912684_C_G	7:29853940_G_A
7:29912684_C_G	7:29853962_A_G
7:29912684_C_G	7:29855422_G_T
7:29912684_C_G	7:29855732_C_G
7:29912684_C_G	7:29857682_G_A
7:29912684_C_G	7:29858016_T_C
7:29912684_C_G	7:29858445_T_C
7:29912684_C_G	7:29858642_C_T
7:29912684_C_G	7:29861944_A_T
7:29912684_C_G	7:29865158_A_G
7:29912684_C_G	7:29875252_A_C
7:29912684_C_G	7:29880530_T_G
7:29912684_C_G	7:29881013_G_T
7:29912684_C_G	7:29882816_G_A
7:29912684_C_G	7:29884697_G_T
7:29912684_C_G	7:29885525_G_A
7:29912684_C_G	7:29885944_C_T
7:29912684_C_G	7:29886093_G_C
7:29912684_C_G	7:29886209_C_T
7:29912684_C_G	7:29887612_A_G
7:29912684_C_G	7:29887961_A_G
7:29912684_C_G	7:29889349_T_G
7:29912684_C_G	7:29890468_GC_G
7:29912684_C_G	7:29902997_G_A
7:29912684_C_G	7:29905729_C_T
7:29912684_C_G	7:29908170_A_G
7:29912684_C_G	7:29908743_T_C
7:29912684_C_G	7:29908748_A_G
7:29912684_C_G	7:29909284_A_G
7:29912684_C_G	7:29909663_T_C
7:29912684_C_G	7:29910503_A_G
7:29912684_C_G	7:29912831_A_T
7:29912684_C_G	7:29916585_G_A
7:29912684_C_G	7:29917281_G_T
7:29912684_C_G	7:29922319_A_G
7:29912684_C_G	7:29922630_G_A
7:29912684_C_G	7:29923572_T_C
7:29912684_C_G	7:30148972_C_T
7:29912684_C_G	7:30155132_A_G
7:29912684_C_G	7:30539400_C_T
7:29912684_C_G	7:30618565_C_T
7:29912684_C_G	7:30621855_G_C
7:29912684_C_G	7:30630240_C_A
7:29912684_C_G	7:30710538_G_A
7:29912684_C_G	7:30710724_C_T
7:29912684_C_G	7:30711018_G_A
7:29912684_C_G	7:30711019_G_A
7:29912684_C_G	7:30713116_G_A
7:29912684_C_G	7:30715619_A_G
7:29912684_C_G	7:30715784_G_C
7:29912684_C_G	7:30716829_G_C
7:29912684_C_G	7:30717061_G_A
7:29912684_C_G	7:30719398_A_G
7:29912684_C_G	7:30719414_C_G
7:29912684_C_G	7:30729574_G_A
7:29912684_C_G	7:30730830_C_T
7:29912684_C_G	7:38400820_G_C
7:29912684_C_G	7:38412706_A_G
7:29912684_C_G	7:38415339_G_A
7:29912684_C_G	7:38416248_T_G
7:29912684_C_G	7:38416291_G_A
7:29912684_C_G	7:38417805_C_T
7:9740804_G_A	7:5898885_T_G
7:9740804_G_A	7:6855730_G_A
7:9740804_G_A	7:6875115_ACT_A
7:9740804_G_A	7:6879843_G_A
7:9740804_G_A	7:6881302_G_A
7:9740804_G_A	7:6882194_C_T
7:9740804_G_A	7:6882949_T_C
7:9740804_G_A	7:6885059_C_A
7:9740804_G_A	7:6885282_C_T
7:9740804_G_A	7:6885635_C_T
7:9740804_G_A	7:7982129_A_C
7:9740804_G_A	7:9125626_T_TA
7:9740804_G_A	7:9392520_A_G
7:9740804_G_A	7:9400766_G_A
7:9740804_G_A	7:9470990_A_G
7:9740804_G_A	7:9515634_G_C
7:9740804_G_A	7:9523735_T_C
7:9740804_G_A	7:9659255_T_A
7:9740804_G_A	7:9662060_A_G
7:9740804_G_A	7:9757668_A_T
7:9740804_G_A	7:9764539_C_G
7:9740804_G_A	7:9792617_G_A
7:9740804_G_A	7:9797428_C_G
7:9740804_G_A	7:9992897_G_T
7:9740804_G_A	7:9994049_C_T
7:9740804_G_A	7:9994102_C_A
7:9740804_G_A	7:9994397_C_T
7:9740804_G_A	7:9994422_G_C
7:9740804_G_A	7:9995446_AT_A
7:9740804_G_A	7:9995559_G_C
7:9740804_G_A	7:9995659_G_A
7:9740804_G_A	7:9996315_C_A
7:9740804_G_A	7:9996662_C_T
7:9740804_G_A	7:10008706_G_A
7:9740804_G_A	7:10072108_T_C
7:9740804_G_A	7:10072235_T_C
7:9740804_G_A	7:13859135_C_T
10:65075995_T_C	10:57020336_A_T
10:65075995_T_C	10:63663562_A_G
10:65075995_T_C	10:63663741_T_C
10:65075995_T_C	10:63667168_TG_T
10:65075995_T_C	10:63667170_G_C
10:65075995_T_C	10:63676922_TA_T
10:65075995_T_C	10:63686768_A_G
10:65075995_T_C	10:64743728_C_T
10:65075995_T_C	10:64745058_T_A
10:65075995_T_C	10:64745059_T_A
10:65075995_T_C	10:64745589_T_C
10:65075995_T_C	10:64753309_T_A
10:65075995_T_C	10:64754145_T_G
10:65075995_T_C	10:64757342_T_C
10:65075995_T_C	10:64805456_G_A
10:65075995_T_C	10:65063836_ACTTTGCC_A
10:65075995_T_C	10:65139865_AT_A
10:65075995_T_C	10:66278646_G_T
10:65075995_T_C	10:66285485_C_T
10:65075995_T_C	10:66285945_G_A
10:65075995_T_C	10:66286069_A_G
10:65075995_T_C	10:67112817_C_T
10:65075995_T_C	10:67112930_C_T
10:65075995_T_C	10:67113437_C_T
10:65075995_T_C	10:67114387_C_T
10:65075995_T_C	10:71446727_G_A
10:65075995_T_C	10:73332060_C_T
10:65075995_T_C	10:73332220_G_A
10:65075995_T_C	10:73333320_G_A
3:13322756_G_A	3:11628474_ACT_A
3:13322756_G_A	3:11629420_A_G
3:13322756_G_A	3:11629477_C_G
3:13322756_G_A	3:11630252_G_T
3:13322756_G_A	3:11635631_C_A
3:13322756_G_A	3:11636566_T_C
3:13322756_G_A	3:13221299_G_C
3:13322756_G_A	3:13241559_CCA_C
3:13322756_G_A	3:13321010_G_A
3:13322756_G_A	3:13322905_C_T
3:13322756_G_A	3:13326528_G_A
3:13322756_G_A	3:13327805_G_A
3:13322756_G_A	3:13329502_A_G
3:13322756_G_A	3:13330196_C_T
3:13322756_G_A	3:13330208_T_G
3:13322756_G_A	3:13330622_T_G
3:13322756_G_A	3:13699548_G_A
3:13322756_G_A	3:13701760_C_G
3:13322756_G_A	3:13719531_C_T
3:13322756_G_A	3:15992043_T_C
3:13322756_G_A	3:15992135_C_T
3:13322756_G_A	3:19666628_T_C
20:15054194_G_GA	20:7123160_T_C
20:15054194_G_GA	20:14498859_A_G
20:15054194_G_GA	20:15038744_C_T
20:15054194_G_GA	20:15041481_T_C
20:15054194_G_GA	20:15042101_C_T
20:15054194_G_GA	20:15043724_G_C
20:15054194_G_GA	20:15045497_C_T
20:15054194_G_GA	20:15045895_A_T
20:15054194_G_GA	20:15051663_A_C
20:15054194_G_GA	20:15057764_A_C
20:15054194_G_GA	20:15107906_A_G
20:15054194_G_GA	20:18729974_G_A
20:15054194_G_GA	20:18737200_T_G
20:15054194_G_GA	20:18741999_A_G
20:15054194_G_GA	20:18742460_C_T
20:15054194_G_GA	20:18743789_A_G
20:15054194_G_GA	20:18743982_G_A
20:15054194_G_GA	20:18749460_TCA_T
20:15054194_G_GA	20:18749996_C_G
20:15054194_G_GA	20:18755666_G_A
20:15054194_G_GA	20:18765240_T_C
20:15054194_G_GA	20:18767907_T_C
20:15054194_G_GA	20:19988892_G_A
20:15054194_G_GA	20:24869885_A_G
2:45270732_C_T	2:37079198_T_C
2:45270732_C_T	2:37079660_G_A
2:45270732_C_T	2:42539697_AT_A
2:45270732_C_T	2:42539719_G_A
2:45270732_C_T	2:42553578_A_C
2:45270732_C_T	2:43460514_C_A
2:45270732_C_T	2:43462135_C_T
2:45270732_C_T	2:43462169_T_A
2:45270732_C_T	2:43462822_T_C
2:45270732_C_T	2:43463637_T_C
2:45270732_C_T	2:43468745_G_A
2:45270732_C_T	2:43470408_C_T
2:45270732_C_T	2:43471528_G_C
2:45270732_C_T	2:43474112_T_C
2:45270732_C_T	2:43474295_C_T
2:45270732_C_T	2:43483044_G_A
2:45270732_C_T	2:43484675_G_C
2:45270732_C_T	2:43486704_C_T
2:45270732_C_T	2:43487486_C_A
2:45270732_C_T	2:43489578_ATGGGGCC_A
2:45270732_C_T	2:44313387_T_C
2:45270732_C_T	2:44425526_T_G
2:45270732_C_T	2:44690641_A_G
2:45270732_C_T	2:44694139_C_T
2:45270732_C_T	2:44720968_G_T
2:45270732_C_T	2:44721009_C_G
2:45270732_C_T	2:45154407_A_G
2:45270732_C_T	2:45154689_C_T
2:45270732_C_T	2:45185206_A_G
2:45270732_C_T	2:45185224_A_G
2:45270732_C_T	2:45228526_G_C
2:45270732_C_T	2:45265022_T_C
2:45270732_C_T	2:45265024_G_A
2:45270732_C_T	2:47476660_G_A
2:45270732_C_T	2:50193221_T_G
2:37910040_G_A	2:34519932_CA_C
2:37910040_G_A	2:36992283_G_A
2:37910040_G_A	2:37004172_C_T
2:37910040_G_A	2:37021501_T_C
2:37910040_G_A	2:37089883_CT_C
2:37910040_G_A	2:37154458_CTGTGCAA_C
2:37910040_G_A	2:42545340_C_T
2:37910040_G_A	2:42548249_T_C
2:37910040_G_A	2:42549918_C_G
2:37910040_G_A	2:42560975_A_G
2:37910040_G_A	2:42562140_G_C
2:37910040_G_A	2:42562821_A_C
8:20495926_G_C	8:13070126_T_C
8:20495926_G_C	8:14904043_G_A
8:20495926_G_C	8:15184785_T_C
8:20495926_G_C	8:15202493_G_A
8:20495926_G_C	8:15205668_A_G
8:20495926_G_C	8:15257996_C_G
8:20495926_G_C	8:15259345_G_T
8:20495926_G_C	8:19871487_C_G
8:20495926_G_C	8:19871580_C_G
8:20495926_G_C	8:19883287_A_T
8:20495926_G_C	8:19924781_C_G
8:20495926_G_C	8:19925039_T_C
8:20495926_G_C	8:19925710_G_A
8:20495926_G_C	8:19926602_A_C
8:20495926_G_C	8:19929781_T_C
8:20495926_G_C	8:19931529_G_C
8:20495926_G_C	8:19931916_A_G
8:20495926_G_C	8:20190724_G_T
8:20495926_G_C	8:20190774_A_G
8:20495926_G_C	8:20497183_C_G
8:20495926_G_C	8:20498604_T_C
8:20495926_G_C	8:20506996_C_G
8:20495926_G_C	8:20507244_T_C
8:20495926_G_C	8:20509291_A_G
8:20495926_G_C	8:21548665_G_A
8:20495926_G_C	8:21552710_T_A
8:20495926_G_C	8:21554587_G_T
8:20495926_G_C	8:24759930_A_G
8:20495926_G_C	8:28765370_T_C
2:118902555_C_T	2:110253976_A_G
2:118902555_C_T	2:110309241_C_T
2:118902555_C_T	2:115645964_G_T
2:118902555_C_T	2:118547888_T_C
2:118902555_C_T	2:118564902_C_T
2:118902555_C_T	2:118618599_T_C
2:118902555_C_T	2:118632422_A_C
2:118902555_C_T	2:118719128_C_A
2:118902555_C_T	2:118745071_T_C
2:118902555_C_T	2:118784006_C_T
2:118902555_C_T	2:118869535_A_G
2:118902555_C_T	2:118876384_G_A
2:118902555_C_T	2:118879812_C_T
2:118902555_C_T	2:118895728_A_C
2:118902555_C_T	2:118919923_C_A
2:118902555_C_T	2:118930052_C_A
2:118902555_C_T	2:118944070_C_G
2:118902555_C_T	2:119052205_G_A
2:118902555_C_T	2:119059149_T_A
2:118902555_C_T	2:119059281_C_T
2:118902555_C_T	2:119063228_T_A
2:118902555_C_T	2:119196915_T_C
2:118902555_C_T	2:119202299_A_G
2:118902555_C_T	2:119202305_G_A
2:118902555_C_T	2:119215445_A_G
2:118902555_C_T	2:119219379_G_T
2:118902555_C_T	2:119227798_G_A
2:118902555_C_T	2:119532110_G_A
2:118902555_C_T	2:119712165_G_T
2:118902555_C_T	2:121269552_AG_A
2:118902555_C_T	2:121465107_A_G
2:118902555_C_T	2:121485425_T_C
2:118902555_C_T	2:121486837_T_A
2:118902555_C_T	2:121537684_G_A
2:118902555_C_T	2:122914462_CA_C
2:118902555_C_T	2:124583215_G_A
2:118902555_C_T	2:124599818_GT_G
2:118902555_C_T	2:124607884_G_A
2:118902555_C_T	2:125636405_G_A
2:118902555_C_T	2:127087311_G_A
2:118902555_C_T	2:127499295_G_A
2:118902555_C_T	2:127893897_G_C
12:57681798_CT_C	12:50462138_T_C
12:57681798_CT_C	12:50462992_TAC_T
12:57681798_CT_C	12:50483032_G_A
12:57681798_CT_C	12:50506816_G_T
12:57681798_CT_C	12:50507709_C_T
12:57681798_CT_C	12:50509583_C_A
12:57681798_CT_C	12:50510462_C_G
12:57681798_CT_C	12:50510947_C_A
12:57681798_CT_C	12:50511848_G_A
12:57681798_CT_C	12:50512632_T_C
12:57681798_CT_C	12:50512975_G_A
12:57681798_CT_C	12:50513519_G_T
12:57681798_CT_C	12:50513687_C_T
12:57681798_CT_C	12:50514365_G_A
12:57681798_CT_C	12:50515828_G_A
12:57681798_CT_C	12:50516991_T_C
12:57681798_CT_C	12:50520676_G_A
12:57681798_CT_C	12:50522214_G_C
12:57681798_CT_C	12:50522376_C_G
12:57681798_CT_C	12:50522472_G_T
12:57681798_CT_C	12:50523504_C_T
12:57681798_CT_C	12:50525787_C_T
12:57681798_CT_C	12:50525888_TA_T
12:57681798_CT_C	12:50526206_TAA_T
12:57681798_CT_C	12:50529040_GGA_G
12:57681798_CT_C	12:50529314_C_T
12:57681798_CT_C	12:50529736_G_A
12:57681798_CT_C	12:50529971_A_G
12:57681798_CT_C	12:50533788_G_T
12:57681798_CT_C	12:50534990_C_T
12:57681798_CT_C	12:52685433_C_G
12:57681798_CT_C	12:57679414_G_A
12:57681798_CT_C	12:57692470_C_T
12:57681798_CT_C	12:57696677_G_A
12:57681798_CT_C	12:57701103_GTT_G
12:57681798_CT_C	12:57725197_G_A
12:57681798_CT_C	12:57728776_T_G
12:57681798_CT_C	12:57735045_G_A
12:57681798_CT_C	12:57738600_T_G
12:57681798_CT_C	12:57751854_C_T
12:57681798_CT_C	12:57752708_C_CT
12:57681798_CT_C	12:57753548_GATTA_G
12:57681798_CT_C	12:57756005_T_C
12:57681798_CT_C	12:57766392_G_C
12:57681798_CT_C	12:57770098_C_T
12:57681798_CT_C	12:57776069_G_GT
12:57681798_CT_C	12:57781893_G_A
12:57681798_CT_C	12:57789359_G_A
12:57681798_CT_C	12:57791833_T_C
12:57681798_CT_C	12:57801037_GA_G
12:57681798_CT_C	12:57807114_T_C
12:57681798_CT_C	12:57823585_A_C
12:57681798_CT_C	12:57824981_CCTT_C
12:57681798_CT_C	12:57826982_A_G
12:57681798_CT_C	12:57839173_G_T
12:57681798_CT_C	12:57844049_C_T
12:57681798_CT_C	12:58756852_G_A
12:57681798_CT_C	12:63340826_T_A
12:57681798_CT_C	12:63344228_A_G
7:13847705_A_C	7:5347446_A_G
7:13847705_A_C	7:5554748_T_C
7:13847705_A_C	7:5556807_C_T
7:13847705_A_C	7:5557170_G_C
7:13847705_A_C	7:12730503_T_G
7:13847705_A_C	7:12731212_C_G
7:13847705_A_C	7:12734642_A_G
7:13847705_A_C	7:12756003_C_CT
7:13847705_A_C	7:13043413_A_G
7:13847705_A_C	7:13063036_G_A
7:13847705_A_C	7:13095530_G_A
7:13847705_A_C	7:13101984_A_G
7:13847705_A_C	7:13102002_C_G
7:13847705_A_C	7:13102010_A_G
7:13847705_A_C	7:13103059_C_T
7:13847705_A_C	7:13105464_T_G
7:13847705_A_C	7:13114778_A_T
7:13847705_A_C	7:13115421_A_G
7:13847705_A_C	7:13116596_G_A
7:13847705_A_C	7:13117801_TAAAC_T
7:13847705_A_C	7:13118353_T_G
7:13847705_A_C	7:13119315_A_G
7:13847705_A_C	7:13119467_A_T
7:13847705_A_C	7:13119475_T_A
7:13847705_A_C	7:13119519_G_A
7:13847705_A_C	7:13120957_G_A
7:13847705_A_C	7:13121772_C_T
7:13847705_A_C	7:13122169_C_T
7:13847705_A_C	7:13122176_C_T
7:13847705_A_C	7:13122346_G_A
7:13847705_A_C	7:13122476_C_T
7:13847705_A_C	7:13122821_C_T
7:13847705_A_C	7:13122853_T_TC
7:13847705_A_C	7:13122895_C_T
7:13847705_A_C	7:13122926_A_C
7:13847705_A_C	7:13124240_G_C
7:13847705_A_C	7:13124612_G_A
7:13847705_A_C	7:13125089_T_C
7:13847705_A_C	7:13125090_G_A
7:13847705_A_C	7:13125720_C_G
7:13847705_A_C	7:13126064_A_G
7:13847705_A_C	7:13126066_T_C
7:13847705_A_C	7:13126524_A_G
7:13847705_A_C	7:13126592_G_A
7:13847705_A_C	7:13127042_G_A
7:13847705_A_C	7:13127100_T_C
7:13847705_A_C	7:13127198_G_A
7:13847705_A_C	7:13127374_G_C
7:13847705_A_C	7:13127376_A_G
7:13847705_A_C	7:13127440_G_A
7:13847705_A_C	7:13127694_T_G
7:13847705_A_C	7:13127939_G_C
7:13847705_A_C	7:13128085_C_G
7:13847705_A_C	7:13128924_C_T
7:13847705_A_C	7:13129344_A_G
7:13847705_A_C	7:13129434_A_G
7:13847705_A_C	7:13130069_G_A
7:13847705_A_C	7:13130646_C_T
7:13847705_A_C	7:13130703_A_G
7:13847705_A_C	7:13130947_T_G
7:13847705_A_C	7:13131113_T_G
7:13847705_A_C	7:13131764_A_G
7:13847705_A_C	7:13131830_T_TAA
7:13847705_A_C	7:13131909_C_G
7:13847705_A_C	7:13132506_A_C
7:13847705_A_C	7:13133162_G_A
7:13847705_A_C	7:13133857_C_A
7:13847705_A_C	7:13133939_G_A
7:13847705_A_C	7:13134056_CAT_C
7:13847705_A_C	7:13134343_A_T
7:13847705_A_C	7:13134530_A_G
7:13847705_A_C	7:13134981_G_A
7:13847705_A_C	7:13135062_A_AT
7:13847705_A_C	7:13135333_C_T
7:13847705_A_C	7:13135798_C_T
7:13847705_A_C	7:13136614_C_T
7:13847705_A_C	7:13136695_G_A
7:13847705_A_C	7:13137683_G_A
7:13847705_A_C	7:13137748_A_G
7:13847705_A_C	7:13138268_A_G
7:13847705_A_C	7:13138726_C_T
7:13847705_A_C	7:13138899_G_A
7:13847705_A_C	7:13139041_G_A
7:13847705_A_C	7:13139236_T_C
7:13847705_A_C	7:13139983_A_G
7:13847705_A_C	7:13140268_T_C
7:13847705_A_C	7:13140765_C_T
7:13847705_A_C	7:13141077_T_TA
7:13847705_A_C	7:13141190_A_T
7:13847705_A_C	7:13141631_A_G
7:13847705_A_C	7:13141911_T_C
7:13847705_A_C	7:13142645_A_G
7:13847705_A_C	7:13142681_C_T
7:13847705_A_C	7:13145146_C_T
7:13847705_A_C	7:13145562_C_G
7:13847705_A_C	7:13145907_C_T
7:13847705_A_C	7:13145923_A_G
7:13847705_A_C	7:13146027_G_C
7:13847705_A_C	7:13146491_T_C
7:13847705_A_C	7:13147054_G_A
7:13847705_A_C	7:13147335_T_C
7:13847705_A_C	7:13147755_G_A
7:13847705_A_C	7:13148022_A_C
7:13847705_A_C	7:13148289_C_A
7:13847705_A_C	7:13148653_A_T
7:13847705_A_C	7:13148789_A_T
7:13847705_A_C	7:13149381_A_T
7:13847705_A_C	7:13149954_C_T
7:13847705_A_C	7:13149984_C_G
7:13847705_A_C	7:13150173_G_A
7:13847705_A_C	7:13150664_G_GT
7:13847705_A_C	7:13151197_C_T
7:13847705_A_C	7:13152085_T_A
7:13847705_A_C	7:13152258_G_A
7:13847705_A_C	7:13152272_G_C
7:13847705_A_C	7:13152585_T_A
7:13847705_A_C	7:13152642_A_T
7:13847705_A_C	7:13153074_C_T
7:13847705_A_C	7:13153981_A_G
7:13847705_A_C	7:13154282_T_C
7:13847705_A_C	7:13154742_A_G
7:13847705_A_C	7:13154778_G_T
7:13847705_A_C	7:13154868_G_T
7:13847705_A_C	7:13154884_C_A
7:13847705_A_C	7:13154946_C_T
7:13847705_A_C	7:13155939_C_T
7:13847705_A_C	7:13156398_C_G
7:13847705_A_C	7:13157170_C_G
7:13847705_A_C	7:13157202_A_T
7:13847705_A_C	7:13157539_A_G
7:13847705_A_C	7:13157580_T_A
7:13847705_A_C	7:13157755_C_T
7:13847705_A_C	7:13157796_A_G
7:13847705_A_C	7:13157967_T_C
7:13847705_A_C	7:13158345_G_T
7:13847705_A_C	7:13158512_T_A
7:13847705_A_C	7:13159440_C_G
7:13847705_A_C	7:13159613_T_C
7:13847705_A_C	7:13159795_G_A
7:13847705_A_C	7:13160401_A_C
7:13847705_A_C	7:13160513_G_C
7:13847705_A_C	7:13161362_A_G
7:13847705_A_C	7:13161678_T_C
7:13847705_A_C	7:13161965_C_T
7:13847705_A_C	7:13162180_A_T
7:13847705_A_C	7:13162496_A_G
7:13847705_A_C	7:13162530_T_A
7:13847705_A_C	7:13162751_C_T
7:13847705_A_C	7:13162845_A_G
7:13847705_A_C	7:13162877_C_T
7:13847705_A_C	7:13163946_G_C
7:13847705_A_C	7:13164214_T_C
7:13847705_A_C	7:13164382_C_T
7:13847705_A_C	7:13164545_A_G
7:13847705_A_C	7:13164567_A_G
7:13847705_A_C	7:13164769_G_T
7:13847705_A_C	7:13164811_G_A
7:13847705_A_C	7:13164906_T_C
7:13847705_A_C	7:13165265_C_A
7:13847705_A_C	7:13165401_A_G
7:13847705_A_C	7:13165816_C_G
7:13847705_A_C	7:13166035_G_A
7:13847705_A_C	7:13166125_C_T
7:13847705_A_C	7:13166273_C_T
7:13847705_A_C	7:13166489_A_G
7:13847705_A_C	7:13167260_G_A
7:13847705_A_C	7:13167453_G_A
7:13847705_A_C	7:13168013_T_A
7:13847705_A_C	7:13172886_T_G
7:13847705_A_C	7:13173508_A_C
7:13847705_A_C	7:13173782_GGCTGGAGT_G
7:13847705_A_C	7:13174620_G_A
7:13847705_A_C	7:13176664_T_C
7:13847705_A_C	7:13176704_AACT_A
7:13847705_A_C	7:13177644_A_T
7:13847705_A_C	7:13178727_A_G
7:13847705_A_C	7:13179160_C_G
7:13847705_A_C	7:13181562_T_C
7:13847705_A_C	7:13182116_C_A
7:13847705_A_C	7:13183847_A_G
7:13847705_A_C	7:13184969_A_G
7:13847705_A_C	7:13847704_G_C
7:13847705_A_C	7:20089206_T_A
7:13847705_A_C	7:20089207_C_A
13:102535589_G_C	13:93704661_G_A
13:102535589_G_C	13:93706572_CTTTTTTT_C
13:102535589_G_C	13:93708675_T_C
13:102535589_G_C	13:93711456_A_C
13:102535589_G_C	13:93711457_G_T
13:102535589_G_C	13:93711734_G_C
13:102535589_G_C	13:93712566_G_A
13:102535589_G_C	13:93712869_G_A
13:102535589_G_C	13:93715292_C_G
13:102535589_G_C	13:93717350_A_G
13:102535589_G_C	13:99045320_G_A
13:102535589_G_C	13:102525922_G_C
13:102535589_G_C	13:102526134_C_A
13:102535589_G_C	13:102526247_A_G
13:102535589_G_C	13:102528537_T_C
13:102535589_G_C	13:102536257_G_A
13:102535589_G_C	13:104319978_TC_T
13:102535589_G_C	13:104612709_GT_G
13:102535589_G_C	13:104625343_C_A
13:102535589_G_C	13:104625620_T_G
13:102535589_G_C	13:110369027_G_A
13:102535589_G_C	13:110370135_G_A
3:194060625_G_A	3:187206556_A_G
3:194060625_G_A	3:187207257_T_C
3:194060625_G_A	3:187208183_T_G
3:194060625_G_A	3:187208290_T_G
3:194060625_G_A	3:187210468_A_T
3:194060625_G_A	3:187210805_C_G
3:194060625_G_A	3:187212157_A_G
3:194060625_G_A	3:187213758_G_C
3:194060625_G_A	3:187214507_C_CA
3:194060625_G_A	3:187214918_C_A
3:194060625_G_A	3:187215666_T_C
3:194060625_G_A	3:187216690_TA_T
3:194060625_G_A	3:187216721_T_C
3:194060625_G_A	3:187217152_A_T
3:194060625_G_A	3:187217274_A_T
3:194060625_G_A	3:187217609_T_G
3:194060625_G_A	3:187217928_T_C
3:194060625_G_A	3:187218441_C_A
3:194060625_G_A	3:187219255_A_C
3:194060625_G_A	3:187219488_C_T
3:194060625_G_A	3:191891123_A_G
3:194060625_G_A	3:191902523_C_T
3:194060625_G_A	3:191903216_C_T
3:194060625_G_A	3:191913074_G_A
3:194060625_G_A	3:191915448_T_G
3:194060625_G_A	3:194088518_G_A
3:194060625_G_A	3:194723308_T_G
1:14352554_C_T	1:7612593_C_T
1:14352554_C_T	1:8298418_C_A
1:14352554_C_T	1:11536010_C_A
1:14352554_C_T	1:11607932_G_A
1:14352554_C_T	1:11611002_T_A
1:14352554_C_T	1:11611370_T_A
1:14352554_C_T	1:11612085_CAA_C
1:14352554_C_T	1:11614268_T_C
1:14352554_C_T	1:12678741_T_C
1:14352554_C_T	1:13996227_G_A
1:14352554_C_T	1:14337014_A_G
1:14352554_C_T	1:14337070_G_A
1:14352554_C_T	1:14342695_A_G
1:14352554_C_T	1:14344564_G_A
1:14352554_C_T	1:14344914_G_A
1:14352554_C_T	1:14346018_C_T
1:14352554_C_T	1:14347429_CAA_C
1:14352554_C_T	1:14348251_A_T
1:14352554_C_T	1:14348533_G_A
1:14352554_C_T	1:14349229_A_T
1:14352554_C_T	1:14349267_A_G
1:14352554_C_T	1:14351366_G_T
1:14352554_C_T	1:14440292_A_G
1:14352554_C_T	1:14440294_A_T
1:14352554_C_T	1:14444425_T_C
1:14352554_C_T	1:14446220_A_C
1:14352554_C_T	1:14448133_C_T
1:14352554_C_T	1:14456286_G_C
1:14352554_C_T	1:14459797_G_A
1:14352554_C_T	1:15428363_G_A
1:14352554_C_T	1:18204693_AG_A
1:14352554_C_T	1:18383312_C_T
1:14352554_C_T	1:18383669_A_G
14:77356175_CA_C	14:68396528_T_G
14:77356175_CA_C	14:69151378_C_T
14:77356175_CA_C	14:71782272_G_GT
14:77356175_CA_C	14:72009382_CCCT_C
14:77356175_CA_C	14:72010693_C_T
14:77356175_CA_C	14:72010967_GTATATACACATGATATGTGTATATACATATGTGTATATACATATA_G
14:77356175_CA_C	14:72031563_A_C
14:77356175_CA_C	14:73173020_G_A
14:77356175_CA_C	14:73174378_C_CTG
14:77356175_CA_C	14:74081450_CA_C
14:77356175_CA_C	14:77345728_C_A
14:77356175_CA_C	14:77346525_T_G
14:77356175_CA_C	14:77356213_C_T
14:77356175_CA_C	14:77362901_C_T
14:77356175_CA_C	14:77363494_C_G
14:77356175_CA_C	14:77364614_A_G
14:77356175_CA_C	14:77485764_G_A
14:77356175_CA_C	14:77486409_A_G
14:77356175_CA_C	14:77561929_G_C
14:77356175_CA_C	14:77563572_C_G
14:77356175_CA_C	14:77581828_G_T
14:77356175_CA_C	14:77583216_C_T
14:77356175_CA_C	14:86214933_A_C
8:106417183_C_T	8:103057928_C_T
8:106417183_C_T	8:103057929_G_A
8:106417183_C_T	8:103058601_C_T
8:106417183_C_T	8:103059963_A_T
8:106417183_C_T	8:103059965_G_C
8:106417183_C_T	8:103247134_A_C
8:106417183_C_T	8:103252100_AGT_A
8:106417183_C_T	8:106401241_CGTGTGT_C
8:106417183_C_T	8:106412170_G_A
8:106417183_C_T	8:106470630_T_C
8:106417183_C_T	8:106476380_G_T
8:106417183_C_T	8:106497543_G_T
8:106417183_C_T	8:115009562_T_A
12:120127735_C_T	12:118957784_AT_A
12:120127735_C_T	12:119993293_CAAAAAAAAAAAA_C
12:120127735_C_T	12:119996932_T_TACATA
12:120127735_C_T	12:120044048_A_T
12:120127735_C_T	12:120093879_A_C
12:120127735_C_T	12:120104173_T_C
12:120127735_C_T	12:120105913_G_C
12:120127735_C_T	12:120123073_C_T
12:120127735_C_T	12:120127575_C_T
12:120127735_C_T	12:120131427_C_T
12:120127735_C_T	12:120136296_G_A
12:120127735_C_T	12:120140379_T_C
12:120127735_C_T	12:120141317_A_G
12:120127735_C_T	12:120143435_G_A
12:120127735_C_T	12:120146164_G_A
12:120127735_C_T	12:120148326_G_A
12:120127735_C_T	12:120148363_C_T
12:120127735_C_T	12:120149742_A_G
12:120127735_C_T	12:120152440_C_T
12:120127735_C_T	12:120152721_G_A
12:120127735_C_T	12:124993538_G_A
12:120127735_C_T	12:126048905_T_TG
12:120127735_C_T	12:126069934_A_C
12:120127735_C_T	12:126070801_T_C
12:120127735_C_T	12:126071206_C_T
12:120127735_C_T	12:126071626_G_A
12:120127735_C_T	12:126071667_G_A
12:120127735_C_T	12:126073799_C_T
12:120127735_C_T	12:126074723_T_C
12:120127735_C_T	12:126074775_G_A
12:120127735_C_T	12:126075132_T_C
12:120127735_C_T	12:126849141_A_G
12:120127735_C_T	12:127186955_A_G
12:120127735_C_T	12:127226035_G_A
12:120127735_C_T	12:127229969_G_C
12:120127735_C_T	12:127232650_C_T
11:133353569_TGATAGATA_T	11:124830621_T_A
11:133353569_TGATAGATA_T	11:124831085_T_C
11:133353569_TGATAGATA_T	11:124849481_G_A
11:133353569_TGATAGATA_T	11:124850433_G_C
11:133353569_TGATAGATA_T	11:124852669_G_A
11:133353569_TGATAGATA_T	11:124863530_T_C
11:133353569_TGATAGATA_T	11:124874739_A_G
11:133353569_TGATAGATA_T	11:124875670_C_G
11:133353569_TGATAGATA_T	11:124876704_T_C
11:133353569_TGATAGATA_T	11:124879158_T_C
11:133353569_TGATAGATA_T	11:124897945_A_G
11:133353569_TGATAGATA_T	11:124897953_T_G
11:133353569_TGATAGATA_T	11:124902231_G_T
11:133353569_TGATAGATA_T	11:124915828_A_G
11:133353569_TGATAGATA_T	11:124924881_A_G
11:133353569_TGATAGATA_T	11:124927534_C_T
11:133353569_TGATAGATA_T	11:124934375_G_A
11:133353569_TGATAGATA_T	11:124939384_G_A
11:133353569_TGATAGATA_T	11:124941046_C_T
11:133353569_TGATAGATA_T	11:124944478_G_C
11:133353569_TGATAGATA_T	11:124948205_AG_A
11:133353569_TGATAGATA_T	11:124950370_T_C
11:133353569_TGATAGATA_T	11:124952026_C_T
11:133353569_TGATAGATA_T	11:124956316_T_G
11:133353569_TGATAGATA_T	11:126215819_C_T
3:97569926_G_A	3:88547595_C_A
3:97569926_G_A	3:89020740_G_C
3:97569926_G_A	3:90005732_A_G
3:97569926_G_A	3:90144346_T_A
3:97569926_G_A	3:96140115_A_G
3:97569926_G_A	3:96167389_G_T
3:97569926_G_A	3:96167649_T_G
3:97569926_G_A	3:96289490_T_C
3:97569926_G_A	3:97508391_A_G
3:97569926_G_A	3:97665419_CT_C
3:97569926_G_A	3:97787260_A_C
3:97569926_G_A	3:99464877_G_T
3:97569926_G_A	3:99483592_G_A
3:97569926_G_A	3:99726646_T_C
3:97569926_G_A	3:99756807_GGA_G
3:97569926_G_A	3:99758465_T_C
3:97569926_G_A	3:104831926_C_T
3:97569926_G_A	3:104839711_C_A
22:43718151_G_T	22:34579720_T_TGT
22:43718151_G_T	22:37058070_G_A
22:43718151_G_T	22:40544337_C_T
22:43718151_G_T	22:40546153_G_A
22:43718151_G_T	22:40546633_C_T
22:43718151_G_T	22:40548084_G_T
22:43718151_G_T	22:40549553_G_GA
22:43718151_G_T	22:40568029_A_AT
22:43718151_G_T	22:40569426_CT_C
22:43718151_G_T	22:40577952_G_GA
22:43718151_G_T	22:40592628_ATGGAACTCTTGCTGATGTTTTTTTC_A
22:43718151_G_T	22:40599879_C_T
22:43718151_G_T	22:40600487_G_A
22:43718151_G_T	22:40601639_A_T
22:43718151_G_T	22:40602072_T_A
22:43718151_G_T	22:40602815_G_T
22:43718151_G_T	22:40603422_AATATATATATAT_A
22:43718151_G_T	22:40603580_C_A
22:43718151_G_T	22:40603979_A_G
22:43718151_G_T	22:40605163_G_A
22:43718151_G_T	22:40606001_A_G
22:43718151_G_T	22:40606293_A_T
22:43718151_G_T	22:40607117_ATCT_A
22:43718151_G_T	22:40608896_T_C
22:43718151_G_T	22:40609151_A_G
22:43718151_G_T	22:40610600_G_C
22:43718151_G_T	22:40611014_AAT_A
22:43718151_G_T	22:40620467_C_A
22:43718151_G_T	22:40623431_G_A
22:43718151_G_T	22:40625909_A_G
22:43718151_G_T	22:40625951_C_T
22:43718151_G_T	22:40627319_C_T
22:43718151_G_T	22:40628754_C_T
22:43718151_G_T	22:40629138_T_C
22:43718151_G_T	22:40629805_A_G
22:43718151_G_T	22:40631033_C_T
22:43718151_G_T	22:40631110_G_C
22:43718151_G_T	22:40631437_C_A
22:43718151_G_T	22:40631617_G_A
22:43718151_G_T	22:40631739_A_G
22:43718151_G_T	22:40632083_C_T
22:43718151_G_T	22:40632772_A_G
22:43718151_G_T	22:40634507_A_G
22:43718151_G_T	22:40635721_T_C
22:43718151_G_T	22:40636615_C_T
22:43718151_G_T	22:40637804_T_G
22:43718151_G_T	22:40638223_C_T
22:43718151_G_T	22:40638934_C_T
22:43718151_G_T	22:40639423_C_G
22:43718151_G_T	22:40641164_G_T
22:43718151_G_T	22:40641980_G_A
22:43718151_G_T	22:40642368_G_A
22:43718151_G_T	22:40642452_G_A
22:43718151_G_T	22:40642652_C_G
22:43718151_G_T	22:40643839_C_T
22:43718151_G_T	22:40665067_T_C
22:43718151_G_T	22:40674593_G_A
22:43718151_G_T	22:40676986_T_A
22:43718151_G_T	22:40679199_C_T
22:43718151_G_T	22:40679233_G_A
22:43718151_G_T	22:40688917_A_G
22:43718151_G_T	22:40689379_G_A
22:43718151_G_T	22:40704052_C_T
22:43718151_G_T	22:40720963_C_T
22:43718151_G_T	22:41407165_G_A
22:43718151_G_T	22:43714854_G_T
22:43718151_G_T	22:43716971_C_T
22:43718151_G_T	22:43737500_G_A
22:43718151_G_T	22:43737881_A_C
22:43718151_G_T	22:43738358_G_C
22:43718151_G_T	22:43738683_C_T
22:43718151_G_T	22:43743449_T_G
22:43718151_G_T	22:43744499_A_G
22:43718151_G_T	22:43744502_A_G
22:43718151_G_T	22:43745603_T_C
22:43718151_G_T	22:43745758_T_C
22:43718151_G_T	22:43904458_CCCATCCATCCCCCATCTAT_C
22:43718151_G_T	22:43905563_TC_T
22:43718151_G_T	22:43950342_C_T
22:43718151_G_T	22:43981546_C_G
22:43718151_G_T	22:44013566_A_G
22:43718151_G_T	22:44013622_T_C
22:43718151_G_T	22:44293320_G_T
2:208334716_T_C	2:200900974_C_G
2:208334716_T_C	2:203361234_TTAAA_T
2:208334716_T_C	2:203427559_C_CA
2:208334716_T_C	2:203638183_A_G
2:208334716_T_C	2:203642155_G_A
2:208334716_T_C	2:203646897_C_T
2:208334716_T_C	2:203652838_T_C
2:208334716_T_C	2:203664929_C_G
2:208334716_T_C	2:203666319_T_G
2:208334716_T_C	2:203671423_T_G
2:208334716_T_C	2:203716823_G_T
2:208334716_T_C	2:203717310_G_A
2:208334716_T_C	2:203829582_T_TTA
2:208334716_T_C	2:203877233_C_T
2:208334716_T_C	2:203880834_G_A
2:208334716_T_C	2:203883193_C_G
2:208334716_T_C	2:203884308_A_C
2:208334716_T_C	2:203892767_T_C
2:208334716_T_C	2:203893999_C_A
2:208334716_T_C	2:203897946_A_G
2:208334716_T_C	2:203916487_T_G
2:208334716_T_C	2:203925360_G_A
2:208334716_T_C	2:203926271_A_G
2:208334716_T_C	2:203927587_T_C
2:208334716_T_C	2:203951846_T_C
2:208334716_T_C	2:203969504_G_A
2:208334716_T_C	2:203975958_G_T
2:208334716_T_C	2:203980033_G_A
2:208334716_T_C	2:203983940_C_A
2:208334716_T_C	2:203984117_C_T
2:208334716_T_C	2:203987806_C_G
2:208334716_T_C	2:203993512_G_A
2:208334716_T_C	2:203995405_G_A
2:208334716_T_C	2:204005072_A_G
2:208334716_T_C	2:204009057_T_G
2:208334716_T_C	2:204094965_G_A
2:208334716_T_C	2:204105403_C_T
2:208334716_T_C	2:204106164_A_G
2:208334716_T_C	2:204107025_G_A
2:208334716_T_C	2:204109146_C_T
2:208334716_T_C	2:204110748_G_A
2:208334716_T_C	2:204115240_GA_G
2:208334716_T_C	2:204115901_A_G
2:208334716_T_C	2:204116660_A_T
2:208334716_T_C	2:204117167_G_T
2:208334716_T_C	2:204118239_C_T
2:208334716_T_C	2:204118308_G_A
2:208334716_T_C	2:204120959_T_C
2:208334716_T_C	2:204125268_G_T
2:208334716_T_C	2:204125426_T_C
2:208334716_T_C	2:204129311_A_G
2:208334716_T_C	2:204129896_G_A
2:208334716_T_C	2:204134282_A_G
2:208334716_T_C	2:204135270_A_G
2:208334716_T_C	2:204136753_G_A
2:208334716_T_C	2:204142528_C_T
2:208334716_T_C	2:204143126_T_C
2:208334716_T_C	2:204147222_C_A
2:208334716_T_C	2:204152135_C_T
2:208334716_T_C	2:204152381_G_T
2:208334716_T_C	2:204152533_C_T
2:208334716_T_C	2:204165553_G_A
2:208334716_T_C	2:204177866_GTATATATA_G
2:208334716_T_C	2:204180921_A_G
2:208334716_T_C	2:204188321_T_G
2:208334716_T_C	2:204199600_T_C
2:208334716_T_C	2:204201065_A_G
2:208334716_T_C	2:204292517_T_C
2:208334716_T_C	2:204294412_A_G
2:208334716_T_C	2:204300092_CA_C
2:208334716_T_C	2:204301296_G_A
2:208334716_T_C	2:204301750_G_GAC
2:208334716_T_C	2:204306356_A_G
2:208334716_T_C	2:204309325_G_A
2:208334716_T_C	2:204322298_T_C
2:208334716_T_C	2:204322982_T_C
2:208334716_T_C	2:204327639_T_C
2:208334716_T_C	2:204346291_AATAT_A
2:208334716_T_C	2:204353126_G_A
2:208334716_T_C	2:204353862_GA_G
2:208334716_T_C	2:204355822_G_A
2:208334716_T_C	2:204361092_T_TAAATA
2:208334716_T_C	2:204364721_C_T
2:208334716_T_C	2:204369324_T_C
2:208334716_T_C	2:204370203_A_G
2:208334716_T_C	2:204374764_A_C
2:208334716_T_C	2:204385054_C_CA
2:208334716_T_C	2:204387618_CAA_C
2:208334716_T_C	2:204394236_C_T
2:208334716_T_C	2:205806556_AGT_A
2:208334716_T_C	2:208211099_C_T
2:208334716_T_C	2:208211101_T_C
2:208334716_T_C	2:208212867_AC_A
2:208334716_T_C	2:208212914_C_T
2:208334716_T_C	2:208213670_G_A
2:208334716_T_C	2:208216691_T_A
2:208334716_T_C	2:208217718_T_C
2:208334716_T_C	2:208223028_A_T
2:208334716_T_C	2:208229394_C_G
2:208334716_T_C	2:208231653_A_G
2:208334716_T_C	2:208235863_T_C
2:208334716_T_C	2:208236850_A_G
2:208334716_T_C	2:208241401_G_T
2:208334716_T_C	2:208241521_A_G
2:208334716_T_C	2:208243903_T_A
2:208334716_T_C	2:208245238_C_T
2:208334716_T_C	2:208252344_C_T
2:208334716_T_C	2:208310827_A_G
2:208334716_T_C	2:208318286_A_G
2:208334716_T_C	2:208323990_C_A
2:208334716_T_C	2:208331258_T_TTC
2:208334716_T_C	2:208332575_C_CA
2:208334716_T_C	2:208362801_C_T
2:208334716_T_C	2:208362851_C_T
2:208334716_T_C	2:208363677_G_A
2:208334716_T_C	2:209814361_T_C
2:208334716_T_C	2:216852593_T_A
2:208334716_T_C	2:217024195_C_A
2:208334716_T_C	2:217647383_A_AATAT
2:208334716_T_C	2:217652591_A_T
2:208334716_T_C	2:217653567_A_G
2:208334716_T_C	2:217656764_C_G
2:208334716_T_C	2:217657399_G_GA
2:208334716_T_C	2:217676681_C_T
2:208334716_T_C	2:217679427_G_C
2:208334716_T_C	2:217682247_C_T
4:83169610_C_T	4:79238496_G_A
4:83169610_C_T	4:80255768_C_T
4:83169610_C_T	4:82354693_T_C
4:83169610_C_T	4:83159434_T_C
4:83169610_C_T	4:83159604_T_TAA
4:83169610_C_T	4:83160853_A_G
4:83169610_C_T	4:83167244_TA_T
4:83169610_C_T	4:83169733_A_G
4:83169610_C_T	4:83170873_T_C
4:83169610_C_T	4:83171007_T_A
4:83169610_C_T	4:83171114_C_CA
4:83169610_C_T	4:83171764_T_TATAAAC
4:83169610_C_T	4:83172027_T_C
4:83169610_C_T	4:83172168_C_T
4:83169610_C_T	4:83172475_C_A
4:83169610_C_T	4:83173170_G_A
4:83169610_C_T	4:83173507_C_T
4:83169610_C_T	4:83173622_C_T
4:83169610_C_T	4:83173948_A_G
4:83169610_C_T	4:83175175_C_A
4:83169610_C_T	4:83175792_G_A
4:83169610_C_T	4:83175861_T_TC
4:83169610_C_T	4:83177773_T_C
4:83169610_C_T	4:83178704_AT_A
4:83169610_C_T	4:83179096_C_T
4:83169610_C_T	4:83179452_T_C
4:83169610_C_T	4:83179713_A_C
4:83169610_C_T	4:83180585_C_T
4:83169610_C_T	4:83180658_C_G
4:83169610_C_T	4:83181013_C_T
4:83169610_C_T	4:83181165_A_G
4:83169610_C_T	4:83181336_A_C
4:83169610_C_T	4:83182514_A_G
4:83169610_C_T	4:83183789_T_A
4:83169610_C_T	4:83183953_C_G
4:83169610_C_T	4:83184412_C_T
4:83169610_C_T	4:83184691_T_A
4:83169610_C_T	4:83186014_C_CA
4:83169610_C_T	4:83188654_A_G
4:83169610_C_T	4:83189631_A_G
4:83169610_C_T	4:83190365_T_C
4:83169610_C_T	4:83190434_T_C
4:83169610_C_T	4:83190452_G_A
4:83169610_C_T	4:83190551_C_T
4:83169610_C_T	4:83190552_A_G
4:83169610_C_T	4:83190875_A_T
4:83169610_C_T	4:83191487_T_TA
4:83169610_C_T	4:83192389_C_T
4:83169610_C_T	4:83192502_T_C
4:83169610_C_T	4:83192590_G_T
4:83169610_C_T	4:83192755_C_T
4:83169610_C_T	4:83192855_A_C
4:83169610_C_T	4:83193200_C_T
4:83169610_C_T	4:83194162_G_A
4:83169610_C_T	4:83195112_T_C
4:83169610_C_T	4:83195550_G_C
4:83169610_C_T	4:83197551_C_T
4:83169610_C_T	4:83200627_G_A
4:83169610_C_T	4:83203011_AATG_A
4:83169610_C_T	4:83205589_C_A
4:83169610_C_T	4:83207305_G_A
4:83169610_C_T	4:83208400_T_G
4:83169610_C_T	4:83210000_A_G
4:83169610_C_T	4:83214356_C_T
4:83169610_C_T	4:83216827_A_G
4:83169610_C_T	4:83230134_T_G
4:83169610_C_T	4:83244449_T_C
4:83169610_C_T	4:83249359_T_G
4:83169610_C_T	4:83250859_T_C
4:83169610_C_T	4:83255364_C_T
4:83169610_C_T	4:83256674_G_C
4:83169610_C_T	4:83267948_C_G
4:83169610_C_T	4:83269088_T_C
4:83169610_C_T	4:83269427_A_C
4:83169610_C_T	4:83273221_G_C
4:83169610_C_T	4:83274634_C_T
4:83169610_C_T	4:83278915_T_A
4:83169610_C_T	4:83290840_C_CAA
4:83169610_C_T	4:89535124_TGATA_T
5:28196263_C_CT	5:24575248_A_T
5:28196263_C_CT	5:27015720_A_C
5:28196263_C_CT	5:28195096_G_A
5:28196263_C_CT	5:28195642_C_G
5:28196263_C_CT	5:28203606_A_T
5:28196263_C_CT	5:28212881_CTG_C
5:28196263_C_CT	5:28215710_T_C
5:28196263_C_CT	5:28242821_G_C
5:28196263_C_CT	5:28274329_C_T
5:28196263_C_CT	5:28280405_A_C
5:28196263_C_CT	5:28283484_T_C
5:28196263_C_CT	5:28285440_T_C
5:28196263_C_CT	5:28291873_C_A
5:28196263_C_CT	5:28297252_C_T
5:28196263_C_CT	5:28297660_G_C
5:28196263_C_CT	5:28297765_A_G
5:28196263_C_CT	5:28302196_C_T
5:28196263_C_CT	5:28640961_C_T
5:28196263_C_CT	5:28648576_A_C
5:28196263_C_CT	5:28648707_C_T
5:28196263_C_CT	5:28939438_G_A
5:28196263_C_CT	5:30947426_G_A
5:28196263_C_CT	5:32267338_C_T
5:28196263_C_CT	5:32383878_A_G
5:28196263_C_CT	5:34461430_T_C
5:28196263_C_CT	5:34588658_C_T
5:28196263_C_CT	5:34589183_T_G
5:28196263_C_CT	5:34590278_G_A
5:28196263_C_CT	5:34594011_C_A
5:28196263_C_CT	5:34607436_T_C
5:28196263_C_CT	5:36602769_A_C
5:28196263_C_CT	5:36603629_T_C
5:28196263_C_CT	5:36603753_A_G
13:113741851_C_A	13:104313332_C_A
13:113741851_C_A	13:104335817_C_CAGTATCA
13:113741851_C_A	13:104335851_C_T
13:113741851_C_A	13:104336214_G_A
13:113741851_C_A	13:104336633_T_TA
13:113741851_C_A	13:105306557_A_C
13:113741851_C_A	13:106156514_C_T
13:113741851_C_A	13:106189125_A_G
13:113741851_C_A	13:108072286_CAT_C
13:113741851_C_A	13:110463637_G_A
13:113741851_C_A	13:112084088_G_GGATTGGCCATGA
13:113741851_C_A	13:112084089_G_GATTGGCCATGAA
13:113741851_C_A	13:112087145_C_T
13:113741851_C_A	13:112109213_C_A
13:113741851_C_A	13:113731902_G_A
13:113741851_C_A	13:113732381_A_G
13:113741851_C_A	13:113735733_G_A
13:113741851_C_A	13:113737092_C_T
13:113741851_C_A	13:113737099_C_T
13:113741851_C_A	13:113737385_C_T
13:113741851_C_A	13:113739518_G_A
13:113741851_C_A	13:113741278_C_T
13:113741851_C_A	13:113754985_T_G
13:113741851_C_A	13:113779237_A_G
8:120198034_G_T	8:119927181_TGCTCTCTCGCTCTCTCGCTCTCTC_T
8:120198034_G_T	8:120099284_T_A
8:120198034_G_T	8:120100059_C_T
8:120198034_G_T	8:120125201_G_A
8:120198034_G_T	8:120134820_G_C
8:120198034_G_T	8:120142610_T_G
8:120198034_G_T	8:120161884_C_A
8:120198034_G_T	8:120209199_G_A
8:120198034_G_T	8:123158336_A_G
8:120198034_G_T	8:123159280_C_T
8:120198034_G_T	8:123159523_C_T
8:120198034_G_T	8:123159680_T_C
8:120198034_G_T	8:123159714_T_C
8:120198034_G_T	8:123159934_T_C
8:120198034_G_T	8:123161466_A_G
8:120198034_G_T	8:123163282_G_A
8:120198034_G_T	8:123163393_C_T
8:120198034_G_T	8:123165047_C_T
8:120198034_G_T	8:123165328_T_C
8:120198034_G_T	8:129009922_A_C
8:120198034_G_T	8:129017176_T_C
8:120198034_G_T	8:129017512_G_A
8:120198034_G_T	8:129017800_T_C
8:120198034_G_T	8:129018253_T_G
8:120198034_G_T	8:129018813_C_T
8:120198034_G_T	8:129018915_C_T
8:120198034_G_T	8:129025804_A_G
8:120198034_G_T	8:129026511_G_A
8:120198034_G_T	8:129026653_T_C
8:120198034_G_T	8:129030099_T_C
8:120198034_G_T	8:129032589_A_G
8:120198034_G_T	8:129032648_A_G
8:120198034_G_T	8:129072832_A_G
8:120198034_G_T	8:129093836_T_C
15:87664759_T_G	15:85436616_C_T
15:87664759_T_G	15:87629627_A_G
15:87664759_T_G	15:87648905_TA_T
15:87664759_T_G	15:87650196_T_C
15:87664759_T_G	15:87661440_A_AT
15:87664759_T_G	15:87662512_G_A
15:87664759_T_G	15:87662861_A_C
15:87664759_T_G	15:87663010_C_T
15:87664759_T_G	15:87663063_G_A
15:87664759_T_G	15:87664183_T_A
15:87664759_T_G	15:87664751_A_G
15:87664759_T_G	15:87664772_T_G
15:87664759_T_G	15:87664954_TTTG_T
15:87664759_T_G	15:87675666_A_C
15:87664759_T_G	15:89091124_T_C
15:87664759_T_G	15:89093163_C_T
15:87664759_T_G	15:89094468_C_G
15:87664759_T_G	15:89098492_G_C
15:87664759_T_G	15:89099144_A_C
15:87664759_T_G	15:89099416_G_C
15:87664759_T_G	15:89100509_G_A
15:87664759_T_G	15:89104725_G_A
15:87664759_T_G	15:89105055_G_A
15:87664759_T_G	15:89157602_C_T
15:87664759_T_G	15:89157800_C_G
15:87664759_T_G	15:89493201_T_C
15:87664759_T_G	15:91430647_A_C
15:87664759_T_G	15:91431856_A_C
15:87664759_T_G	15:91442215_G_C
15:87664759_T_G	15:91471093_G_A
15:87664759_T_G	15:91488862_A_AT
15:87664759_T_G	15:91489134_T_C
15:87664759_T_G	15:91489705_G_A
15:87664759_T_G	15:91490894_G_T
15:87664759_T_G	15:91499081_A_T
15:87664759_T_G	15:91500260_A_G
15:87664759_T_G	15:93909534_A_C
15:87664759_T_G	15:95246247_A_G
15:87664759_T_G	15:96794637_A_G
15:87664759_T_G	15:96795976_A_C
9:26625220_C_G	9:26578404_C_G
9:26625220_C_G	9:26603896_A_G
9:26625220_C_G	9:26620195_T_A
9:26625220_C_G	9:26622610_T_G
9:26625220_C_G	9:27056859_TA_T
9:26625220_C_G	9:27056861_GATA_G
9:26625220_C_G	9:28008595_T_C
9:26625220_C_G	9:29751688_C_G
9:26625220_C_G	9:29753043_A_T
9:26625220_C_G	9:29753065_A_T
9:26625220_C_G	9:29753637_C_CTATT
9:26625220_C_G	9:29753712_A_G
9:26625220_C_G	9:29753733_A_C
9:26625220_C_G	9:29753785_A_G
9:26625220_C_G	9:29753829_G_A
9:26625220_C_G	9:31374957_C_T
9:26625220_C_G	9:34230737_C_T
16:69939190_C_T	16:64445943_C_T
16:69939190_C_T	16:64446744_G_A
16:69939190_C_T	16:64466767_T_TACCA
16:69939190_C_T	16:64466769_C_CCAAT
16:69939190_C_T	16:64472976_T_G
16:69939190_C_T	16:64477648_A_G
16:69939190_C_T	16:64482463_C_CT
16:69939190_C_T	16:64488385_CGT_C
16:69939190_C_T	16:64491777_A_G
16:69939190_C_T	16:64498551_C_G
16:69939190_C_T	16:64506863_A_G
16:69939190_C_T	16:64507228_A_C
16:69939190_C_T	16:64512827_A_G
16:69939190_C_T	16:64513639_G_A
16:69939190_C_T	16:64514073_G_A
16:69939190_C_T	16:64514136_C_T
16:69939190_C_T	16:64514442_G_C
16:69939190_C_T	16:64515816_A_T
16:69939190_C_T	16:64516007_A_T
16:69939190_C_T	16:65667848_A_C
16:69939190_C_T	16:65668909_A_C
16:69939190_C_T	16:65671824_T_C
16:69939190_C_T	16:65674206_C_T
16:69939190_C_T	16:65676843_T_G
16:69939190_C_T	16:65678032_G_T
16:69939190_C_T	16:65678753_A_G
16:69939190_C_T	16:65679524_C_T
16:69939190_C_T	16:65683528_G_C
16:69939190_C_T	16:65690405_C_T
16:69939190_C_T	16:69128247_C_A
16:69939190_C_T	16:69248710_G_A
16:69939190_C_T	16:69563412_T_C
16:69939190_C_T	16:69563842_A_G
16:69939190_C_T	16:69701397_TA_T
16:69939190_C_T	16:69894432_A_G
16:69939190_C_T	16:69896009_C_T
16:69939190_C_T	16:69896754_G_A
16:69939190_C_T	16:69900226_G_C
16:69939190_C_T	16:69904138_T_A
16:69939190_C_T	16:69911997_C_T
16:69939190_C_T	16:69913026_C_T
16:69939190_C_T	16:69928639_G_A
16:69939190_C_T	16:69934672_C_T
16:69939190_C_T	16:71459628_A_T
16:69939190_C_T	16:71463602_A_G
16:69939190_C_T	16:71485515_C_T
14:93612498_C_CAG	14:86541237_T_C
14:93612498_C_CAG	14:90127127_C_CT
14:93612498_C_CAG	14:90271489_G_A
14:93612498_C_CAG	14:93394717_G_A
14:93612498_C_CAG	14:93397444_A_T
14:93612498_C_CAG	14:93596263_A_T
14:93612498_C_CAG	14:93597247_C_CT
14:93612498_C_CAG	14:93597408_A_G
14:93612498_C_CAG	14:93597571_T_TA
14:93612498_C_CAG	14:93599718_A_AAAAAT
14:93612498_C_CAG	14:93600580_CT_C
14:93612498_C_CAG	14:93600914_G_C
14:93612498_C_CAG	14:93601071_A_G
14:93612498_C_CAG	14:93601668_C_T
14:93612498_C_CAG	14:93601782_C_G
14:93612498_C_CAG	14:93602792_G_C
14:93612498_C_CAG	14:93602980_C_T
14:93612498_C_CAG	14:93603396_A_G
14:93612498_C_CAG	14:93603405_G_A
14:93612498_C_CAG	14:93603424_T_C
14:93612498_C_CAG	14:93603486_C_T
14:93612498_C_CAG	14:93603556_T_C
14:93612498_C_CAG	14:93603560_G_A
14:93612498_C_CAG	14:93603580_A_G
14:93612498_C_CAG	14:93603927_T_C
14:93612498_C_CAG	14:93605077_T_C
14:93612498_C_CAG	14:93605144_G_T
14:93612498_C_CAG	14:93605256_C_T
14:93612498_C_CAG	14:93605374_A_G
14:93612498_C_CAG	14:93605490_AACACACAT_A
14:93612498_C_CAG	14:93605713_T_A
14:93612498_C_CAG	14:93606168_T_C
14:93612498_C_CAG	14:93606650_C_A
14:93612498_C_CAG	14:93606756_C_T
14:93612498_C_CAG	14:93606855_C_T
14:93612498_C_CAG	14:93606976_A_G
14:93612498_C_CAG	14:93607071_C_T
14:93612498_C_CAG	14:93607687_C_T
14:93612498_C_CAG	14:93607847_C_A
14:93612498_C_CAG	14:93607848_C_A
14:93612498_C_CAG	14:93607990_C_T
14:93612498_C_CAG	14:93608246_T_G
14:93612498_C_CAG	14:93608449_T_C
14:93612498_C_CAG	14:93608939_TA_T
14:93612498_C_CAG	14:93608976_T_A
14:93612498_C_CAG	14:93609657_C_T
14:93612498_C_CAG	14:93609715_C_T
14:93612498_C_CAG	14:93609765_C_G
14:93612498_C_CAG	14:93609941_C_T
14:93612498_C_CAG	14:93610191_C_T
14:93612498_C_CAG	14:93610804_A_G
14:93612498_C_CAG	14:93610949_G_T
14:93612498_C_CAG	14:93611069_A_G
14:93612498_C_CAG	14:93611243_T_C
14:93612498_C_CAG	14:93611422_C_T
14:93612498_C_CAG	14:93611462_T_C
14:93612498_C_CAG	14:93611535_T_G
14:93612498_C_CAG	14:93611667_C_T
14:93612498_C_CAG	14:93611844_CTTTT_C
14:93612498_C_CAG	14:93612419_A_T
14:93612498_C_CAG	14:93612444_C_G
14:93612498_C_CAG	14:93617889_T_G
14:93612498_C_CAG	14:93664228_C_T
14:93612498_C_CAG	14:96021372_G_A
14:93612498_C_CAG	14:97192339_T_A
14:93612498_C_CAG	14:97193023_C_T
14:93612498_C_CAG	14:97193080_T_C
14:93612498_C_CAG	14:97193087_C_T
14:93612498_C_CAG	14:97193284_T_C
14:93612498_C_CAG	14:97193512_A_G
14:93612498_C_CAG	14:98262967_G_C
14:93612498_C_CAG	14:99707933_C_T
14:93612498_C_CAG	14:99709702_A_C
14:93612498_C_CAG	14:99710843_C_T
14:93612498_C_CAG	14:99711331_G_A
14:93612498_C_CAG	14:99712794_C_T
14:93612498_C_CAG	14:99712945_A_G
14:93612498_C_CAG	14:99714757_G_A
14:93612498_C_CAG	14:99715924_T_G
14:93612498_C_CAG	14:99716908_T_C
14:93612498_C_CAG	14:99774170_C_CT
14:93612498_C_CAG	14:99999604_C_T
3:64345967_C_G	3:64203489_A_G
3:64345967_C_G	3:64227652_C_A
3:64345967_C_G	3:64247412_C_T
3:64345967_C_G	3:70862799_G_C
3:64345967_C_G	3:70863811_A_C
3:64345967_C_G	3:70867648_C_T
3:64345967_C_G	3:70868655_A_T
3:64345967_C_G	3:70869078_C_A
3:64345967_C_G	3:72198622_T_C
3:64345967_C_G	3:72200249_G_A
16:16211514_C_G	16:7768425_C_T
16:16211514_C_G	16:17194237_A_AAT
16:16211514_C_G	16:20365234_G_C
16:16211514_C_G	16:20366507_T_C
16:16211514_C_G	16:20367130_A_G
16:16211514_C_G	16:23847747_TGCGCCCTCC_T
16:16211514_C_G	16:23847786_T_C
16:16211514_C_G	16:23847797_G_C
16:16211514_C_G	16:23847935_G_A
16:16211514_C_G	16:23847946_A_C
16:16211514_C_G	16:23848988_T_C
16:16211514_C_G	16:23849839_G_T
16:16211514_C_G	16:23850751_T_C
16:16211514_C_G	16:23850836_C_T
16:16211514_C_G	16:23851970_T_C
16:16211514_C_G	16:23852065_A_G
16:16211514_C_G	16:25382151_GAGA_G
13:82966251_A_G	13:82188951_G_T
13:82966251_A_G	13:82190269_T_A
13:82966251_A_G	13:82194037_TTATAAA_T
13:82966251_A_G	13:82205609_A_C
13:82966251_A_G	13:82215452_T_G
13:82966251_A_G	13:82223203_GTTTGA_G
13:82966251_A_G	13:82233021_C_T
13:82966251_A_G	13:82241297_GT_G
13:82966251_A_G	13:82243082_A_G
13:82966251_A_G	13:82253923_T_G
13:82966251_A_G	13:82254985_C_T
13:82966251_A_G	13:82260083_A_G
13:82966251_A_G	13:82260535_A_G
13:82966251_A_G	13:82981685_C_T
13:82966251_A_G	13:82986706_G_A
13:82966251_A_G	13:82986790_A_G
13:82966251_A_G	13:82989727_G_A
13:82966251_A_G	13:82991031_T_G
13:82966251_A_G	13:82991580_C_G
13:82966251_A_G	13:82991665_A_G
13:82966251_A_G	13:82994791_T_C
13:82966251_A_G	13:82998536_G_A
13:82966251_A_G	13:83004775_A_G
13:82966251_A_G	13:83008524_A_T
13:82966251_A_G	13:83015141_G_A
13:82966251_A_G	13:83017730_T_C
13:82966251_A_G	13:83018362_A_G
13:82966251_A_G	13:83022744_T_C
13:82966251_A_G	13:83022884_C_T
13:82966251_A_G	13:83023638_C_G
13:82966251_A_G	13:83024688_G_C
13:82966251_A_G	13:83025844_C_T
13:82966251_A_G	13:83030324_G_A
13:82966251_A_G	13:83178364_G_A
13:82966251_A_G	13:83178540_T_C
13:82966251_A_G	13:83178896_T_C
13:82966251_A_G	13:83263041_T_G
13:82966251_A_G	13:83375620_A_G
13:82966251_A_G	13:84807007_C_T
13:82966251_A_G	13:84844779_G_T
13:82966251_A_G	13:84860562_T_TAA
13:82966251_A_G	13:84894610_A_G
13:82966251_A_G	13:84900959_G_A
13:82966251_A_G	13:85333644_TATAG_T
13:82966251_A_G	13:86990684_T_C
13:82966251_A_G	13:86994613_G_A
13:82966251_A_G	13:86996950_C_T
13:82966251_A_G	13:87004302_A_G
13:82966251_A_G	13:87006316_A_G
13:82966251_A_G	13:87010244_A_G
13:82966251_A_G	13:87013913_T_C
13:82966251_A_G	13:87014799_A_G
14:72900737_A_G	14:71293435_AGCCAAATCCACATGATAACAGTGGATT_A
14:72900737_A_G	14:71441820_T_C
14:72900737_A_G	14:72892087_C_T
14:72900737_A_G	14:72900763_G_C
14:72900737_A_G	14:72903145_CAG_C
14:72900737_A_G	14:72905066_C_T
14:72900737_A_G	14:72907664_TTGTA_T
14:72900737_A_G	14:80120572_T_C
17:39638942_G_A	17:35840937_C_CAA
17:39638942_G_A	17:35904597_A_G
17:39638942_G_A	17:35951505_C_A
17:39638942_G_A	17:35952983_G_A
17:39638942_G_A	17:35966977_G_T
17:39638942_G_A	17:39631138_A_G
17:39638942_G_A	17:39633349_G_C
17:39638942_G_A	17:39637832_A_G
17:39638942_G_A	17:39638639_T_TTCCCCC
17:39638942_G_A	17:39638907_C_T
17:39638942_G_A	17:39639182_T_TTTTC
17:39638942_G_A	17:39640198_C_T
17:39638942_G_A	17:39644057_G_A
17:39638942_G_A	17:39646021_A_G
17:39638942_G_A	17:39655401_G_A
17:39638942_G_A	17:46852616_G_A
17:39638942_G_A	17:46853064_C_T
17:39638942_G_A	17:46853625_G_A
17:39638942_G_A	17:46854753_T_C
17:39638942_G_A	17:46855025_A_G
17:39638942_G_A	17:46855048_G_A
17:39638942_G_A	17:46855106_T_A
17:39638942_G_A	17:46855162_C_A
17:39638942_G_A	17:46855267_A_G
17:39638942_G_A	17:46855468_G_A
17:39638942_G_A	17:46856405_G_A
17:39638942_G_A	17:46857421_T_A
17:39638942_G_A	17:46857487_A_C
17:39638942_G_A	17:46860138_C_T
17:39638942_G_A	17:46860941_G_C
17:39638942_G_A	17:46861667_C_T
17:39638942_G_A	17:46862085_G_A
17:39638942_G_A	17:46862114_C_T
17:39638942_G_A	17:46864634_G_A
17:39638942_G_A	17:46866026_C_T
17:39638942_G_A	17:46868142_C_G
17:39638942_G_A	17:46868710_C_T
17:39638942_G_A	17:46869898_G_C
10:76857800_C_T	10:73317752_C_CTTAT
10:76857800_C_T	10:73324022_G_A
10:76857800_C_T	10:73327573_G_A
10:76857800_C_T	10:73327821_C_T
10:76857800_C_T	10:73327947_T_G
10:76857800_C_T	10:73328368_T_C
10:76857800_C_T	10:73336057_G_A
10:76857800_C_T	10:73336256_A_G
10:76857800_C_T	10:75714150_C_T
10:76857800_C_T	10:75725461_G_GT
10:76857800_C_T	10:75733299_A_G
10:76857800_C_T	10:75746937_T_A
10:76857800_C_T	10:75746938_T_A
10:76857800_C_T	10:75777490_GTATGTGTATA_G
10:76857800_C_T	10:75783340_T_C
10:76857800_C_T	10:75783385_C_T
10:76857800_C_T	10:75786862_C_T
10:76857800_C_T	10:75791639_G_A
10:76857800_C_T	10:75797672_G_A
10:76857800_C_T	10:75800924_A_AT
10:76857800_C_T	10:75801495_C_CA
10:76857800_C_T	10:75803109_A_AT
10:76857800_C_T	10:75805112_G_A
10:76857800_C_T	10:75807040_G_A
10:76857800_C_T	10:75814436_C_T
10:76857800_C_T	10:75818146_G_A
10:76857800_C_T	10:75818648_G_GGT
10:76857800_C_T	10:75819185_C_T
10:76857800_C_T	10:75822074_C_T
10:76857800_C_T	10:75825805_G_GTA
10:76857800_C_T	10:75825922_A_G
10:76857800_C_T	10:75828842_G_A
10:76857800_C_T	10:75836119_G_A
10:76857800_C_T	10:75848517_G_A
10:76857800_C_T	10:75931568_C_G
10:76857800_C_T	10:76799137_G_A
10:76857800_C_T	10:76803411_G_C
10:76857800_C_T	10:76803416_A_G
10:76857800_C_T	10:76803880_G_A
10:76857800_C_T	10:76805136_A_AGAAAT
10:76857800_C_T	10:76805715_G_C
10:76857800_C_T	10:76808953_A_ATG
10:76857800_C_T	10:76813851_C_G
10:76857800_C_T	10:76831674_C_T
10:76857800_C_T	10:76832159_G_A
10:76857800_C_T	10:76832522_G_A
10:76857800_C_T	10:76833088_A_G
10:76857800_C_T	10:76833561_C_T
10:76857800_C_T	10:76835438_T_A
10:76857800_C_T	10:76835828_C_T
10:76857800_C_T	10:76836258_C_T
10:76857800_C_T	10:76842244_T_G
10:76857800_C_T	10:76845753_G_A
10:76857800_C_T	10:76846701_T_A
10:76857800_C_T	10:76850219_C_T
10:76857800_C_T	10:76856965_C_CT
10:76857800_C_T	10:76860035_C_T
10:76857800_C_T	10:76860400_C_T
10:76857800_C_T	10:76861844_T_C
10:76857800_C_T	10:76873606_T_C
10:76857800_C_T	10:76875676_G_A
10:76857800_C_T	10:76880281_C_G
10:76857800_C_T	10:76880322_C_T
10:76857800_C_T	10:76883338_A_C
10:76857800_C_T	10:76883607_C_T
10:76857800_C_T	10:76885613_C_T
10:76857800_C_T	10:76894384_CT_C
10:76857800_C_T	10:76894386_T_A
10:76857800_C_T	10:76909817_CGT_C
10:76857800_C_T	10:76915206_G_T
10:76857800_C_T	10:76916702_G_A
10:76857800_C_T	10:76927218_G_A
10:76857800_C_T	10:76928186_A_T
10:76857800_C_T	10:76929221_C_T
10:76857800_C_T	10:76929409_C_T
10:76857800_C_T	10:76934442_C_T
10:76857800_C_T	10:76936691_T_G
10:76857800_C_T	10:76938857_T_C
10:76857800_C_T	10:76942182_C_T
10:76857800_C_T	10:76943552_A_G
10:76857800_C_T	10:76943951_C_T
10:76857800_C_T	10:76944347_C_T
10:76857800_C_T	10:76947608_T_G
10:76857800_C_T	10:76950509_G_A
10:76857800_C_T	10:76961919_G_A
10:76857800_C_T	10:76962774_C_A
10:76857800_C_T	10:76966445_A_G
10:76857800_C_T	10:76967068_G_A
10:76857800_C_T	10:76970831_G_T
10:76857800_C_T	10:76972598_G_A
10:76857800_C_T	10:76975241_C_G
10:76857800_C_T	10:76982802_G_C
10:76857800_C_T	10:76986017_AG_A
10:76857800_C_T	10:76986293_C_T
10:76857800_C_T	10:76987644_C_A
10:76857800_C_T	10:76987648_C_A
10:76857800_C_T	10:76987652_C_A
10:76857800_C_T	10:76988268_C_T
10:76857800_C_T	10:76992622_C_T
10:76857800_C_T	10:76995570_C_G
10:76857800_C_T	10:76996320_AG_A
10:76857800_C_T	10:76997034_T_TA
10:76857800_C_T	10:76997976_G_A
10:76857800_C_T	10:77049273_G_A
10:76857800_C_T	10:77051273_G_T
10:76857800_C_T	10:77061035_G_T
10:76857800_C_T	10:79469415_C_T
10:76857800_C_T	10:82355408_A_G
10:76857800_C_T	10:82357764_C_G
10:76857800_C_T	10:82718091_TTTTCAAG_T
14:74421657_AT_A	14:68194206_T_G
14:74421657_AT_A	14:74055937_C_T
14:74421657_AT_A	14:79935532_C_T
14:74421657_AT_A	14:79945827_A_G
7:45686816_C_G	7:36190333_CTA_C
7:45686816_C_G	7:36191040_G_A
7:45686816_C_G	7:36191403_T_C
7:45686816_C_G	7:36192433_T_C
7:45686816_C_G	7:36193025_G_A
7:45686816_C_G	7:36195050_T_C
7:45686816_C_G	7:37730848_CT_C
7:45686816_C_G	7:43910682_A_G
7:45686816_C_G	7:43983740_A_G
7:45686816_C_G	7:43984254_A_G
7:45686816_C_G	7:43996241_C_A
7:45686816_C_G	7:46226008_G_A
7:45686816_C_G	7:47546891_AAAG_A
7:45686816_C_G	7:48717270_A_T
10:130221457_G_T	10:121712966_C_T
10:130221457_G_T	10:124815456_A_C
10:130221457_G_T	10:125664427_C_T
10:130221457_G_T	10:125670046_A_G
10:130221457_G_T	10:125866207_G_A
10:130221457_G_T	10:126029368_AG_A
10:130221457_G_T	10:126029502_GC_G
10:130221457_G_T	10:126029913_C_T
10:130221457_G_T	10:126030121_C_T
10:130221457_G_T	10:126030252_T_C
10:130221457_G_T	10:126030949_A_G
10:130221457_G_T	10:126031218_T_C
10:130221457_G_T	10:126031231_C_A
10:130221457_G_T	10:126031240_T_C
10:130221457_G_T	10:126033131_A_G
10:130221457_G_T	10:128527205_G_A
10:130221457_G_T	10:129313749_A_T
10:130221457_G_T	10:129314512_C_A
10:130221457_G_T	10:129444308_T_C
10:130221457_G_T	10:129445180_G_C
10:130221457_G_T	10:130222673_G_T
10:130221457_G_T	10:130257942_T_C
10:130221457_G_T	10:132025639_G_C
2:227931705_A_G	2:221396348_G_A
2:227931705_A_G	2:221400478_G_T
2:227931705_A_G	2:221401008_G_A
2:227931705_A_G	2:221404522_G_A
2:227931705_A_G	2:221414578_CA_C
2:227931705_A_G	2:221419353_G_T
2:227931705_A_G	2:221422705_G_T
2:227931705_A_G	2:221431818_A_G
2:227931705_A_G	2:221435466_A_G
2:227931705_A_G	2:221439108_T_G
2:227931705_A_G	2:221442039_C_T
2:227931705_A_G	2:221443061_T_G
2:227931705_A_G	2:221443881_A_G
2:227931705_A_G	2:223274277_G_A
2:227931705_A_G	2:223277740_T_C
2:227931705_A_G	2:233234889_C_A
2:227931705_A_G	2:233283255_G_T
16:87390630_A_C	16:87386375_T_C
16:87390630_A_C	16:87386517_A_G
16:87390630_A_C	16:87386754_A_G
16:87390630_A_C	16:87387003_A_G
16:87390630_A_C	16:87387333_A_G
16:87390630_A_C	16:87387765_A_T
16:87390630_A_C	16:87388312_A_G
16:87390630_A_C	16:87388956_A_C
16:87390630_A_C	16:87396755_T_C
16:87390630_A_C	16:87396858_T_C
16:87390630_A_C	16:87398516_T_G
16:87390630_A_C	16:87399453_A_G
16:87390630_A_C	16:87402261_G_C
16:87390630_A_C	16:87407838_T_C
16:87390630_A_C	16:87409266_T_C
16:87390630_A_C	16:87409288_G_A
16:87390630_A_C	16:87410376_C_T
16:87390630_A_C	16:87410807_T_A
16:87390630_A_C	16:87412542_A_T
16:87390630_A_C	16:87412546_C_T
16:87390630_A_C	16:87417706_G_A
16:87390630_A_C	16:87419108_A_ATCTG
16:87390630_A_C	16:87419751_AC_A
16:87390630_A_C	16:87420182_G_A
16:87390630_A_C	16:87420382_G_A
16:87390630_A_C	16:87421323_G_C
16:87390630_A_C	16:87423600_C_G
16:87390630_A_C	16:87424635_T_G
16:87390630_A_C	16:87424654_A_G
16:87390630_A_C	16:87425080_C_T
16:87390630_A_C	16:87426256_A_G
16:87390630_A_C	16:87426307_T_C
16:87390630_A_C	16:87426405_G_T
16:87390630_A_C	16:87440895_G_A
16:87390630_A_C	16:87443734_C_T
16:87390630_A_C	16:87444253_G_C
16:87390630_A_C	16:87445363_G_A
16:87390630_A_C	16:87584748_G_A
16:87390630_A_C	16:87967545_G_A
16:87390630_A_C	16:88820353_C_T
16:87390630_A_C	16:88823060_C_T
16:87390630_A_C	16:89378219_G_A
16:87390630_A_C	16:89736352_G_C
16:87390630_A_C	16:89742624_C_T
7:14236219_A_G	7:5566353_C_T
7:14236219_A_G	7:5567596_C_T
7:14236219_A_G	7:5569327_G_A
7:14236219_A_G	7:5569715_G_A
7:14236219_A_G	7:6880046_T_G
7:14236219_A_G	7:8699559_A_G
7:14236219_A_G	7:8699582_T_C
7:14236219_A_G	7:8699659_A_G
7:14236219_A_G	7:8699684_A_T
7:14236219_A_G	7:8712069_G_T
7:14236219_A_G	7:8713652_T_C
7:14236219_A_G	7:11803023_A_G
7:14236219_A_G	7:11813465_A_C
7:14236219_A_G	7:11814469_A_T
7:14236219_A_G	7:11817027_G_A
7:14236219_A_G	7:11817501_A_C
7:14236219_A_G	7:17908130_T_A
17:27451065_CA_C	17:17875428_C_T
17:27451065_CA_C	17:18104433_G_A
17:27451065_CA_C	17:18134867_C_G
17:27451065_CA_C	17:18135753_T_C
17:27451065_CA_C	17:18148485_G_A
17:27451065_CA_C	17:18250399_A_C
17:27451065_CA_C	17:18252868_C_G
17:27451065_CA_C	17:18252911_T_C
17:27451065_CA_C	17:18253604_C_T
17:27451065_CA_C	17:18253822_C_T
17:27451065_CA_C	17:18255079_T_G
17:27451065_CA_C	17:18259880_C_G
17:27451065_CA_C	17:25362361_T_G
17:27451065_CA_C	17:27407865_A_G
17:27451065_CA_C	17:27413908_C_G
17:27451065_CA_C	17:27418106_C_T
17:27451065_CA_C	17:27437134_A_G
17:27451065_CA_C	17:27441077_C_G
17:27451065_CA_C	17:27442561_A_G
17:27451065_CA_C	17:27446571_AT_A
17:27451065_CA_C	17:27450429_A_G
17:27451065_CA_C	17:27450661_T_C
17:27451065_CA_C	17:27455736_A_G
17:27451065_CA_C	17:27457494_A_T
17:27451065_CA_C	17:27461571_A_G
17:27451065_CA_C	17:27462456_T_TG
17:27451065_CA_C	17:27464016_A_C
17:27451065_CA_C	17:27480495_C_G
17:27451065_CA_C	17:27482250_G_C
17:27451065_CA_C	17:27486259_C_A
17:27451065_CA_C	17:27488469_T_C
17:27451065_CA_C	17:27492869_A_G
17:27451065_CA_C	17:27499140_G_A
17:27451065_CA_C	17:27500798_A_T
17:27451065_CA_C	17:27502756_G_A
17:27451065_CA_C	17:27508704_T_A
17:27451065_CA_C	17:27512355_A_G
17:27451065_CA_C	17:27515318_T_C
17:27451065_CA_C	17:27524242_T_C
17:27451065_CA_C	17:27537242_C_T
17:27451065_CA_C	17:27560522_T_TC
17:27451065_CA_C	17:27561480_TA_T
17:27451065_CA_C	17:27562990_T_C
17:27451065_CA_C	17:27564574_T_C
17:27451065_CA_C	17:27566121_C_T
17:27451065_CA_C	17:27566238_A_T
17:27451065_CA_C	17:27566241_C_T
17:27451065_CA_C	17:27566326_A_G
17:27451065_CA_C	17:27567171_G_A
17:27451065_CA_C	17:27570622_G_A
17:27451065_CA_C	17:27595775_A_G
17:27451065_CA_C	17:27608707_TAA_T
17:27451065_CA_C	17:27612139_G_T
17:27451065_CA_C	17:27635708_T_TG
19:30286037_G_GCCTGTAATC	19:23551170_AGCCAGGCGGGGC_A
19:30286037_G_GCCTGTAATC	19:24319647_A_G
19:30286037_G_GCCTGTAATC	19:30229897_T_C
19:30286037_G_GCCTGTAATC	19:30230785_A_T
19:30286037_G_GCCTGTAATC	19:30240852_A_G
19:30286037_G_GCCTGTAATC	19:30242433_G_A
19:30286037_G_GCCTGTAATC	19:30245582_A_C
19:30286037_G_GCCTGTAATC	19:30246141_T_C
19:30286037_G_GCCTGTAATC	19:30248004_C_T
19:30286037_G_GCCTGTAATC	19:30249397_C_G
19:30286037_G_GCCTGTAATC	19:30255090_G_A
19:30286037_G_GCCTGTAATC	19:30258404_G_A
19:30286037_G_GCCTGTAATC	19:30261368_AC_A
19:30286037_G_GCCTGTAATC	19:30265235_G_A
19:30286037_G_GCCTGTAATC	19:30266706_G_A
19:30286037_G_GCCTGTAATC	19:30272202_G_A
19:30286037_G_GCCTGTAATC	19:30277729_C_T
19:30286037_G_GCCTGTAATC	19:30285548_C_T
19:30286037_G_GCCTGTAATC	19:30286245_A_G
19:30286037_G_GCCTGTAATC	19:30286450_G_GA
19:30286037_G_GCCTGTAATC	19:30286822_T_C
19:30286037_G_GCCTGTAATC	19:30287976_T_TAA
19:30286037_G_GCCTGTAATC	19:30287988_A_AAC
19:30286037_G_GCCTGTAATC	19:30288177_G_A
19:30286037_G_GCCTGTAATC	19:30288488_C_T
19:30286037_G_GCCTGTAATC	19:30288545_T_C
19:30286037_G_GCCTGTAATC	19:30289630_G_A
19:30286037_G_GCCTGTAATC	19:30289779_C_T
19:30286037_G_GCCTGTAATC	19:30290357_G_C
19:30286037_G_GCCTGTAATC	19:30290811_A_G
19:30286037_G_GCCTGTAATC	19:30290890_A_G
19:30286037_G_GCCTGTAATC	19:30291869_AAATAATAAT_A
19:30286037_G_GCCTGTAATC	19:30292557_A_AAT
19:30286037_G_GCCTGTAATC	19:30293267_C_T
19:30286037_G_GCCTGTAATC	19:30293462_G_A
19:30286037_G_GCCTGTAATC	19:30294716_G_A
19:30286037_G_GCCTGTAATC	19:30294991_G_T
19:30286037_G_GCCTGTAATC	19:30295306_G_A
19:30286037_G_GCCTGTAATC	19:30297516_A_G
19:30286037_G_GCCTGTAATC	19:30297577_G_A
19:30286037_G_GCCTGTAATC	19:30297919_G_C
19:30286037_G_GCCTGTAATC	19:30298800_A_G
19:30286037_G_GCCTGTAATC	19:30299634_A_C
19:30286037_G_GCCTGTAATC	19:30299796_A_T
19:30286037_G_GCCTGTAATC	19:30300017_G_A
19:30286037_G_GCCTGTAATC	19:30304254_CAGTT_C
19:30286037_G_GCCTGTAATC	19:30305684_G_A
19:30286037_G_GCCTGTAATC	19:30308997_G_A
19:30286037_G_GCCTGTAATC	19:30313523_CCTT_C
19:30286037_G_GCCTGTAATC	19:30315270_T_G
19:30286037_G_GCCTGTAATC	19:30319203_G_A
19:30286037_G_GCCTGTAATC	19:30319892_C_T
19:30286037_G_GCCTGTAATC	19:30321864_A_AT
19:30286037_G_GCCTGTAATC	19:30324448_G_C
19:30286037_G_GCCTGTAATC	19:30325332_G_T
19:30286037_G_GCCTGTAATC	19:30325379_G_A
19:30286037_G_GCCTGTAATC	19:30325583_A_C
19:30286037_G_GCCTGTAATC	19:30325682_G_A
19:30286037_G_GCCTGTAATC	19:30326600_A_G
19:30286037_G_GCCTGTAATC	19:30327200_C_A
19:30286037_G_GCCTGTAATC	19:30328753_C_T
19:30286037_G_GCCTGTAATC	19:34058033_A_G
19:30286037_G_GCCTGTAATC	19:39428104_G_A
17:79120129_G_A	17:72116141_G_C
17:79120129_G_A	17:72117112_A_G
17:79120129_G_A	17:74515376_G_C
17:79120129_G_A	17:75366361_T_G
17:79120129_G_A	17:75366620_G_A
17:79120129_G_A	17:78937609_C_T
17:79120129_G_A	17:79047278_A_G
17:79120129_G_A	17:79084367_G_A
17:79120129_G_A	17:79116995_A_G
17:79120129_G_A	17:79118253_C_T
17:79120129_G_A	17:79120092_C_T
17:79120129_G_A	17:79122602_ACACT_A
17:79120129_G_A	17:79122996_G_T
17:79120129_G_A	17:79123134_C_T
17:79120129_G_A	17:79123135_C_T
17:79120129_G_A	17:79124126_G_A
17:79120129_G_A	17:79124799_T_C
17:79120129_G_A	17:79125116_C_G
17:79120129_G_A	17:79163649_G_A
17:79120129_G_A	17:79216915_A_G
17:79120129_G_A	17:79221840_C_T
17:79120129_G_A	17:79221843_C_T
17:79120129_G_A	17:79222771_T_C
17:79120129_G_A	17:79223847_A_G
2:212112490_G_A	2:203007798_AT_A
2:212112490_G_A	2:203043319_A_G
2:212112490_G_A	2:203055831_T_C
2:212112490_G_A	2:203056243_G_A
2:212112490_G_A	2:203057120_G_A
2:212112490_G_A	2:203060179_A_G
2:212112490_G_A	2:203062502_A_G
2:212112490_G_A	2:203099545_CAA_C
2:212112490_G_A	2:203639501_A_G
2:212112490_G_A	2:203642244_T_G
2:212112490_G_A	2:203644529_T_TG
2:212112490_G_A	2:203644537_T_G
2:212112490_G_A	2:203647598_C_A
2:212112490_G_A	2:203647646_A_G
2:212112490_G_A	2:203649341_G_A
2:212112490_G_A	2:203650998_G_A
2:212112490_G_A	2:203656554_G_A
2:212112490_G_A	2:203663498_G_A
2:212112490_G_A	2:203663975_C_T
2:212112490_G_A	2:203667526_G_T
2:212112490_G_A	2:203673073_G_A
2:212112490_G_A	2:203676105_C_T
2:212112490_G_A	2:203679183_C_T
2:212112490_G_A	2:203679306_T_C
2:212112490_G_A	2:203680954_T_C
2:212112490_G_A	2:203724495_T_A
2:212112490_G_A	2:203884743_A_ATAAT
2:212112490_G_A	2:203931597_C_T
2:212112490_G_A	2:203932176_A_G
2:212112490_G_A	2:203988065_CT_C
2:212112490_G_A	2:204387482_G_A
2:212112490_G_A	2:205142621_C_T
2:212112490_G_A	2:206103616_A_G
2:212112490_G_A	2:206103618_A_G
2:212112490_G_A	2:206103620_A_G
2:212112490_G_A	2:212000165_A_ATT
2:212112490_G_A	2:212038217_A_G
2:212112490_G_A	2:222078537_C_A
2:212112490_G_A	2:222085154_A_G
2:212112490_G_A	2:222090239_T_G
9:107039280_C_T	9:98949350_T_A
9:107039280_C_T	9:100952197_C_T
9:107039280_C_T	9:100966840_G_T
9:107039280_C_T	9:100967883_C_CA
9:107039280_C_T	9:100967885_G_A
9:107039280_C_T	9:100968882_C_T
9:107039280_C_T	9:100970136_C_A
9:107039280_C_T	9:100970560_C_T
9:107039280_C_T	9:100970606_G_A
9:107039280_C_T	9:100972040_T_C
9:107039280_C_T	9:100974676_T_C
9:107039280_C_T	9:100975318_C_T
9:107039280_C_T	9:100976608_C_T
9:107039280_C_T	9:101681149_C_T
9:107039280_C_T	9:101687361_T_C
9:107039280_C_T	9:101687370_T_C
9:107039280_C_T	9:101687384_T_C
9:107039280_C_T	9:101687627_G_A
9:107039280_C_T	9:101688667_C_T
9:107039280_C_T	9:101688707_A_G
9:107039280_C_T	9:101693654_A_G
9:107039280_C_T	9:101695139_A_G
9:107039280_C_T	9:101696720_A_G
9:107039280_C_T	9:101716495_AT_A
9:107039280_C_T	9:101718315_T_C
9:107039280_C_T	9:101718544_T_C
9:107039280_C_T	9:106764968_A_G
9:107039280_C_T	9:107063674_T_C
9:107039280_C_T	9:107814503_G_A
9:107039280_C_T	9:115287527_G_A
9:107039280_C_T	9:116453001_C_T
9:107039280_C_T	9:116453488_T_C
9:107039280_C_T	9:116459758_C_T
9:107039280_C_T	9:116461477_G_A
9:107039280_C_T	9:116461657_T_C
9:107039280_C_T	9:116461661_G_A
9:107039280_C_T	9:116462457_C_T
9:107039280_C_T	9:116464607_C_T
9:107039280_C_T	9:116465963_C_A
9:107039280_C_T	9:116466365_T_A
9:107039280_C_T	9:116472607_C_T
9:107039280_C_T	9:116473252_A_G
9:107039280_C_T	9:116474086_T_C
9:107039280_C_T	9:116474336_T_C
9:107039280_C_T	9:116475151_T_C
9:107039280_C_T	9:116475907_T_C
9:107039280_C_T	9:116475929_G_C
9:107039280_C_T	9:116477278_C_T
9:107039280_C_T	9:116477801_T_C
9:107039280_C_T	9:116479702_T_C
9:107039280_C_T	9:116480233_T_C
9:107039280_C_T	9:116481349_A_C
9:107039280_C_T	9:116484761_G_A
9:107039280_C_T	9:116485000_C_T
9:107039280_C_T	9:116486515_C_T
9:107039280_C_T	9:116488493_G_GA
9:107039280_C_T	9:116489951_C_T
9:107039280_C_T	9:116490690_T_C
9:107039280_C_T	9:116491643_A_G
9:107039280_C_T	9:116493131_G_A
9:107039280_C_T	9:116493215_G_T
9:107039280_C_T	9:116494038_G_A
9:107039280_C_T	9:116494522_A_G
9:107039280_C_T	9:116494918_A_G
9:107039280_C_T	9:116496729_C_G
6:19100507_A_G	6:15828920_T_A
6:19100507_A_G	6:18056950_CA_C
6:19100507_A_G	6:18109261_C_T
6:19100507_A_G	6:18123477_C_T
6:19100507_A_G	6:18267736_G_A
6:19100507_A_G	6:18424879_C_G
6:19100507_A_G	6:18434224_G_A
6:19100507_A_G	6:18437615_G_A
6:19100507_A_G	6:18450607_C_T
6:19100507_A_G	6:18863008_CCTTTTAGAATA_C
6:19100507_A_G	6:18864144_G_C
6:19100507_A_G	6:18867178_G_A
6:19100507_A_G	6:18887437_C_T
6:19100507_A_G	6:18913380_C_T
6:19100507_A_G	6:18914211_A_C
6:19100507_A_G	6:18914624_T_C
6:19100507_A_G	6:18918178_A_G
6:19100507_A_G	6:18923363_T_C
6:19100507_A_G	6:18924009_A_G
6:19100507_A_G	6:18924155_A_AT
6:19100507_A_G	6:18930058_TATCTATCTATCTATCTATCTATCTATCTATC_T
6:19100507_A_G	6:18931649_T_C
6:19100507_A_G	6:18934933_G_A
6:19100507_A_G	6:18943018_A_T
6:19100507_A_G	6:18946388_C_T
6:19100507_A_G	6:18947704_G_A
6:19100507_A_G	6:18952227_G_A
6:19100507_A_G	6:18955171_C_G
6:19100507_A_G	6:18956019_T_C
6:19100507_A_G	6:18958823_C_T
6:19100507_A_G	6:18959913_G_GAAATAAAATA
6:19100507_A_G	6:18961229_T_C
6:19100507_A_G	6:19028623_C_T
6:19100507_A_G	6:19028788_A_G
6:19100507_A_G	6:19054397_C_A
6:19100507_A_G	6:19065342_T_C
6:19100507_A_G	6:19065680_A_T
6:19100507_A_G	6:19078368_G_A
6:19100507_A_G	6:19080191_T_C
6:19100507_A_G	6:19083604_A_G
6:19100507_A_G	6:19085920_C_G
6:19100507_A_G	6:19086513_A_G
6:19100507_A_G	6:19086678_A_G
6:19100507_A_G	6:19087350_TCAAA_T
6:19100507_A_G	6:19087736_G_A
6:19100507_A_G	6:19088208_T_A
6:19100507_A_G	6:19088421_G_GA
6:19100507_A_G	6:19089045_G_A
6:19100507_A_G	6:19089161_T_C
6:19100507_A_G	6:19089568_A_C
6:19100507_A_G	6:19089713_TATGAG_T
6:19100507_A_G	6:19090124_C_T
6:19100507_A_G	6:19090454_T_C
6:19100507_A_G	6:19091232_T_C
6:19100507_A_G	6:19091336_A_T
6:19100507_A_G	6:19093045_C_T
6:19100507_A_G	6:19093854_G_A
6:19100507_A_G	6:19094442_T_G
6:19100507_A_G	6:19094460_A_T
6:19100507_A_G	6:19094985_C_A
6:19100507_A_G	6:19096285_A_AATTCTC
6:19100507_A_G	6:19096516_T_TC
6:19100507_A_G	6:19096540_A_G
6:19100507_A_G	6:19096689_A_G
6:19100507_A_G	6:19097007_G_A
6:19100507_A_G	6:19100199_G_A
6:19100507_A_G	6:19101788_T_A
6:19100507_A_G	6:19102247_C_T
6:19100507_A_G	6:19102286_T_C
6:19100507_A_G	6:19105924_TTTAA_T
6:19100507_A_G	6:19105936_A_AT
6:19100507_A_G	6:19108311_A_G
6:19100507_A_G	6:19108497_A_G
6:19100507_A_G	6:19112000_A_G
6:19100507_A_G	6:19118597_T_C
6:19100507_A_G	6:19119140_G_A
6:19100507_A_G	6:19120045_TAATA_T
6:19100507_A_G	6:19123558_G_A
6:19100507_A_G	6:19124267_T_C
6:19100507_A_G	6:19125359_G_A
6:19100507_A_G	6:19125680_G_A
6:19100507_A_G	6:19126738_C_A
6:19100507_A_G	6:19127363_C_CT
6:19100507_A_G	6:19127704_T_G
6:19100507_A_G	6:19128366_G_T
6:19100507_A_G	6:19128832_T_C
6:19100507_A_G	6:19128940_A_G
6:19100507_A_G	6:19129079_T_C
6:19100507_A_G	6:19129293_C_T
6:19100507_A_G	6:19129662_C_T
6:19100507_A_G	6:19129663_G_A
6:19100507_A_G	6:19129678_T_C
6:19100507_A_G	6:19129805_G_A
6:19100507_A_G	6:19131739_T_A
6:19100507_A_G	6:19132444_A_G
6:19100507_A_G	6:19132557_T_C
6:19100507_A_G	6:19137957_C_T
6:19100507_A_G	6:19139969_G_A
6:19100507_A_G	6:20812017_A_G
6:19100507_A_G	6:21307221_A_ATT
6:19100507_A_G	6:22603292_G_T
6:19100507_A_G	6:22695183_A_G
6:19100507_A_G	6:22695992_A_G
13:98525890_G_T	13:98441141_C_A
13:98525890_G_T	13:98502419_A_G
13:98525890_G_T	13:98507248_G_C
13:98525890_G_T	13:98508878_C_T
13:98525890_G_T	13:98509128_G_C
13:98525890_G_T	13:98509725_TATC_T
13:98525890_G_T	13:98511265_C_A
13:98525890_G_T	13:98511878_CATAG_C
13:98525890_G_T	13:98514517_A_G
13:98525890_G_T	13:98514860_C_T
13:98525890_G_T	13:98518989_G_A
13:98525890_G_T	13:98522369_A_G
13:98525890_G_T	13:98522674_A_T
13:98525890_G_T	13:98525843_C_T
13:98525890_G_T	13:98527772_G_A
13:98525890_G_T	13:99025732_A_G
13:98525890_G_T	13:104326537_T_A
13:98525890_G_T	13:104326846_A_C
13:98525890_G_T	13:104327045_C_T
13:98525890_G_T	13:104327223_A_G
13:98525890_G_T	13:104327893_C_A
13:98525890_G_T	13:104328015_T_C
13:98525890_G_T	13:104331765_C_T
13:98525890_G_T	13:104332308_T_C
13:98525890_G_T	13:108332957_C_CGA
13:98525890_G_T	13:108482255_G_T
13:98525890_G_T	13:108482488_A_C
15:89172973_G_C	15:79525909_A_G
15:89172973_G_C	15:89043063_T_A
15:89172973_G_C	15:89044880_T_C
15:89172973_G_C	15:89045724_A_G
15:89172973_G_C	15:89045938_C_T
15:89172973_G_C	15:89046303_T_C
15:89172973_G_C	15:89046783_T_C
15:89172973_G_C	15:89046895_T_C
15:89172973_G_C	15:89046989_A_G
15:89172973_G_C	15:89047168_G_A
15:89172973_G_C	15:89047338_T_C
15:89172973_G_C	15:89047395_A_G
15:89172973_G_C	15:89048183_C_T
15:89172973_G_C	15:89048198_G_C
15:89172973_G_C	15:89048298_C_T
15:89172973_G_C	15:89049243_G_T
15:89172973_G_C	15:89049490_T_C
15:89172973_G_C	15:89049516_C_G
15:89172973_G_C	15:89049802_GT_G
15:89172973_G_C	15:89050834_T_C
15:89172973_G_C	15:89056941_T_C
15:89172973_G_C	15:89057533_C_G
15:89172973_G_C	15:89059043_G_A
15:89172973_G_C	15:89062320_C_A
15:89172973_G_C	15:89062371_C_A
15:89172973_G_C	15:89063528_T_A
15:89172973_G_C	15:89064286_A_T
15:89172973_G_C	15:89064369_G_A
15:89172973_G_C	15:89064624_G_A
15:89172973_G_C	15:89065159_A_C
15:89172973_G_C	15:89065897_A_G
15:89172973_G_C	15:89065939_C_T
15:89172973_G_C	15:89066280_A_T
15:89172973_G_C	15:89066499_A_T
15:89172973_G_C	15:89066610_T_C
15:89172973_G_C	15:89066650_A_C
15:89172973_G_C	15:89066854_C_T
15:89172973_G_C	15:89066855_A_G
15:89172973_G_C	15:89066935_G_C
15:89172973_G_C	15:89066939_T_C
15:89172973_G_C	15:89067268_C_T
15:89172973_G_C	15:89067344_T_C
15:89172973_G_C	15:89067679_A_G
15:89172973_G_C	15:89069457_G_T
15:89172973_G_C	15:89073512_G_A
15:89172973_G_C	15:89077679_A_G
15:89172973_G_C	15:89078636_G_C
15:89172973_G_C	15:89081278_T_C
15:89172973_G_C	15:89081771_T_C
15:89172973_G_C	15:89082325_GCT_G
15:89172973_G_C	15:89082528_C_T
15:89172973_G_C	15:89082624_T_C
15:89172973_G_C	15:89083913_G_C
15:89172973_G_C	15:89086653_A_T
15:89172973_G_C	15:89089657_G_T
15:89172973_G_C	15:89090673_C_T
15:89172973_G_C	15:89092561_T_G
15:89172973_G_C	15:89093463_T_G
15:89172973_G_C	15:89094130_A_G
15:89172973_G_C	15:89094414_A_T
15:89172973_G_C	15:89094533_AT_A
15:89172973_G_C	15:89098183_A_T
15:89172973_G_C	15:89098592_G_A
15:89172973_G_C	15:89099161_C_G
15:89172973_G_C	15:89101725_T_C
15:89172973_G_C	15:89105656_G_A
15:89172973_G_C	15:89105680_C_T
15:89172973_G_C	15:89106233_T_G
15:89172973_G_C	15:89106326_T_G
15:89172973_G_C	15:89106667_G_A
15:89172973_G_C	15:89107502_C_A
15:89172973_G_C	15:89107936_T_C
15:89172973_G_C	15:89108671_G_A
15:89172973_G_C	15:89110081_C_T
15:89172973_G_C	15:89110835_C_T
15:89172973_G_C	15:89110885_C_A
15:89172973_G_C	15:89111395_TTTTC_T
15:89172973_G_C	15:89111610_G_A
15:89172973_G_C	15:89111712_G_T
15:89172973_G_C	15:89111719_G_A
15:89172973_G_C	15:89111922_A_G
15:89172973_G_C	15:89112062_C_A
15:89172973_G_C	15:89112523_CAATA_C
15:89172973_G_C	15:89112877_C_G
15:89172973_G_C	15:89113138_G_C
15:89172973_G_C	15:89113441_G_C
15:89172973_G_C	15:89113450_C_G
15:89172973_G_C	15:89113482_A_G
15:89172973_G_C	15:89113877_T_C
15:89172973_G_C	15:89114799_T_C
15:89172973_G_C	15:89114962_G_C
15:89172973_G_C	15:89115765_G_A
15:89172973_G_C	15:89115831_G_A
15:89172973_G_C	15:89115862_G_A
15:89172973_G_C	15:89116714_C_T
15:89172973_G_C	15:89118141_C_T
15:89172973_G_C	15:89118151_T_C
15:89172973_G_C	15:89118154_A_T
15:89172973_G_C	15:89119104_G_A
15:89172973_G_C	15:89119711_G_A
15:89172973_G_C	15:89120490_A_AT
15:89172973_G_C	15:89122550_A_C
15:89172973_G_C	15:89122934_GAA_G
15:89172973_G_C	15:89123073_T_C
15:89172973_G_C	15:89124610_C_G
15:89172973_G_C	15:89124681_C_A
15:89172973_G_C	15:89125207_G_T
15:89172973_G_C	15:89126190_T_G
15:89172973_G_C	15:89127460_A_G
15:89172973_G_C	15:89127720_G_A
15:89172973_G_C	15:89128232_A_G
15:89172973_G_C	15:89128287_T_C
15:89172973_G_C	15:89128870_G_A
15:89172973_G_C	15:89130034_G_A
15:89172973_G_C	15:89130155_G_A
15:89172973_G_C	15:89131384_T_C
15:89172973_G_C	15:89131572_T_C
15:89172973_G_C	15:89131779_A_G
15:89172973_G_C	15:89132024_C_T
15:89172973_G_C	15:89132114_G_A
15:89172973_G_C	15:89132175_C_G
15:89172973_G_C	15:89132681_G_T
15:89172973_G_C	15:89132693_G_A
15:89172973_G_C	15:89132797_A_T
15:89172973_G_C	15:89133095_A_G
15:89172973_G_C	15:89133549_C_T
15:89172973_G_C	15:89135461_G_A
15:89172973_G_C	15:89136690_A_G
15:89172973_G_C	15:89137185_G_A
15:89172973_G_C	15:89138208_C_G
15:89172973_G_C	15:89138702_G_C
15:89172973_G_C	15:89139282_A_G
15:89172973_G_C	15:89141238_C_G
15:89172973_G_C	15:89143777_A_T
15:89172973_G_C	15:89143949_C_T
15:89172973_G_C	15:89146534_C_A
15:89172973_G_C	15:89148093_A_G
15:89172973_G_C	15:89149779_T_TG
15:89172973_G_C	15:89149872_A_G
15:89172973_G_C	15:89150488_C_G
15:89172973_G_C	15:89150528_T_C
15:89172973_G_C	15:89150965_T_C
15:89172973_G_C	15:89151850_G_T
15:89172973_G_C	15:89153673_A_G
15:89172973_G_C	15:89153744_C_A
15:89172973_G_C	15:89154439_G_C
15:89172973_G_C	15:89154452_A_G
15:89172973_G_C	15:89163486_C_A
15:89172973_G_C	15:89165615_C_A
15:89172973_G_C	15:89165850_A_AAACAG
15:89172973_G_C	15:89166762_A_G
15:89172973_G_C	15:89167881_A_G
15:89172973_G_C	15:89168351_C_T
15:89172973_G_C	15:89168491_T_C
15:89172973_G_C	15:89168621_T_C
15:89172973_G_C	15:89168778_T_A
15:89172973_G_C	15:89168823_A_G
15:89172973_G_C	15:89168938_T_C
15:89172973_G_C	15:89168979_A_G
15:89172973_G_C	15:89169001_T_C
15:89172973_G_C	15:89169013_A_G
15:89172973_G_C	15:89169071_T_C
15:89172973_G_C	15:89169301_CAGGG_C
15:89172973_G_C	15:89169703_C_G
15:89172973_G_C	15:89170276_G_A
15:89172973_G_C	15:89170687_T_TTTC
15:89172973_G_C	15:89171135_T_C
15:89172973_G_C	15:89172370_T_C
15:89172973_G_C	15:89173035_T_C
15:89172973_G_C	15:89176338_C_T
15:89172973_G_C	15:89179587_G_A
15:89172973_G_C	15:89180019_G_A
15:89172973_G_C	15:89775009_CA_C
10:114558778_G_A	10:105026871_C_CT
10:114558778_G_A	10:105046007_G_A
10:114558778_G_A	10:105046689_G_C
10:114558778_G_A	10:105054963_C_T
10:114558778_G_A	10:105055912_A_G
10:114558778_G_A	10:105073070_C_T
10:114558778_G_A	10:105075712_C_T
10:114558778_G_A	10:105096021_A_G
10:114558778_G_A	10:105098024_G_A
10:114558778_G_A	10:105102965_G_A
10:114558778_G_A	10:105125451_C_A
10:114558778_G_A	10:105128898_G_A
10:114558778_G_A	10:105161778_C_T
10:114558778_G_A	10:105170649_G_T
10:114558778_G_A	10:105179214_C_T
10:114558778_G_A	10:105180910_C_T
10:114558778_G_A	10:105186697_T_A
10:114558778_G_A	10:105186817_G_C
10:114558778_G_A	10:105187746_G_A
10:114558778_G_A	10:105189770_C_T
10:114558778_G_A	10:105191342_CTG_C
10:114558778_G_A	10:105192570_A_G
10:114558778_G_A	10:105195897_A_G
10:114558778_G_A	10:105196814_G_A
10:114558778_G_A	10:105201565_G_A
10:114558778_G_A	10:105202318_T_G
10:114558778_G_A	10:111649015_C_T
10:114558778_G_A	10:114343720_T_A
10:114558778_G_A	10:114345552_G_A
10:114558778_G_A	10:114345890_C_CT
10:114558778_G_A	10:114353670_T_TTA
10:114558778_G_A	10:114363220_T_A
10:114558778_G_A	10:114364351_A_G
10:114558778_G_A	10:114365788_C_CT
10:114558778_G_A	10:114367828_G_A
10:114558778_G_A	10:114368490_G_T
10:114558778_G_A	10:114368718_T_A
10:114558778_G_A	10:114372021_C_T
10:114558778_G_A	10:114372691_GC_G
10:114558778_G_A	10:114372930_C_T
10:114558778_G_A	10:114376265_C_A
10:114558778_G_A	10:114377636_G_A
10:114558778_G_A	10:114379279_C_G
10:114558778_G_A	10:114379753_A_G
10:114558778_G_A	10:114380549_CA_C
10:114558778_G_A	10:114381113_T_C
10:114558778_G_A	10:114384057_G_A
10:114558778_G_A	10:114384314_A_T
10:114558778_G_A	10:114386448_T_A
10:114558778_G_A	10:114386728_G_A
10:114558778_G_A	10:115381342_C_A
10:114558778_G_A	10:115384467_C_A
10:114558778_G_A	10:115389042_CT_C
10:114558778_G_A	10:115404018_C_T
10:114558778_G_A	10:115412687_C_T
10:114558778_G_A	10:115418377_C_T
10:114558778_G_A	10:115418719_A_G
10:114558778_G_A	10:115420447_C_G
10:114558778_G_A	10:115421908_C_T
10:114558778_G_A	10:115423391_C_T
10:114558778_G_A	10:115423695_A_C
10:114558778_G_A	10:115430086_G_T
10:114558778_G_A	10:115436253_T_A
10:114558778_G_A	10:115453989_A_C
10:114558778_G_A	10:119436305_G_A
10:114558778_G_A	10:119437857_T_G
10:78621389_CAT_C	10:78613398_C_T
10:78621389_CAT_C	10:79562637_G_A
10:78621389_CAT_C	10:87011736_G_A
10:78621389_CAT_C	10:87012225_T_G
10:78621389_CAT_C	10:87013722_T_A
10:78621389_CAT_C	10:87014463_G_C
10:78621389_CAT_C	10:87069678_T_A
14:27396904_T_C	14:20715334_G_A
14:27396904_T_C	14:20720750_G_A
14:27396904_T_C	14:20723150_A_C
14:27396904_T_C	14:21465932_G_A
14:27396904_T_C	14:21489044_G_A
14:27396904_T_C	14:21629439_T_TTTG
14:27396904_T_C	14:21909818_C_T
14:27396904_T_C	14:23510645_C_T
14:27396904_T_C	14:26767809_T_C
14:27396904_T_C	14:27182256_C_CA
14:27396904_T_C	14:27324178_A_C
14:27396904_T_C	14:27342735_G_C
14:27396904_T_C	14:27343535_T_C
14:27396904_T_C	14:27350629_G_A
14:27396904_T_C	14:27369954_C_T
14:27396904_T_C	14:27406978_C_A
14:27396904_T_C	14:29635571_G_A
14:27396904_T_C	14:29736896_T_G
14:27396904_T_C	14:29737645_C_A
14:27396904_T_C	14:29739233_A_G
14:27396904_T_C	14:29740046_A_G
14:27396904_T_C	14:29741464_T_C
14:27396904_T_C	14:29741549_A_T
14:27396904_T_C	14:29747997_T_G
14:27396904_T_C	14:29748294_C_T
14:27396904_T_C	14:29748623_A_AT
14:27396904_T_C	14:29749374_T_A
14:27396904_T_C	14:29749827_G_A
14:27396904_T_C	14:29751243_GA_G
14:27396904_T_C	14:29751246_A_T
14:27396904_T_C	14:29751279_T_G
14:27396904_T_C	14:29751288_G_A
14:27396904_T_C	14:29753465_ATAC_A
14:27396904_T_C	14:29753800_T_TA
14:27396904_T_C	14:29755294_G_T
14:27396904_T_C	14:29755382_C_G
14:27396904_T_C	14:29758445_A_G
14:27396904_T_C	14:29758639_A_G
14:27396904_T_C	14:29760868_C_A
14:27396904_T_C	14:29762101_T_C
14:27396904_T_C	14:29763051_A_C
14:27396904_T_C	14:29763895_G_A
14:27396904_T_C	14:29765887_T_C
14:27396904_T_C	14:29766299_G_A
14:27396904_T_C	14:29767523_C_G
14:27396904_T_C	14:29767895_C_T
14:27396904_T_C	14:29770063_C_T
14:27396904_T_C	14:29770853_C_T
14:27396904_T_C	14:29771796_A_G
14:27396904_T_C	14:29772126_T_C
14:27396904_T_C	14:29773004_G_C
14:27396904_T_C	14:29774030_G_A
14:27396904_T_C	14:29774219_A_G
14:27396904_T_C	14:29775175_G_A
14:27396904_T_C	14:29775727_A_G
14:27396904_T_C	14:29775886_G_C
14:27396904_T_C	14:29776880_CTTTGAATCTTTAATT_C
14:27396904_T_C	14:29777123_C_T
14:27396904_T_C	14:32775473_T_C
14:27396904_T_C	14:32775814_A_C
14:56783532_A_AGC	14:49742649_C_T
14:56783532_A_AGC	14:52824864_A_ATG
14:56783532_A_AGC	14:55355031_C_T
14:56783532_A_AGC	14:56373962_G_A
14:56783532_A_AGC	14:56379556_A_C
14:56783532_A_AGC	14:56418830_T_C
14:56783532_A_AGC	14:56420626_G_C
14:56783532_A_AGC	14:56421765_C_A
14:56783532_A_AGC	14:56422148_C_T
14:56783532_A_AGC	14:56423286_T_C
14:56783532_A_AGC	14:56439178_C_G
14:56783532_A_AGC	14:56595026_G_A
14:56783532_A_AGC	14:56595351_C_T
14:56783532_A_AGC	14:56595427_G_C
14:56783532_A_AGC	14:56596436_A_G
14:56783532_A_AGC	14:56600432_G_A
14:56783532_A_AGC	14:56601804_C_A
14:56783532_A_AGC	14:56604664_A_C
14:56783532_A_AGC	14:56604955_A_C
14:56783532_A_AGC	14:56606307_T_C
14:56783532_A_AGC	14:56607720_T_A
14:56783532_A_AGC	14:56608118_G_A
14:56783532_A_AGC	14:56617859_C_T
14:56783532_A_AGC	14:56620952_A_C
14:56783532_A_AGC	14:56622231_T_C
14:56783532_A_AGC	14:56624257_A_C
14:56783532_A_AGC	14:56627702_G_T
14:56783532_A_AGC	14:56627801_C_T
14:56783532_A_AGC	14:56633714_A_C
14:56783532_A_AGC	14:56636009_G_A
14:56783532_A_AGC	14:56641200_C_T
14:56783532_A_AGC	14:56654705_A_T
14:56783532_A_AGC	14:56655130_T_TG
14:56783532_A_AGC	14:56658408_A_G
14:56783532_A_AGC	14:56658802_A_T
14:56783532_A_AGC	14:56699218_A_G
14:56783532_A_AGC	14:56699481_G_A
14:56783532_A_AGC	14:56699483_C_T
14:56783532_A_AGC	14:56699495_A_G
14:56783532_A_AGC	14:56714637_A_C
14:56783532_A_AGC	14:56715099_T_C
14:56783532_A_AGC	14:56727345_T_G
14:56783532_A_AGC	14:56738452_G_C
14:56783532_A_AGC	14:56743524_GGCCATTTGCCTTAA_G
14:56783532_A_AGC	14:56748074_G_A
14:56783532_A_AGC	14:56754404_G_T
14:56783532_A_AGC	14:56756119_A_G
14:56783532_A_AGC	14:56796871_T_C
14:56783532_A_AGC	14:57181216_T_A
4:183452355_T_A	4:183395781_G_A
4:183452355_T_A	4:183452356_C_A
4:183452355_T_A	4:183520724_T_C
4:183452355_T_A	4:183540099_T_TG
4:183452355_T_A	4:183540796_CTTG_C
4:183452355_T_A	4:183541769_G_A
4:183452355_T_A	4:186696172_A_C
4:183452355_T_A	4:186789268_T_C
4:183452355_T_A	4:189654926_T_C
4:183452355_T_A	4:190503751_C_T
19:8293059_G_A	19:1549044_T_TG
19:8293059_G_A	19:1549046_T_G
19:8293059_G_A	19:4981325_T_C
19:8293059_G_A	19:7750943_G_A
19:8293059_G_A	19:8156848_C_G
19:8293059_G_A	19:8194515_G_A
19:8293059_G_A	19:8274571_C_G
19:8293059_G_A	19:8275954_T_C
19:8293059_G_A	19:8276080_G_C
19:8293059_G_A	19:8277526_T_TA
19:8293059_G_A	19:8277599_T_G
19:8293059_G_A	19:8277733_T_C
19:8293059_G_A	19:8283634_A_G
19:8293059_G_A	19:8286755_T_TG
19:8293059_G_A	19:8295074_CT_C
19:8293059_G_A	19:8295098_G_A
19:8293059_G_A	19:8295120_A_G
19:8293059_G_A	19:8296630_G_A
19:8293059_G_A	19:8296915_T_C
19:8293059_G_A	19:8300541_G_T
19:8293059_G_A	19:8303705_G_A
19:8293059_G_A	19:8304239_C_T
19:8293059_G_A	19:8304493_C_T
19:8293059_G_A	19:8310268_A_G
19:8293059_G_A	19:13288125_T_C
19:8293059_G_A	19:13337183_G_A
19:8293059_G_A	19:13337185_G_C
19:8293059_G_A	19:13410235_G_T
19:8293059_G_A	19:13581068_G_A
19:8293059_G_A	19:13585915_A_G
19:8293059_G_A	19:13586050_T_C
11:84800038_C_G	11:75044798_T_C
11:84800038_C_G	11:75045900_C_G
11:84800038_C_G	11:84744763_C_T
11:84800038_C_G	11:84745511_C_T
11:84800038_C_G	11:84752914_C_G
11:84800038_C_G	11:84755097_G_T
11:84800038_C_G	11:84755545_C_T
11:84800038_C_G	11:84757486_G_A
11:84800038_C_G	11:84762531_C_T
11:84800038_C_G	11:84765315_A_G
11:84800038_C_G	11:84765871_T_A
11:84800038_C_G	11:84765994_C_T
11:84800038_C_G	11:84768928_T_G
11:84800038_C_G	11:84769363_C_T
11:84800038_C_G	11:84778944_C_T
11:84800038_C_G	11:84779642_C_T
11:84800038_C_G	11:84779684_G_T
11:84800038_C_G	11:84779993_C_T
11:84800038_C_G	11:84780098_G_C
11:84800038_C_G	11:84780146_G_T
11:84800038_C_G	11:84780168_C_T
11:84800038_C_G	11:84781928_C_T
11:84800038_C_G	11:84782126_C_T
11:84800038_C_G	11:84782537_C_T
11:84800038_C_G	11:84783934_T_C
11:84800038_C_G	11:84786132_C_T
11:84800038_C_G	11:84786211_C_A
11:84800038_C_G	11:84786445_T_C
11:84800038_C_G	11:84787554_T_C
11:84800038_C_G	11:84787736_A_G
11:84800038_C_G	11:84788686_T_TATAC
11:84800038_C_G	11:84788804_G_C
11:84800038_C_G	11:84788999_GCTAA_G
11:84800038_C_G	11:84789357_A_G
11:84800038_C_G	11:84789456_T_C
11:84800038_C_G	11:84790066_AG_A
11:84800038_C_G	11:84796019_C_T
11:84800038_C_G	11:84796996_C_T
11:84800038_C_G	11:84797788_G_A
11:84800038_C_G	11:84799264_C_T
11:84800038_C_G	11:84799479_G_A
11:84800038_C_G	11:84799726_C_A
11:84800038_C_G	11:84799851_G_A
11:84800038_C_G	11:84799874_T_C
11:84800038_C_G	11:84800022_A_C
11:84800038_C_G	11:84800819_C_A
11:84800038_C_G	11:84802565_C_T
11:84800038_C_G	11:84827489_C_A
11:84800038_C_G	11:87031246_G_A
11:84800038_C_G	11:89143202_C_A
11:84800038_C_G	11:89143306_A_G
11:84800038_C_G	11:89144028_T_G
11:84800038_C_G	11:89144035_C_A
11:84800038_C_G	11:89144264_A_G
11:84800038_C_G	11:89144531_G_A
11:84800038_C_G	11:89146683_C_G
11:84800038_C_G	11:89147316_C_G
11:84800038_C_G	11:89173637_G_T
8:143551459_C_T	8:137677896_T_C
8:143551459_C_T	8:138333969_G_A
8:143551459_C_T	8:138334746_G_A
8:143551459_C_T	8:138378690_C_T
8:143551459_C_T	8:139596547_C_T
8:143551459_C_T	8:139605148_G_A
8:143551459_C_T	8:143297485_G_A
8:143551459_C_T	8:143301976_C_A
8:143551459_C_T	8:143308691_T_C
8:143551459_C_T	8:143310037_AC_A
8:143551459_C_T	8:143320090_G_A
8:143551459_C_T	8:143321697_C_T
8:143551459_C_T	8:143322565_G_A
8:143551459_C_T	8:143329466_C_T
8:143551459_C_T	8:143329717_T_C
8:143551459_C_T	8:143330441_G_A
8:143551459_C_T	8:143330462_C_T
8:143551459_C_T	8:143330606_T_C
8:143551459_C_T	8:143330607_G_A
8:143551459_C_T	8:143330986_G_A
8:143551459_C_T	8:143332204_T_C
8:143551459_C_T	8:143332221_G_A
8:143551459_C_T	8:143333162_C_T
8:143551459_C_T	8:143333357_A_G
8:143551459_C_T	8:143334681_C_T
8:143551459_C_T	8:143336282_G_C
8:143551459_C_T	8:143464056_T_C
8:143551459_C_T	8:143464234_C_T
8:143551459_C_T	8:143489990_C_T
8:143551459_C_T	8:143524185_C_T
8:143551459_C_T	8:143535471_C_T
8:143551459_C_T	8:143716638_T_C
8:143551459_C_T	8:143838482_A_G
8:143551459_C_T	8:143839396_CT_C
8:143551459_C_T	8:143841856_G_A
8:143551459_C_T	8:143841912_G_A
12:78832826_G_A	12:70384505_C_T
12:78832826_G_A	12:78744304_C_CATATATATAT
12:78832826_G_A	12:78784772_G_A
12:78832826_G_A	12:78788275_TG_T
22:23420913_G_T	22:23082320_AT_A
22:23420913_G_T	22:23089941_ACT_A
22:23420913_G_T	22:23090423_G_C
22:23420913_G_T	22:23090438_A_G
22:23420913_G_T	22:23090468_C_T
22:23420913_G_T	22:23090475_T_C
22:23420913_G_T	22:23092355_G_A
22:23420913_G_T	22:23099813_T_G
22:23420913_G_T	22:23100104_C_T
22:23420913_G_T	22:23100376_G_A
22:23420913_G_T	22:23100385_A_T
22:23420913_G_T	22:23100410_C_G
22:23420913_G_T	22:23100442_A_G
22:23420913_G_T	22:23100446_C_A
22:23420913_G_T	22:23100447_A_G
22:23420913_G_T	22:23100448_T_A
22:23420913_G_T	22:23276730_T_C
22:23420913_G_T	22:23276788_G_A
22:23420913_G_T	22:23278515_G_C
22:23420913_G_T	22:23278593_T_C
22:23420913_G_T	22:23278658_C_G
22:23420913_G_T	22:23278808_A_G
22:23420913_G_T	22:23372864_C_G
22:23420913_G_T	22:23373902_A_T
22:23420913_G_T	22:23378505_G_A
22:23420913_G_T	22:23379206_A_G
22:23420913_G_T	22:23379255_G_A
22:23420913_G_T	22:23379362_A_G
22:23420913_G_T	22:23379625_T_C
22:23420913_G_T	22:23380955_G_A
22:23420913_G_T	22:23381814_A_C
22:23420913_G_T	22:23382362_G_A
22:23420913_G_T	22:23382365_AT_A
22:23420913_G_T	22:23382451_TAG_T
22:23420913_G_T	22:23382483_T_C
22:23420913_G_T	22:23385024_A_T
22:23420913_G_T	22:23385124_C_T
22:23420913_G_T	22:23387172_A_G
22:23420913_G_T	22:23387642_A_G
22:23420913_G_T	22:23388409_G_A
22:23420913_G_T	22:23391131_G_A
22:23420913_G_T	22:23391917_A_C
22:23420913_G_T	22:23395411_A_C
22:23420913_G_T	22:23395684_C_T
22:23420913_G_T	22:23399461_T_C
22:23420913_G_T	22:23399743_A_G
22:23420913_G_T	22:23402518_A_G
22:23420913_G_T	22:23405957_G_A
22:23420913_G_T	22:23406619_G_A
22:23420913_G_T	22:23407063_G_A
22:23420913_G_T	22:23407261_C_A
22:23420913_G_T	22:23408118_G_T
22:23420913_G_T	22:23410918_T_A
22:23420913_G_T	22:23412017_G_A
22:23420913_G_T	22:23412532_TGGCGGCG_T
22:23420913_G_T	22:23417547_A_C
22:23420913_G_T	22:23447347_G_C
22:23420913_G_T	22:23460684_C_CT
22:23420913_G_T	22:23469918_C_T
22:23420913_G_T	22:23472384_T_G
22:23420913_G_T	22:23474085_G_A
22:23420913_G_T	22:23474756_T_C
22:23420913_G_T	22:23479758_G_GT
22:23420913_G_T	22:23638025_A_G
22:23420913_G_T	22:27308768_CCT_C
22:23420913_G_T	22:27951587_G_A
22:23420913_G_T	22:27951809_G_GAGAAGTGGTGTTTAA
22:23420913_G_T	22:27953418_C_T
22:23420913_G_T	22:30403996_C_T
4:164650413_A_T	4:156292461_T_TA
4:164650413_A_T	4:156680440_G_T
4:164650413_A_T	4:157372102_C_A
4:164650413_A_T	4:164126647_G_A
4:164650413_A_T	4:165626815_C_T
4:164650413_A_T	4:165628477_C_T
4:164650413_A_T	4:165629733_T_G
4:164650413_A_T	4:165630257_C_T
4:164650413_A_T	4:165630567_T_C
4:164650413_A_T	4:165633086_A_G
4:164650413_A_T	4:165638110_C_T
4:164650413_A_T	4:165642762_G_A
4:164650413_A_T	4:165642901_G_T
4:164650413_A_T	4:166682365_C_T
3:18093468_T_G	3:11006799_C_T
3:18093468_T_G	3:11010599_G_C
3:18093468_T_G	3:11010789_T_C
3:18093468_T_G	3:11010853_T_C
3:18093468_T_G	3:11011916_C_T
3:18093468_T_G	3:11011986_G_A
3:18093468_T_G	3:11015914_C_T
3:18093468_T_G	3:11017443_T_G
3:18093468_T_G	3:17930450_A_ATG
3:18093468_T_G	3:17944006_T_C
3:18093468_T_G	3:17944920_A_G
3:18093468_T_G	3:17949197_C_T
3:18093468_T_G	3:17956879_T_A
3:18093468_T_G	3:17957112_T_G
3:18093468_T_G	3:17957647_C_T
3:18093468_T_G	3:17959707_A_AAAAC
3:18093468_T_G	3:18002951_C_T
3:18093468_T_G	3:18009276_C_T
3:18093468_T_G	3:18013915_C_T
3:18093468_T_G	3:18014208_T_TAA
3:18093468_T_G	3:18017967_A_C
3:18093468_T_G	3:18019512_T_C
3:18093468_T_G	3:18031487_G_A
3:18093468_T_G	3:18032999_G_A
3:18093468_T_G	3:18035548_C_T
3:18093468_T_G	3:18035850_G_A
3:18093468_T_G	3:18043113_A_G
3:18093468_T_G	3:18044542_G_C
3:18093468_T_G	3:18044859_G_T
3:18093468_T_G	3:18045251_A_G
3:18093468_T_G	3:18048685_T_C
3:18093468_T_G	3:18050528_A_G
3:18093468_T_G	3:18051305_A_G
3:18093468_T_G	3:18054343_G_T
3:18093468_T_G	3:18056743_A_G
3:18093468_T_G	3:18057470_T_G
3:18093468_T_G	3:18061869_C_T
3:18093468_T_G	3:18068346_T_C
3:18093468_T_G	3:18069009_A_T
3:18093468_T_G	3:18069536_A_G
3:18093468_T_G	3:18070753_T_C
3:18093468_T_G	3:18071536_C_T
3:18093468_T_G	3:18072808_A_G
3:18093468_T_G	3:18073037_A_T
3:18093468_T_G	3:18075973_T_C
3:18093468_T_G	3:18079586_T_C
3:18093468_T_G	3:18081611_C_G
3:18093468_T_G	3:18082036_A_C
3:18093468_T_G	3:18082191_A_G
3:18093468_T_G	3:18086051_A_G
3:18093468_T_G	3:18089338_C_A
3:18093468_T_G	3:18091050_T_A
3:18093468_T_G	3:18091958_T_G
3:18093468_T_G	3:18093080_A_G
3:18093468_T_G	3:18093204_A_G
3:18093468_T_G	3:18095097_G_T
3:18093468_T_G	3:18098983_A_C
3:18093468_T_G	3:18100288_C_A
3:18093468_T_G	3:18104676_A_G
3:18093468_T_G	3:18109604_T_A
3:18093468_T_G	3:19591493_T_G
3:18093468_T_G	3:21021207_CT_C
3:18093468_T_G	3:21021208_T_C
3:18093468_T_G	3:21525789_A_G
3:18093468_T_G	3:21530728_A_G
3:18093468_T_G	3:21531760_A_C
3:18093468_T_G	3:21532707_GT_G
3:18093468_T_G	3:21535708_G_A
3:18093468_T_G	3:21535751_C_T
3:18093468_T_G	3:21536677_C_A
3:18093468_T_G	3:21537088_A_G
3:18093468_T_G	3:21543905_G_A
3:18093468_T_G	3:21544691_C_A
3:18093468_T_G	3:21546663_G_T
3:18093468_T_G	3:24429213_T_A
3:18093468_T_G	3:24431566_T_C
3:18093468_T_G	3:24434524_A_G
3:18093468_T_G	3:24459737_T_TA
3:18093468_T_G	3:24464659_C_T
3:18093468_T_G	3:24467908_G_A
3:18093468_T_G	3:24468055_C_T
3:18093468_T_G	3:24472573_C_T
7:40942641_T_C	7:40356554_G_GTTTTTTTTT
7:40942641_T_C	7:40359499_G_A
7:40942641_T_C	7:42915952_C_A
7:40942641_T_C	7:42915953_A_G
7:40942641_T_C	7:43989736_A_T
7:40942641_T_C	7:44189010_C_T
7:40942641_T_C	7:44189274_T_C
7:40942641_T_C	7:49822437_A_G
9:93347619_G_A	9:88647346_C_T
9:93347619_G_A	9:93330662_C_G
9:93347619_G_A	9:93331701_ACTT_A
9:93347619_G_A	9:93335140_G_C
9:93347619_G_A	9:93337336_A_G
9:93347619_G_A	9:93341333_AT_A
9:93347619_G_A	9:93344654_C_A
9:93347619_G_A	9:93345927_C_T
9:93347619_G_A	9:93346470_T_A
9:93347619_G_A	9:93347126_G_A
9:93347619_G_A	9:93347311_C_T
9:93347619_G_A	9:93347421_C_T
9:93347619_G_A	9:93347576_C_T
9:93347619_G_A	9:93348081_G_A
9:93347619_G_A	9:93352761_C_T
9:93347619_G_A	9:93352790_C_T
9:93347619_G_A	9:93354892_C_A
9:93347619_G_A	9:93355612_T_C
9:93347619_G_A	9:93358620_G_T
9:93347619_G_A	9:93360617_A_G
9:93347619_G_A	9:93360954_A_G
9:93347619_G_A	9:93365504_G_A
4:150109439_T_A	4:140669616_C_T
4:150109439_T_A	4:140670214_A_G
4:150109439_T_A	4:140673486_C_G
4:150109439_T_A	4:140674862_T_C
4:150109439_T_A	4:140676411_C_T
4:150109439_T_A	4:145200952_C_G
4:150109439_T_A	4:145205866_G_A
4:150109439_T_A	4:145207371_A_G
4:150109439_T_A	4:145211387_C_T
4:150109439_T_A	4:145217099_C_T
4:150109439_T_A	4:145220862_T_G
4:150109439_T_A	4:145223889_T_C
4:150109439_T_A	4:145899099_T_A
4:150109439_T_A	4:145910286_A_T
4:150109439_T_A	4:145911237_T_C
4:150109439_T_A	4:145917557_C_T
4:150109439_T_A	4:145917680_C_G
4:150109439_T_A	4:145928530_C_T
4:150109439_T_A	4:145963807_T_C
4:150109439_T_A	4:145974688_G_A
4:150109439_T_A	4:145998123_G_A
4:150109439_T_A	4:146010350_A_G
4:150109439_T_A	4:148523849_A_T
4:150109439_T_A	4:148751390_C_G
4:150109439_T_A	4:148874351_A_G
4:150109439_T_A	4:148880674_C_T
4:150109439_T_A	4:148880898_A_T
4:150109439_T_A	4:148883012_T_A
4:150109439_T_A	4:149686210_AT_A
4:150109439_T_A	4:149711350_GTGGCT_G
4:150109439_T_A	4:149711358_AGAGG_A
4:150109439_T_A	4:149715633_G_T
4:150109439_T_A	4:149718446_CT_C
4:150109439_T_A	4:149719565_AT_A
4:150109439_T_A	4:149725979_A_G
4:150109439_T_A	4:149757619_C_T
4:150109439_T_A	4:149783062_G_GA
4:150109439_T_A	4:149796887_A_G
4:150109439_T_A	4:149806589_G_C
4:150109439_T_A	4:149818436_T_C
4:150109439_T_A	4:149830315_T_G
4:150109439_T_A	4:149831004_C_T
4:150109439_T_A	4:149831654_A_G
4:150109439_T_A	4:149832511_C_T
4:150109439_T_A	4:149849129_G_A
4:150109439_T_A	4:150000536_G_C
4:150109439_T_A	4:150001085_A_G
4:150109439_T_A	4:150002904_C_T
4:150109439_T_A	4:150013184_A_T
4:150109439_T_A	4:150028618_A_G
4:150109439_T_A	4:150053399_A_T
4:150109439_T_A	4:150074544_A_G
4:150109439_T_A	4:150077735_G_C
4:150109439_T_A	4:150080001_C_T
4:150109439_T_A	4:150081117_A_T
4:150109439_T_A	4:150083527_T_C
4:150109439_T_A	4:150083921_T_C
4:150109439_T_A	4:150084011_C_T
4:150109439_T_A	4:150084424_G_C
4:150109439_T_A	4:150085543_T_C
4:150109439_T_A	4:150086591_C_G
4:150109439_T_A	4:150089206_G_A
4:150109439_T_A	4:150092178_A_G
4:150109439_T_A	4:150097224_C_T
4:150109439_T_A	4:150099227_T_C
4:150109439_T_A	4:150099768_C_T
4:150109439_T_A	4:150099880_G_C
4:150109439_T_A	4:150100890_A_G
4:150109439_T_A	4:150101285_C_CAA
4:150109439_T_A	4:150103594_G_A
4:150109439_T_A	4:150104798_T_C
4:150109439_T_A	4:150115656_A_T
4:150109439_T_A	4:150118045_T_G
4:150109439_T_A	4:150118287_G_A
4:150109439_T_A	4:150119157_C_T
4:150109439_T_A	4:150121132_C_T
4:150109439_T_A	4:150132019_G_A
4:150109439_T_A	4:150132250_T_C
4:150109439_T_A	4:150135009_A_G
4:150109439_T_A	4:150141103_C_G
4:150109439_T_A	4:150150140_A_G
4:150109439_T_A	4:150156561_G_A
4:150109439_T_A	4:150156579_C_A
4:150109439_T_A	4:150162360_G_A
4:150109439_T_A	4:150163688_T_TTTATTATTA
4:150109439_T_A	4:150182442_C_T
4:150109439_T_A	4:153312619_T_C
4:150109439_T_A	4:156417553_G_A
1:111570567_T_C	1:108303940_G_A
1:111570567_T_C	1:109956851_A_C
1:111570567_T_C	1:111570714_C_T
1:111570567_T_C	1:113626070_C_T
2:26741298_A_G	2:17772096_G_C
2:26741298_A_G	2:23759219_C_T
2:26741298_A_G	2:25155207_A_G
2:26741298_A_G	2:25276691_G_A
2:26741298_A_G	2:26740545_G_C
2:26741298_A_G	2:26776725_G_T
2:26741298_A_G	2:27497548_A_G
2:26741298_A_G	2:27500117_CGTTTGTTTGTTT_C
2:26741298_A_G	2:27500381_T_C
2:26741298_A_G	2:27502445_A_G
2:26741298_A_G	2:27505782_C_T
2:26741298_A_G	2:27506646_A_G
2:26741298_A_G	2:27508710_C_T
2:26741298_A_G	2:27509032_T_C
2:26741298_A_G	2:27512878_T_G
2:26741298_A_G	2:27514116_A_G
2:26741298_A_G	2:27515105_A_G
2:26741298_A_G	2:27515527_C_T
2:26741298_A_G	2:27519254_G_A
2:26741298_A_G	2:27525263_A_G
2:26741298_A_G	2:27525661_A_G
2:26741298_A_G	2:27526681_C_G
2:26741298_A_G	2:27527143_T_G
2:26741298_A_G	2:27527246_T_A
2:26741298_A_G	2:27527321_G_A
2:26741298_A_G	2:27528692_T_C
2:26741298_A_G	2:27532870_A_G
2:26741298_A_G	2:27536380_T_C
2:26741298_A_G	2:27541053_C_G
2:26741298_A_G	2:27542041_C_T
2:26741298_A_G	2:27544285_C_T
2:26741298_A_G	2:27558252_A_G
2:26741298_A_G	2:27641353_GT_G
2:26741298_A_G	2:27691588_C_A
2:26741298_A_G	2:27733452_G_A
2:26741298_A_G	2:27737181_A_G
2:26741298_A_G	2:27737900_A_T
2:26741298_A_G	2:27738854_C_T
2:26741298_A_G	2:27743423_G_A
2:26741298_A_G	2:27743630_C_T
2:26741298_A_G	2:27745946_A_G
2:26741298_A_G	2:27746832_A_C
2:26741298_A_G	2:27749669_G_A
2:26741298_A_G	2:28284451_CA_C
2:26741298_A_G	2:29201817_G_C
2:26741298_A_G	2:29638906_C_T
2:26741298_A_G	2:29709248_A_G
2:26741298_A_G	2:33479997_AT_A
5:119735118_C_A	5:111502820_C_CAA
5:119735118_C_A	5:111548108_G_C
5:119735118_C_A	5:111556352_C_T
5:119735118_C_A	5:112131787_A_G
10:128027132_T_A	10:126173556_C_A
10:128027132_T_A	10:126174331_G_A
10:128027132_T_A	10:126175169_G_A
10:128027132_T_A	10:126176792_C_T
10:128027132_T_A	10:128022824_C_T
2:99835188_A_T	2:98599499_C_T
2:99835188_A_T	2:98764640_T_C
2:99835188_A_T	2:98964337_A_G
2:99835188_A_T	2:99140691_A_G
2:99835188_A_T	2:99199024_C_G
2:99835188_A_T	2:99199789_CA_C
2:99835188_A_T	2:99679099_G_A
2:99835188_A_T	2:99859279_C_G
2:99835188_A_T	2:101049533_A_G
2:99835188_A_T	2:104969617_C_CTTTT
2:99835188_A_T	2:105368421_G_T
2:99835188_A_T	2:105371171_T_C
2:99835188_A_T	2:105373246_T_C
2:99835188_A_T	2:105377465_T_C
2:99835188_A_T	2:105377718_C_T
2:99835188_A_T	2:105379939_C_A
2:99835188_A_T	2:105384459_T_C
2:99835188_A_T	2:105386496_C_T
2:99835188_A_T	2:105387607_A_C
2:99835188_A_T	2:105388252_C_G
2:99835188_A_T	2:105388667_A_T
2:99835188_A_T	2:105392242_A_G
2:99835188_A_T	2:105392375_C_T
2:99835188_A_T	2:105392857_G_T
2:99835188_A_T	2:105392858_C_T
2:99835188_A_T	2:105393301_T_A
2:99835188_A_T	2:105394025_T_A
2:99835188_A_T	2:105394791_A_G
2:99835188_A_T	2:105396498_C_G
2:99835188_A_T	2:105396991_G_A
2:99835188_A_T	2:105399043_T_C
2:99835188_A_T	2:105400160_A_G
2:99835188_A_T	2:105400161_A_G
2:99835188_A_T	2:105400885_T_C
2:99835188_A_T	2:105401584_A_G
2:99835188_A_T	2:105401629_T_C
2:99835188_A_T	2:105401647_G_A
2:99835188_A_T	2:105402083_A_ATTTAT
2:99835188_A_T	2:105402234_T_C
2:99835188_A_T	2:105402242_A_G
2:99835188_A_T	2:105402361_C_T
2:99835188_A_T	2:105402377_A_G
2:99835188_A_T	2:105402384_T_A
2:99835188_A_T	2:105402385_T_C
2:99835188_A_T	2:105402387_A_G
2:99835188_A_T	2:105402388_C_T
2:99835188_A_T	2:105402389_A_G
2:99835188_A_T	2:105402393_A_G
2:99835188_A_T	2:105402427_T_C
2:99835188_A_T	2:105402434_T_A
2:99835188_A_T	2:105403069_C_A
2:99835188_A_T	2:105403102_G_A
2:99835188_A_T	2:105403135_A_G
2:99835188_A_T	2:105403210_C_CA
2:99835188_A_T	2:105403319_A_G
2:99835188_A_T	2:105403399_C_T
2:99835188_A_T	2:105403422_A_T
2:99835188_A_T	2:105403579_C_T
2:99835188_A_T	2:105403749_G_T
2:99835188_A_T	2:105404221_A_G
2:99835188_A_T	2:105609762_G_GA
2:99835188_A_T	2:106579894_T_A
2:99835188_A_T	2:107684597_G_T
2:99835188_A_T	2:107695153_G_A
2:68672139_C_A	2:59978857_T_C
2:68672139_C_A	2:59988128_G_A
2:68672139_C_A	2:68663070_T_C
2:68672139_C_A	2:68671932_T_A
2:68672139_C_A	2:68673223_T_C
2:68672139_C_A	2:68674797_C_T
2:68672139_C_A	2:77844283_G_A
20:50149900_C_T	20:41738135_T_C
20:50149900_C_T	20:48667866_A_T
20:50149900_C_T	20:50152087_T_C
20:50149900_C_T	20:50152817_G_A
20:50149900_C_T	20:50517131_A_G
20:50149900_C_T	20:50914400_A_G
20:50149900_C_T	20:50915679_T_TA
20:50149900_C_T	20:50916512_G_C
20:50149900_C_T	20:50920670_C_A
20:50149900_C_T	20:50927090_A_G
20:50149900_C_T	20:50936332_A_T
20:50149900_C_T	20:50939536_A_G
20:50149900_C_T	20:50942196_C_T
20:50149900_C_T	20:50953733_C_T
20:50149900_C_T	20:50955569_A_C
20:50149900_C_T	20:50958166_C_T
20:50149900_C_T	20:50958958_T_C
20:50149900_C_T	20:51170635_TATA_T
20:50149900_C_T	20:51240383_C_T
20:50149900_C_T	20:51242002_C_G
20:50149900_C_T	20:51242325_T_G
20:50149900_C_T	20:51246202_A_G
20:50149900_C_T	20:51247334_TCTTTCTTTCTTTCTTTCTTC_T
20:50149900_C_T	20:51255210_A_C
20:50149900_C_T	20:51257272_C_CAT
20:50149900_C_T	20:51258018_A_G
20:50149900_C_T	20:51258056_C_T
20:50149900_C_T	20:51261414_G_A
20:50149900_C_T	20:51261895_A_G
20:50149900_C_T	20:51262076_G_A
20:50149900_C_T	20:51262176_G_C
20:50149900_C_T	20:51263242_C_T
20:50149900_C_T	20:51263350_G_C
20:50149900_C_T	20:51263704_C_G
20:50149900_C_T	20:51263833_T_C
20:50149900_C_T	20:56318641_T_C
20:50149900_C_T	20:56321560_C_G
20:50149900_C_T	20:56321886_T_C
3:147918738_G_T	3:142351439_A_AT
3:147918738_G_T	3:142372156_C_G
3:147918738_G_T	3:143193967_AT_A
3:147918738_G_T	3:146368704_A_ATG
3:147918738_G_T	3:147866568_A_G
3:7495480_A_G	3:3313482_T_C
3:7495480_A_G	3:7481522_G_C
3:7495480_A_G	3:7485714_C_G
3:7495480_A_G	3:7489865_A_T
3:7495480_A_G	3:7490720_A_T
3:7495480_A_G	3:7492405_T_TA
3:7495480_A_G	3:7493940_CATT_C
3:7495480_A_G	3:7495885_C_T
3:7495480_A_G	3:7496693_T_G
3:7495480_A_G	3:7498086_C_G
3:7495480_A_G	3:7498213_G_GATTTGAATATCGTACAAA
3:7495480_A_G	3:7498214_T_TAC
3:7495480_A_G	3:7499073_A_T
3:7495480_A_G	3:7499238_C_A
3:7495480_A_G	3:8769370_GT_G
3:7495480_A_G	3:9165416_A_G
3:7495480_A_G	3:11641844_G_GA
3:7495480_A_G	3:11712402_TC_T
12:103376113_G_C	12:94324483_C_T
12:103376113_G_C	12:94324615_A_G
12:103376113_G_C	12:94325300_G_T
12:103376113_G_C	12:94326398_G_A
12:103376113_G_C	12:94326641_T_C
12:103376113_G_C	12:95574831_G_A
12:103376113_G_C	12:95577884_T_C
12:103376113_G_C	12:95582158_C_CGT
12:103376113_G_C	12:95583662_A_G
12:103376113_G_C	12:95592206_C_T
12:103376113_G_C	12:95592272_G_A
12:103376113_G_C	12:104357068_G_A
12:103376113_G_C	12:104371582_C_G
12:103376113_G_C	12:105886162_T_C
12:103376113_G_C	12:105891118_A_G
12:103376113_G_C	12:105892694_A_C
12:103376113_G_C	12:105908018_T_C
12:103376113_G_C	12:105908713_C_T
12:103376113_G_C	12:105909331_A_C
12:103376113_G_C	12:105926778_C_T
12:103376113_G_C	12:105931080_C_T
12:103376113_G_C	12:105933442_C_T
12:103376113_G_C	12:106688433_T_C
12:103376113_G_C	12:106749692_C_T
3:164880223_G_C	3:161194128_G_GTATA
3:164880223_G_C	3:161206026_T_C
3:164880223_G_C	3:161206391_C_A
3:164880223_G_C	3:161206638_T_C
3:164880223_G_C	3:161211859_G_A
3:164880223_G_C	3:161214203_G_C
3:164880223_G_C	3:161218953_G_A
3:164880223_G_C	3:161218983_C_T
3:164880223_G_C	3:161222198_T_C
3:164880223_G_C	3:161222473_A_G
3:164880223_G_C	3:161232669_AC_A
3:164880223_G_C	3:161232742_GA_G
3:164880223_G_C	3:161234404_A_G
3:164880223_G_C	3:161234755_T_G
3:164880223_G_C	3:161235631_T_C
3:164880223_G_C	3:161237207_C_CT
3:164880223_G_C	3:161241987_G_GTC
3:164880223_G_C	3:161247811_C_A
3:164880223_G_C	3:161249264_A_G
3:164880223_G_C	3:161251382_A_G
3:164880223_G_C	3:161252981_C_CT
3:164880223_G_C	3:161254404_A_C
3:164880223_G_C	3:161254797_A_C
3:164880223_G_C	3:161258353_C_T
3:164880223_G_C	3:161263990_T_A
3:164880223_G_C	3:161264661_A_C
3:164880223_G_C	3:161264798_C_T
3:164880223_G_C	3:161265583_G_GT
3:164880223_G_C	3:161266853_G_A
3:164880223_G_C	3:161267589_G_A
3:164880223_G_C	3:161269972_T_A
3:164880223_G_C	3:161278284_C_G
3:164880223_G_C	3:161283088_T_C
3:164880223_G_C	3:161284379_C_T
3:164880223_G_C	3:161290017_A_C
3:164880223_G_C	3:161296344_C_T
3:164880223_G_C	3:161299998_T_C
3:164880223_G_C	3:161369755_C_G
3:164880223_G_C	3:161375889_T_C
3:164880223_G_C	3:161382972_T_C
3:164880223_G_C	3:161388620_A_G
3:164880223_G_C	3:161391126_C_A
3:164880223_G_C	3:161391744_T_G
3:164880223_G_C	3:164378512_T_TTC
3:164880223_G_C	3:164378693_C_G
3:164880223_G_C	3:164378836_A_AAAAAC
3:164880223_G_C	3:164379532_T_C
3:164880223_G_C	3:164380508_G_A
3:164880223_G_C	3:164380864_C_T
3:164880223_G_C	3:164384149_C_G
3:164880223_G_C	3:164384338_A_C
3:164880223_G_C	3:164384654_G_A
3:164880223_G_C	3:164385936_G_A
3:164880223_G_C	3:164387777_T_C
3:164880223_G_C	3:164388140_T_C
3:164880223_G_C	3:164388525_A_G
3:164880223_G_C	3:164388677_T_A
3:164880223_G_C	3:164389416_C_T
3:164880223_G_C	3:164391069_C_G
3:164880223_G_C	3:164391089_AC_A
3:164880223_G_C	3:164391542_T_C
3:164880223_G_C	3:164392593_T_TATAAC
3:164880223_G_C	3:164394829_T_C
3:164880223_G_C	3:164397714_A_G
3:164880223_G_C	3:164882887_G_T
3:164880223_G_C	3:164883048_T_C
3:164880223_G_C	3:164885139_T_C
3:164880223_G_C	3:164889820_C_T
3:164880223_G_C	3:164890899_C_A
3:164880223_G_C	3:164891354_C_T
3:164880223_G_C	3:164899487_T_C
3:164880223_G_C	3:165077292_G_A
3:164880223_G_C	3:167296404_A_T
3:164880223_G_C	3:167365045_A_T
3:164880223_G_C	3:167471545_G_A
3:164880223_G_C	3:167472271_G_T
3:164880223_G_C	3:167473262_C_G
3:164880223_G_C	3:167475296_T_TCA
3:164880223_G_C	3:167478327_G_A
3:164880223_G_C	3:167479987_G_A
3:164880223_G_C	3:167481806_T_TTAACA
3:164880223_G_C	3:168909613_A_G
2:51673712_G_T	2:51669393_T_C
2:51673712_G_T	2:51671935_G_C
2:51673712_G_T	2:51677303_C_A
2:51673712_G_T	2:51692541_T_G
2:51673712_G_T	2:51692825_C_T
2:51673712_G_T	2:51693725_T_G
2:51673712_G_T	2:51697940_A_G
2:51673712_G_T	2:51698154_G_C
2:51673712_G_T	2:51698269_G_A
2:51673712_G_T	2:51698499_A_G
2:51673712_G_T	2:51699156_T_C
2:51673712_G_T	2:51699168_C_T
2:51673712_G_T	2:51699608_T_C
2:51673712_G_T	2:51699838_G_A
2:51673712_G_T	2:51699984_T_C
2:51673712_G_T	2:51700089_G_A
2:51673712_G_T	2:51701046_C_G
2:51673712_G_T	2:51702486_A_G
2:51673712_G_T	2:51702635_A_G
2:51673712_G_T	2:51703581_C_T
2:51673712_G_T	2:51704462_C_T
2:51673712_G_T	2:51704524_G_A
2:51673712_G_T	2:51704971_C_G
2:51673712_G_T	2:51707043_C_T
2:51673712_G_T	2:51708611_G_C
2:51673712_G_T	2:51715396_A_G
2:51673712_G_T	2:51722633_T_C
2:51673712_G_T	2:51724405_C_T
2:51673712_G_T	2:51731867_T_TAC
2:51673712_G_T	2:51739443_T_A
2:51673712_G_T	2:51741097_T_C
2:51673712_G_T	2:51742402_G_T
2:51673712_G_T	2:51742993_A_C
2:51673712_G_T	2:51744969_A_G
2:51673712_G_T	2:51746784_C_T
2:51673712_G_T	2:51747309_TG_T
2:51673712_G_T	2:51747470_A_C
2:51673712_G_T	2:51747816_T_TA
2:51673712_G_T	2:51750922_ATG_A
2:51673712_G_T	2:51754504_C_G
2:51673712_G_T	2:51757112_C_T
2:51673712_G_T	2:51758566_G_A
10:91390240_A_C	10:82361942_C_T
10:91390240_A_C	10:84396570_C_CTG
10:91390240_A_C	10:84465865_T_A
10:91390240_A_C	10:86999162_C_T
10:91390240_A_C	10:86999689_C_T
10:91390240_A_C	10:87001152_C_T
10:91390240_A_C	10:87024425_TTTG_T
10:91390240_A_C	10:87036238_A_G
10:91390240_A_C	10:87123025_T_TA
10:91390240_A_C	10:87127945_A_G
10:91390240_A_C	10:87128776_A_G
10:91390240_A_C	10:88856361_G_A
10:91390240_A_C	10:88888444_G_C
10:91390240_A_C	10:88888582_T_C
10:91390240_A_C	10:89709901_C_T
10:91390240_A_C	10:91390200_T_C
10:91390240_A_C	10:91390407_G_A
10:91390240_A_C	10:91390731_C_T
10:91390240_A_C	10:91392543_C_G
10:91390240_A_C	10:91392767_T_C
10:91390240_A_C	10:91394079_T_G
10:91390240_A_C	10:91394659_T_C
10:91390240_A_C	10:91397564_T_A
10:91390240_A_C	10:91406251_G_A
10:91390240_A_C	10:91406927_C_T
10:91390240_A_C	10:91409381_G_A
10:91390240_A_C	10:91413368_C_T
10:91390240_A_C	10:91419285_C_G
10:91390240_A_C	10:91425503_GGAGA_G
10:91390240_A_C	10:91429476_G_A
10:91390240_A_C	10:91433162_G_A
10:91390240_A_C	10:91434677_G_T
10:91390240_A_C	10:91436057_T_A
10:91390240_A_C	10:91437638_A_G
10:91390240_A_C	10:91438098_C_T
10:91390240_A_C	10:91441892_CTATT_C
10:91390240_A_C	10:91443283_C_T
10:91390240_A_C	10:91454731_C_A
10:91390240_A_C	10:91455205_C_A
10:91390240_A_C	10:91458587_T_C
10:91390240_A_C	10:91460084_T_TC
10:91390240_A_C	10:91463751_A_C
10:91390240_A_C	10:91471015_A_G
10:91390240_A_C	10:91476465_T_C
10:91390240_A_C	10:91481448_A_G
10:91390240_A_C	10:91482629_A_T
10:91390240_A_C	10:91482830_CTG_C
10:91390240_A_C	10:91494967_T_C
10:91390240_A_C	10:91501477_C_G
10:91390240_A_C	10:91505383_C_T
10:91390240_A_C	10:91513152_A_G
10:91390240_A_C	10:91517355_A_G
10:91390240_A_C	10:91521030_G_A
10:91390240_A_C	10:91522689_G_A
10:91390240_A_C	10:91523643_TTTTA_T
10:91390240_A_C	10:91524012_C_T
10:91390240_A_C	10:91535170_C_CT
10:91390240_A_C	10:91537579_G_A
10:91390240_A_C	10:91543551_G_A
10:91390240_A_C	10:91545427_CT_C
10:91390240_A_C	10:91553549_C_T
10:91390240_A_C	10:91575644_C_T
10:91390240_A_C	10:91575885_A_T
10:91390240_A_C	10:93352956_A_T
10:91390240_A_C	10:93399130_C_T
10:91390240_A_C	10:93399313_G_A
10:91390240_A_C	10:93405769_T_TAA
10:91390240_A_C	10:94480686_C_T
10:91390240_A_C	10:94483976_C_T
10:91390240_A_C	10:94484624_C_T
10:91390240_A_C	10:96744731_TC_T
10:91390240_A_C	10:97970838_T_G
5:161175816_C_A	5:151373425_C_T
5:161175816_C_A	5:154760622_GTTT_G
5:161175816_C_A	5:155581936_C_G
5:161175816_C_A	5:161089343_A_G
5:161175816_C_A	5:161092410_T_G
5:161175816_C_A	5:161137919_G_A
5:161175816_C_A	5:161168523_T_C
5:161175816_C_A	5:161434699_C_T
5:161175816_C_A	5:166126990_CTT_C
17:3488448_C_CT	17:1450974_A_C
17:3488448_C_CT	17:3474660_G_A
17:3488448_C_CT	17:3479449_G_A
17:3488448_C_CT	17:3485295_T_C
17:3488448_C_CT	17:3489244_G_A
17:3488448_C_CT	17:3490887_C_T
17:3488448_C_CT	17:3492057_G_A
17:3488448_C_CT	17:3494199_G_GC
17:3488448_C_CT	17:3635489_G_A
17:3488448_C_CT	17:5341065_A_G
17:3488448_C_CT	17:5341845_C_A
17:3488448_C_CT	17:5344824_G_GA
17:3488448_C_CT	17:5350884_T_C
17:3488448_C_CT	17:5350885_G_A
17:3488448_C_CT	17:5354640_G_A
17:3488448_C_CT	17:5359190_G_A
17:3488448_C_CT	17:5363486_T_C
17:3488448_C_CT	17:5367654_AAAC_A
17:3488448_C_CT	17:5370012_GA_G
17:3488448_C_CT	17:5372690_T_C
17:3488448_C_CT	17:12836867_G_T
17:3488448_C_CT	17:12836902_A_T
17:3488448_C_CT	17:12837565_T_A
17:3488448_C_CT	17:12841398_GA_G
12:19245923_ATTAATT_A	12:18108837_C_T
12:19245923_ATTAATT_A	12:19200289_A_G
12:19245923_ATTAATT_A	12:19224645_T_G
12:19245923_ATTAATT_A	12:19225135_T_G
12:19245923_ATTAATT_A	12:19225518_T_C
12:19245923_ATTAATT_A	12:19225737_T_C
12:19245923_ATTAATT_A	12:19226863_C_G
12:19245923_ATTAATT_A	12:19227895_G_A
12:19245923_ATTAATT_A	12:19228368_C_A
12:19245923_ATTAATT_A	12:19228453_G_A
12:19245923_ATTAATT_A	12:19229405_T_C
12:19245923_ATTAATT_A	12:19230647_C_T
12:19245923_ATTAATT_A	12:19230722_A_G
12:19245923_ATTAATT_A	12:19230727_C_T
12:19245923_ATTAATT_A	12:19240274_T_C
12:19245923_ATTAATT_A	12:19378614_A_G
12:19245923_ATTAATT_A	12:19500961_C_T
12:19245923_ATTAATT_A	12:20730315_G_A
12:19245923_ATTAATT_A	12:20732200_T_A
12:19245923_ATTAATT_A	12:20732276_C_G
12:19245923_ATTAATT_A	12:20735648_G_T
12:19245923_ATTAATT_A	12:25458334_A_G
12:3146236_A_G	12:3244311_C_T
12:3146236_A_G	12:3353356_C_T
12:3146236_A_G	12:3356286_C_T
12:3146236_A_G	12:3362206_ACT_A
12:3146236_A_G	12:3367086_G_A
12:3146236_A_G	12:3367760_C_G
12:3146236_A_G	12:3367761_A_T
12:3146236_A_G	12:3368139_G_T
12:3146236_A_G	12:3373823_G_C
12:3146236_A_G	12:3375780_G_A
12:3146236_A_G	12:3383712_TGTCA_T
12:3146236_A_G	12:3383989_C_A
12:3146236_A_G	12:3388454_G_T
12:3146236_A_G	12:3388713_G_A
12:3146236_A_G	12:3389687_G_A
12:3146236_A_G	12:3390197_C_T
12:3146236_A_G	12:3390580_C_T
12:3146236_A_G	12:3390803_G_A
12:3146236_A_G	12:3392663_C_T
12:3146236_A_G	12:3393100_C_T
12:3146236_A_G	12:3394588_C_CTTTG
12:3146236_A_G	12:3395345_G_A
12:3146236_A_G	12:4880566_G_A
5:77632641_CA_C	5:67890566_G_A
5:77632641_CA_C	5:67890882_A_G
5:77632641_CA_C	5:67891058_T_C
5:77632641_CA_C	5:67893867_G_T
5:77632641_CA_C	5:67893978_T_C
5:77632641_CA_C	5:67894621_T_C
5:77632641_CA_C	5:67895351_T_C
5:77632641_CA_C	5:67896843_C_T
5:77632641_CA_C	5:67897606_G_C
5:77632641_CA_C	5:67900577_T_C
5:77632641_CA_C	5:67900718_A_G
5:77632641_CA_C	5:67905070_G_A
5:77632641_CA_C	5:67905556_T_C
5:77632641_CA_C	5:67906205_A_T
5:77632641_CA_C	5:67913574_A_T
5:77632641_CA_C	5:67917681_C_T
5:77632641_CA_C	5:67919488_T_C
5:77632641_CA_C	5:67923530_C_T
5:77632641_CA_C	5:67928230_A_C
5:77632641_CA_C	5:67931816_T_C
5:77632641_CA_C	5:67933839_T_TC
5:77632641_CA_C	5:72026793_C_G
5:77632641_CA_C	5:72304197_G_A
5:77632641_CA_C	5:76832229_T_TA
5:77632641_CA_C	5:77624948_C_T
5:77632641_CA_C	5:77626757_T_C
5:77632641_CA_C	5:77631634_A_G
5:77632641_CA_C	5:77633074_G_A
5:77632641_CA_C	5:77640585_C_G
5:77632641_CA_C	5:77641008_T_C
5:77632641_CA_C	5:77643716_AT_A
5:77632641_CA_C	5:77644512_G_A
5:77632641_CA_C	5:77645784_T_C
5:77632641_CA_C	5:77649132_C_T
5:77632641_CA_C	5:77652374_CACA_C
5:77632641_CA_C	5:77652457_T_C
5:77632641_CA_C	5:77654679_G_A
5:77632641_CA_C	5:77656402_G_C
5:77632641_CA_C	5:77666836_GTTAT_G
5:77632641_CA_C	5:77668373_TA_T
5:77632641_CA_C	5:77680510_C_CT
5:77632641_CA_C	5:77789532_T_C
5:77632641_CA_C	5:77792707_T_C
5:77632641_CA_C	5:77794750_A_G
5:77632641_CA_C	5:77795220_C_T
5:77632641_CA_C	5:77795843_A_G
5:77632641_CA_C	5:77798432_C_T
5:77632641_CA_C	5:77798536_TA_T
5:77632641_CA_C	5:77799158_C_T
5:77632641_CA_C	5:77799193_C_T
5:77632641_CA_C	5:80359580_T_C
5:77632641_CA_C	5:80938476_T_A
5:77632641_CA_C	5:80939352_G_A
5:77632641_CA_C	5:80968557_A_AT
5:77632641_CA_C	5:80968596_T_C
5:77632641_CA_C	5:80969507_C_T
5:77632641_CA_C	5:80984280_T_A
5:77632641_CA_C	5:80987411_C_G
5:77632641_CA_C	5:81622217_A_T
5:77632641_CA_C	5:87375218_A_ATG
5:77632641_CA_C	5:87389027_G_A
5:77632641_CA_C	5:87389608_C_T
5:77632641_CA_C	5:87391655_G_A
5:77632641_CA_C	5:87393353_T_G
5:77632641_CA_C	5:87394292_C_G
2:24691539_T_C	2:20367135_C_T
2:24691539_T_C	2:20367973_G_C
2:24691539_T_C	2:20368519_G_T
2:24691539_T_C	2:20369701_T_A
2:24691539_T_C	2:20370169_AC_A
2:24691539_T_C	2:20370413_G_A
2:24691539_T_C	2:20370625_CTGGCTTTA_C
2:24691539_T_C	2:20370626_TGGCTTTATCATTG_T
2:24691539_T_C	2:20370635_CATTG_C
2:24691539_T_C	2:20370640_CA_C
2:24691539_T_C	2:20370641_A_C
2:24691539_T_C	2:20371167_C_T
2:24691539_T_C	2:20371301_T_G
2:24691539_T_C	2:20371380_G_A
2:24691539_T_C	2:20371613_T_C
2:24691539_T_C	2:20371772_G_A
2:24691539_T_C	2:20372270_A_C
2:24691539_T_C	2:20372409_G_A
2:24691539_T_C	2:20372547_G_C
2:24691539_T_C	2:20374158_G_A
2:24691539_T_C	2:20374286_G_A
2:24691539_T_C	2:20375490_TA_T
2:24691539_T_C	2:20390694_G_A
2:24691539_T_C	2:20393183_A_T
2:24691539_T_C	2:24689122_C_G
2:24691539_T_C	2:24692290_T_C
2:24691539_T_C	2:24693026_G_A
2:24691539_T_C	2:24695970_C_T
2:24691539_T_C	2:24696867_G_A
2:24691539_T_C	2:24698151_A_G
2:24691539_T_C	2:24698321_C_T
2:24691539_T_C	2:24700232_C_T
2:24691539_T_C	2:24700728_T_G
2:24691539_T_C	2:24702550_C_T
2:24691539_T_C	2:24702734_T_A
2:24691539_T_C	2:24706436_CTGTT_C
2:24691539_T_C	2:24708745_TG_T
7:43942734_A_G	7:43962860_T_C
7:43942734_A_G	7:44016725_G_A
7:43942734_A_G	7:44024244_A_G
7:43942734_A_G	7:44046563_T_C
7:43942734_A_G	7:44048877_T_TAA
7:43942734_A_G	7:44077470_C_T
7:43942734_A_G	7:48696458_G_A
7:43942734_A_G	7:48696943_G_A
7:43942734_A_G	7:49254942_C_A
13:30117574_TCC_T	13:20262785_C_T
13:30117574_TCC_T	13:20287228_C_A
13:30117574_TCC_T	13:20287758_G_A
13:30117574_TCC_T	13:20288753_GC_G
13:30117574_TCC_T	13:21494368_A_G
13:30117574_TCC_T	13:26614146_C_T
13:30117574_TCC_T	13:26618922_G_A
13:30117574_TCC_T	13:27374729_A_G
13:30117574_TCC_T	13:27375792_T_C
13:30117574_TCC_T	13:27376427_C_A
13:30117574_TCC_T	13:27380508_T_C
13:30117574_TCC_T	13:29739484_C_T
13:30117574_TCC_T	13:29740450_C_A
13:30117574_TCC_T	13:29741704_AT_A
13:30117574_TCC_T	13:29741866_C_T
13:30117574_TCC_T	13:29742350_G_C
13:30117574_TCC_T	13:29751531_T_A
13:30117574_TCC_T	13:29778509_T_G
13:30117574_TCC_T	13:29783462_T_C
13:30117574_TCC_T	13:29795890_C_G
13:30117574_TCC_T	13:29796220_A_C
13:30117574_TCC_T	13:29797141_G_A
13:30117574_TCC_T	13:29797229_T_C
13:30117574_TCC_T	13:29797644_T_A
13:30117574_TCC_T	13:29878889_G_A
13:30117574_TCC_T	13:29884423_A_G
13:30117574_TCC_T	13:29888866_A_C
13:30117574_TCC_T	13:30086976_T_TGCACTTCTCTCCAAGAACCTTCTGGGGGCACAGGGAGG
13:30117574_TCC_T	13:30097240_A_G
13:30117574_TCC_T	13:30098614_G_A
13:30117574_TCC_T	13:30099267_T_C
13:30117574_TCC_T	13:30100007_A_G
13:30117574_TCC_T	13:30100041_A_C
13:30117574_TCC_T	13:30100052_T_C
13:30117574_TCC_T	13:30100438_CA_C
13:30117574_TCC_T	13:30100948_C_T
13:30117574_TCC_T	13:30101432_C_T
13:30117574_TCC_T	13:30103061_C_T
13:30117574_TCC_T	13:30106037_A_T
13:30117574_TCC_T	13:30106899_A_C
13:30117574_TCC_T	13:30106934_C_T
13:30117574_TCC_T	13:30107157_C_T
13:30117574_TCC_T	13:30108062_C_G
13:30117574_TCC_T	13:30108088_C_T
13:30117574_TCC_T	13:30108274_C_T
13:30117574_TCC_T	13:30108604_T_G
13:30117574_TCC_T	13:30108807_A_G
13:30117574_TCC_T	13:30108901_A_C
13:30117574_TCC_T	13:30109536_T_C
13:30117574_TCC_T	13:30111841_T_C
13:30117574_TCC_T	13:30112680_G_A
13:30117574_TCC_T	13:30115634_G_A
13:30117574_TCC_T	13:30117664_C_A
13:30117574_TCC_T	13:30117740_T_C
13:30117574_TCC_T	13:30118002_G_A
13:30117574_TCC_T	13:30118017_T_C
13:30117574_TCC_T	13:30118193_C_T
13:30117574_TCC_T	13:30125811_C_T
13:30117574_TCC_T	13:30127372_A_G
13:30117574_TCC_T	13:30128277_T_C
13:30117574_TCC_T	13:30128480_T_G
13:30117574_TCC_T	13:30129311_T_C
13:30117574_TCC_T	13:30129776_G_A
13:30117574_TCC_T	13:30129816_G_A
13:30117574_TCC_T	13:30129828_GA_G
13:30117574_TCC_T	13:30130140_C_T
13:30117574_TCC_T	13:30131894_A_G
13:30117574_TCC_T	13:30134140_T_C
13:30117574_TCC_T	13:30134152_C_A
13:30117574_TCC_T	13:30135331_C_A
13:30117574_TCC_T	13:30135886_A_G
13:30117574_TCC_T	13:30137228_C_T
13:30117574_TCC_T	13:30139225_T_C
13:30117574_TCC_T	13:30139277_C_A
13:30117574_TCC_T	13:30140777_G_A
13:30117574_TCC_T	13:30140810_G_A
13:30117574_TCC_T	13:30140833_T_C
13:30117574_TCC_T	13:30141415_AG_A
13:30117574_TCC_T	13:30142773_G_T
13:30117574_TCC_T	13:30148754_C_T
13:30117574_TCC_T	13:30148882_C_T
13:30117574_TCC_T	13:30150205_CCTT_C
13:30117574_TCC_T	13:30151270_G_A
13:30117574_TCC_T	13:30151577_G_C
13:30117574_TCC_T	13:30152140_A_T
13:30117574_TCC_T	13:30153156_C_G
13:30117574_TCC_T	13:30527031_G_A
13:30117574_TCC_T	13:30941805_A_G
13:30117574_TCC_T	13:31960826_G_A
13:30117574_TCC_T	13:31961535_A_G
13:30117574_TCC_T	13:31961924_T_A
13:30117574_TCC_T	13:31962283_C_A
13:30117574_TCC_T	13:31963262_G_A
13:30117574_TCC_T	13:31967013_C_G
13:30117574_TCC_T	13:31967703_T_C
1:161478246_C_T	1:157007144_C_T
1:161478246_C_T	1:157023017_T_C
1:161478246_C_T	1:157032952_G_A
1:161478246_C_T	1:157049393_G_C
1:161478246_C_T	1:161624154_G_T
2:105295166_T_A	2:105671794_C_G
2:105295166_T_A	2:106215251_T_A
2:105295166_T_A	2:108758550_CA_C
2:105295166_T_A	2:108759526_GA_G
2:105295166_T_A	2:110317190_G_C
2:105295166_T_A	2:111846283_A_C
2:105295166_T_A	2:112637801_T_C
8:27917408_G_A	8:23745737_CAT_C
8:27917408_G_A	8:35021268_A_G
8:27917408_G_A	8:35024942_C_T
8:27917408_G_A	8:35030144_G_A
8:27917408_G_A	8:35036718_A_G
8:27917408_G_A	8:35078898_A_G
8:27917408_G_A	8:35091735_TAA_T
10:9086147_C_T	10:1999245_AT_A
10:9086147_C_T	10:3380919_C_G
10:9086147_C_T	10:3949807_A_AAGCAAGCTGCCGTGGTGT
10:9086147_C_T	10:4103706_C_T
10:9086147_C_T	10:5700915_C_G
10:9086147_C_T	10:6046643_C_T
10:9086147_C_T	10:8098185_A_G
10:9086147_C_T	10:9065094_G_C
10:9086147_C_T	10:9067197_A_C
10:9086147_C_T	10:9068652_G_C
10:9086147_C_T	10:9068950_G_C
10:9086147_C_T	10:9069103_G_GAGAA
10:9086147_C_T	10:9070486_C_T
10:9086147_C_T	10:9070959_A_G
10:9086147_C_T	10:9071014_T_G
10:9086147_C_T	10:9071314_C_T
10:9086147_C_T	10:9071414_G_C
10:9086147_C_T	10:9071478_T_C
10:9086147_C_T	10:9071785_G_T
10:9086147_C_T	10:9071909_A_T
10:9086147_C_T	10:9071968_G_A
10:9086147_C_T	10:9072317_G_T
10:9086147_C_T	10:9072897_A_C
10:9086147_C_T	10:9074127_C_T
10:9086147_C_T	10:9074903_C_T
10:9086147_C_T	10:9075034_A_C
10:9086147_C_T	10:9075889_A_G
10:9086147_C_T	10:9079502_A_G
10:9086147_C_T	10:9085303_T_C
10:9086147_C_T	10:9096326_G_A
10:9086147_C_T	10:9096363_T_A
10:9086147_C_T	10:9097154_C_CATATT
10:9086147_C_T	10:9097660_CT_C
10:9086147_C_T	10:9097980_C_T
10:9086147_C_T	10:9098568_A_G
10:9086147_C_T	10:9099640_A_G
10:9086147_C_T	10:9101026_G_T
10:9086147_C_T	10:9102528_G_A
10:9086147_C_T	10:10816846_ATT_A
10:9086147_C_T	10:11518893_CG_C
10:9086147_C_T	10:11524851_T_G
10:9086147_C_T	10:11564312_T_C
10:9086147_C_T	10:11599724_G_C
10:9086147_C_T	10:11663611_T_C
10:9086147_C_T	10:11723257_C_T
10:9086147_C_T	10:12320590_TA_T
10:9086147_C_T	10:15051633_C_T
10:9086147_C_T	10:16801336_CA_C
10:9086147_C_T	10:18579096_A_G
19:47034765_G_C	19:41910617_G_A
19:47034765_G_C	19:41913333_G_C
19:47034765_G_C	19:41939835_C_T
19:47034765_G_C	19:41940001_A_G
19:47034765_G_C	19:41940342_T_G
19:47034765_G_C	19:41942708_C_G
19:47034765_G_C	19:41942875_A_C
19:47034765_G_C	19:41943226_A_G
19:47034765_G_C	19:41944616_G_T
19:47034765_G_C	19:41944840_A_AT
19:47034765_G_C	19:41944842_A_T
19:47034765_G_C	19:41944985_T_A
19:47034765_G_C	19:41945122_CT_C
19:47034765_G_C	19:41945837_T_A
19:47034765_G_C	19:41945848_G_T
19:47034765_G_C	19:41945904_G_C
19:47034765_G_C	19:41946095_C_G
19:47034765_G_C	19:43664100_C_A
19:47034765_G_C	19:47008421_G_C
19:47034765_G_C	19:47034266_A_G
19:47034765_G_C	19:47034300_C_T
19:47034765_G_C	19:47035020_A_C
19:47034765_G_C	19:47035325_A_G
19:47034765_G_C	19:47035627_C_T
19:47034765_G_C	19:47666711_G_A
19:47034765_G_C	19:47667326_T_A
19:47034765_G_C	19:50514180_CAAAAACA_C
19:47034765_G_C	19:50514199_ACAAAAAC_A
19:47034765_G_C	19:56123120_G_T
4:120843676_C_T	4:111604727_C_T
4:120843676_C_T	4:120819373_T_G
4:120843676_C_T	4:120819483_T_C
4:120843676_C_T	4:120825963_T_C
4:120843676_C_T	4:120843677_A_G
4:120843676_C_T	4:120843895_G_A
4:120843676_C_T	4:120844190_CT_C
4:120843676_C_T	4:120844662_G_A
4:120843676_C_T	4:120845368_G_A
4:120843676_C_T	4:120845847_C_T
4:120843676_C_T	4:120846553_C_A
4:120843676_C_T	4:120847097_A_T
4:120843676_C_T	4:120847421_G_A
4:120843676_C_T	4:120849017_C_T
4:120843676_C_T	4:120849355_C_T
4:120843676_C_T	4:120849386_T_C
4:120843676_C_T	4:120850488_A_G
4:120843676_C_T	4:120850972_G_A
4:120843676_C_T	4:120851140_C_T
4:120843676_C_T	4:120851780_C_T
4:120843676_C_T	4:120853499_G_A
4:120843676_C_T	4:120854833_C_G
4:120843676_C_T	4:120855983_C_G
4:120843676_C_T	4:120858137_A_T
4:120843676_C_T	4:120861474_G_A
4:120843676_C_T	4:120863250_G_A
4:120843676_C_T	4:120864689_T_C
4:120843676_C_T	4:120864976_T_TCTAA
4:120843676_C_T	4:120865045_AACTGGTATCTTTCCATGAGTACAGCTGCTCCC_A
4:120843676_C_T	4:120865401_G_A
4:120843676_C_T	4:120865574_T_A
4:120843676_C_T	4:120866456_G_A
4:120843676_C_T	4:120867544_C_T
4:120843676_C_T	4:120869851_G_T
4:120843676_C_T	4:121202730_G_C
4:120843676_C_T	4:121330451_G_A
4:120843676_C_T	4:121385991_T_C
4:120843676_C_T	4:121435310_C_G
4:120843676_C_T	4:121440957_G_A
4:120843676_C_T	4:121449521_C_CA
4:120843676_C_T	4:121461523_T_A
4:120843676_C_T	4:121465187_T_C
4:120843676_C_T	4:121470002_G_T
4:120843676_C_T	4:121473974_A_G
4:120843676_C_T	4:122782403_T_C
3:52012613_A_G	3:42492451_C_T
3:52012613_A_G	3:42492513_C_A
3:52012613_A_G	3:43399121_C_T
3:52012613_A_G	3:50180613_A_G
3:52012613_A_G	3:50205315_A_G
3:52012613_A_G	3:50208630_G_A
3:52012613_A_G	3:50248427_G_A
3:52012613_A_G	3:51666672_G_A
3:52012613_A_G	3:51689306_A_G
3:52012613_A_G	3:51957799_C_T
3:52012613_A_G	3:51960778_C_T
3:52012613_A_G	3:52052120_G_A
3:52012613_A_G	3:52154267_TTA_T
3:52012613_A_G	3:53193548_G_T
3:52012613_A_G	3:53194319_T_C
3:52012613_A_G	3:53195108_C_A
3:52012613_A_G	3:53195185_C_T
3:52012613_A_G	3:53209949_G_A
3:52012613_A_G	3:53211942_A_G
3:52012613_A_G	3:53212179_C_T
3:52012613_A_G	3:53213538_C_G
3:52012613_A_G	3:53299540_TCTC_T
3:52012613_A_G	3:60624819_C_G
3:52012613_A_G	3:60625101_C_T
3:52012613_A_G	3:60625118_T_A
14:33279460_GT_G	14:31891426_T_G
14:33279460_GT_G	14:31925416_T_C
14:33279460_GT_G	14:31931803_C_T
14:33279460_GT_G	14:31944247_T_A
14:33279460_GT_G	14:33297398_C_G
14:33279460_GT_G	14:33298731_CA_C
14:33279460_GT_G	14:33302960_G_A
14:33279460_GT_G	14:33303059_A_T
14:33279460_GT_G	14:33303274_G_A
14:33279460_GT_G	14:33303298_A_G
14:33279460_GT_G	14:33303540_C_T
14:33279460_GT_G	14:33303589_T_G
14:33279460_GT_G	14:33303788_T_C
14:33279460_GT_G	14:33304091_G_A
14:33279460_GT_G	14:33304272_C_T
14:33279460_GT_G	14:33304472_GT_G
14:33279460_GT_G	14:33304534_A_G
14:33279460_GT_G	14:33304711_G_A
14:33279460_GT_G	14:33304966_TTTTC_T
14:33279460_GT_G	14:33305020_G_A
14:33279460_GT_G	14:33305209_C_G
14:33279460_GT_G	14:33305343_G_C
14:33279460_GT_G	14:33305457_GA_G
14:33279460_GT_G	14:33306043_G_A
14:33279460_GT_G	14:33306123_G_C
14:33279460_GT_G	14:33308401_C_A
14:33279460_GT_G	14:33308918_G_A
14:33279460_GT_G	14:33309030_T_G
14:33279460_GT_G	14:33309186_T_C
14:33279460_GT_G	14:33309187_A_T
14:33279460_GT_G	14:33309228_C_T
14:33279460_GT_G	14:33309274_G_A
14:33279460_GT_G	14:33309293_C_A
14:33279460_GT_G	14:33309357_T_A
14:33279460_GT_G	14:33325428_A_G
14:33279460_GT_G	14:33339401_T_C
14:33279460_GT_G	14:33340820_T_C
14:33279460_GT_G	14:33345632_G_A
14:33279460_GT_G	14:33346488_T_C
14:33279460_GT_G	14:33348366_C_G
14:33279460_GT_G	14:33350854_G_A
14:33279460_GT_G	14:33358344_C_A
14:33279460_GT_G	14:34114146_G_A
14:33279460_GT_G	14:35903548_G_A
14:33279460_GT_G	14:39518096_C_T
14:33279460_GT_G	14:39539997_A_G
14:33279460_GT_G	14:39541021_T_C
14:33279460_GT_G	14:39596295_T_C
14:33279460_GT_G	14:39655059_C_CTT
8:41646021_A_G	8:34139793_C_T
8:41646021_A_G	8:34144556_T_C
8:41646021_A_G	8:34152325_A_G
8:41646021_A_G	8:34905643_T_C
8:41646021_A_G	8:41638973_C_T
8:41646021_A_G	8:41639240_G_A
8:41646021_A_G	8:41640906_C_T
8:41646021_A_G	8:41641075_C_T
8:41646021_A_G	8:41641934_T_C
8:41646021_A_G	8:41646740_G_A
8:41646021_A_G	8:41649286_C_T
8:41646021_A_G	8:41656839_G_T
8:41646021_A_G	8:41661532_A_G
8:41646021_A_G	8:41661716_T_C
8:41646021_A_G	8:41661937_A_G
8:41646021_A_G	8:41662256_C_G
8:41646021_A_G	8:41662419_A_T
8:41646021_A_G	8:41668702_A_G
8:41646021_A_G	8:41669819_T_A
8:41646021_A_G	8:41671877_CA_C
8:41646021_A_G	8:41677685_C_CT
8:41646021_A_G	8:41677703_G_C
8:41646021_A_G	8:41678127_G_C
8:41646021_A_G	8:41679555_G_A
9:79892770_A_AT	9:72594236_A_G
9:79892770_A_AT	9:72599611_G_A
9:79892770_A_AT	9:75446434_A_G
9:79892770_A_AT	9:75580846_A_G
9:79892770_A_AT	9:75614597_G_A
9:79892770_A_AT	9:78800099_CTCTTA_C
9:79892770_A_AT	9:78801471_C_G
9:79892770_A_AT	9:78806360_T_TGAA
9:79892770_A_AT	9:78809458_A_ATAAC
9:79892770_A_AT	9:79778104_T_C
9:79892770_A_AT	9:79809009_T_C
9:79892770_A_AT	9:80116661_C_T
9:79892770_A_AT	9:81222228_C_A
9:79892770_A_AT	9:81334684_C_A
9:79892770_A_AT	9:81583488_T_C
9:79892770_A_AT	9:81588954_C_CCAT
9:79892770_A_AT	9:82934385_A_G
9:79892770_A_AT	9:82955463_T_C
9:79892770_A_AT	9:83260515_A_G
9:79892770_A_AT	9:83277883_T_C
9:79892770_A_AT	9:83280406_A_ATT
9:79892770_A_AT	9:83281665_G_A
9:79892770_A_AT	9:83281694_G_C
6:80085887_A_G	6:71038495_AT_A
6:80085887_A_G	6:72844706_C_T
6:80085887_A_G	6:72845455_C_T
6:80085887_A_G	6:72874042_T_C
6:80085887_A_G	6:72874066_A_C
6:80085887_A_G	6:72874741_C_T
6:80085887_A_G	6:72875226_G_C
6:80085887_A_G	6:72875936_C_T
6:80085887_A_G	6:72875985_A_T
6:80085887_A_G	6:72876954_C_G
6:80085887_A_G	6:72877338_G_A
6:80085887_A_G	6:72877376_T_C
6:80085887_A_G	6:72877859_G_A
6:80085887_A_G	6:72879256_AT_A
6:80085887_A_G	6:72879919_T_TC
6:80085887_A_G	6:72880349_T_C
6:80085887_A_G	6:72882183_G_T
6:80085887_A_G	6:72882414_G_A
6:80085887_A_G	6:72882558_C_T
6:80085887_A_G	6:72884053_A_G
6:80085887_A_G	6:72885364_A_G
6:80085887_A_G	6:72886438_C_CAG
6:80085887_A_G	6:72886438_C_CAGA
6:80085887_A_G	6:72887048_G_A
6:80085887_A_G	6:72889472_A_G
6:80085887_A_G	6:72889711_G_A
6:80085887_A_G	6:72891016_G_T
6:80085887_A_G	6:72891063_C_G
6:80085887_A_G	6:72891324_A_C
6:80085887_A_G	6:72891398_A_G
6:80085887_A_G	6:72892383_G_A
6:80085887_A_G	6:72893226_T_TA
6:80085887_A_G	6:78100586_GT_G
6:80085887_A_G	6:79270956_G_C
6:80085887_A_G	6:79303271_A_G
6:80085887_A_G	6:79431668_G_A
6:80085887_A_G	6:79512840_G_A
6:80085887_A_G	6:80069410_T_A
6:80085887_A_G	6:80074546_T_A
6:80085887_A_G	6:80086492_A_G
6:80085887_A_G	6:86088573_G_C
6:80085887_A_G	6:86988003_A_G
6:80085887_A_G	6:86989839_A_G
6:80085887_A_G	6:86991165_C_T
6:80085887_A_G	6:86997717_CTA_C
6:80085887_A_G	6:86999790_G_C
6:80085887_A_G	6:86999959_C_T
6:80085887_A_G	6:87007448_T_TA
6:80085887_A_G	6:87008105_C_T
6:80085887_A_G	6:87016517_A_G
6:80085887_A_G	6:87018371_C_T
6:80085887_A_G	6:87020565_T_G
6:80085887_A_G	6:87026626_T_TTTA
6:80085887_A_G	6:87030159_A_C
6:80085887_A_G	6:87031006_A_G
6:80085887_A_G	6:87031016_G_C
6:80085887_A_G	6:87032715_G_A
6:80085887_A_G	6:87032751_C_A
6:80085887_A_G	6:87033154_C_G
6:80085887_A_G	6:87039152_C_A
6:80085887_A_G	6:87039474_A_T
6:80085887_A_G	6:87039967_T_C
6:80085887_A_G	6:87040054_G_T
6:80085887_A_G	6:87041092_T_C
6:80085887_A_G	6:87042375_G_A
6:80085887_A_G	6:87042882_A_C
6:80085887_A_G	6:87043246_T_C
6:80085887_A_G	6:87043875_C_G
6:80085887_A_G	6:87048817_G_A
6:80085887_A_G	6:87052310_T_TG
6:80085887_A_G	6:87052315_A_G
6:80085887_A_G	6:87055328_A_T
6:80085887_A_G	6:87057524_G_A
6:80085887_A_G	6:87057720_A_G
6:80085887_A_G	6:87059045_A_T
11:22730766_AC_A	11:13340867_C_T
11:22730766_AC_A	11:15052483_AT_A
11:22730766_AC_A	11:19381374_C_T
11:22730766_AC_A	11:22716227_G_A
11:22730766_AC_A	11:22719003_G_A
11:22730766_AC_A	11:22719841_G_A
11:22730766_AC_A	11:22721656_G_T
11:22730766_AC_A	11:22732312_G_C
11:22730766_AC_A	11:22732684_A_T
11:22730766_AC_A	11:22735171_C_T
11:22730766_AC_A	11:22743237_C_G
11:22730766_AC_A	11:22752092_G_A
11:22730766_AC_A	11:22753836_G_A
11:22730766_AC_A	11:22754297_G_T
11:22730766_AC_A	11:22765079_A_G
11:22730766_AC_A	11:22765768_A_G
11:22730766_AC_A	11:22767636_G_A
11:22730766_AC_A	11:22774799_A_C
11:22730766_AC_A	11:24529710_G_A
1:54606222_C_T	1:54614352_T_A
1:54606222_C_T	1:54615566_C_T
1:54606222_C_T	1:54615599_A_C
1:54606222_C_T	1:54704462_C_CCAG
1:54606222_C_T	1:54705993_T_C
1:54606222_C_T	1:54706055_T_C
1:54606222_C_T	1:54706116_A_G
1:54606222_C_T	1:54706733_A_G
1:54606222_C_T	1:54707510_T_C
1:54606222_C_T	1:54708547_C_T
1:54606222_C_T	1:54710188_A_G
1:54606222_C_T	1:54710948_C_T
1:54606222_C_T	1:54710949_AGTCTCC_A
1:54606222_C_T	1:54714379_T_C
1:54606222_C_T	1:54715395_AC_A
1:54606222_C_T	1:54715735_A_C
1:54606222_C_T	1:54716214_TG_T
1:54606222_C_T	1:54717726_A_C
1:54606222_C_T	1:54718191_CGGGACAGGTGGCCACTAGGAGA_C
1:54606222_C_T	1:54721816_A_G
1:54606222_C_T	1:54721930_C_T
1:54606222_C_T	1:54724762_A_G
1:54606222_C_T	1:54726088_A_C
1:54606222_C_T	1:54726433_A_AGTGGGGAACG
1:54606222_C_T	1:54727371_A_C
1:54606222_C_T	1:54728211_A_G
1:54606222_C_T	1:54728398_G_T
1:54606222_C_T	1:54728720_C_T
1:54606222_C_T	1:54729435_T_C
1:54606222_C_T	1:54729511_G_A
1:54606222_C_T	1:54729803_G_A
1:54606222_C_T	1:54730036_G_A
1:54606222_C_T	1:54730651_T_C
1:54606222_C_T	1:54731155_C_G
1:54606222_C_T	1:54734191_G_C
1:54606222_C_T	1:54734738_G_A
1:54606222_C_T	1:54735546_G_A
1:54606222_C_T	1:54735974_C_T
1:54606222_C_T	1:54742471_T_C
1:54606222_C_T	1:54742618_A_G
1:54606222_C_T	1:54743111_C_T
1:54606222_C_T	1:54798622_T_C
1:54606222_C_T	1:54941934_T_C
1:54606222_C_T	1:54960226_G_C
1:54606222_C_T	1:58688305_C_G
1:54606222_C_T	1:58702778_C_A
1:54606222_C_T	1:58704464_A_G
1:54606222_C_T	1:59694536_AT_A
1:54606222_C_T	1:61035168_C_T
11:112048797_A_AT	11:104866461_A_T
11:112048797_A_AT	11:112037730_G_A
11:112048797_A_AT	11:112039495_G_C
11:112048797_A_AT	11:112039582_A_G
11:112048797_A_AT	11:112041597_T_C
11:112048797_A_AT	11:112043614_G_A
11:112048797_A_AT	11:112044170_C_CT
11:112048797_A_AT	11:112044226_C_T
11:112048797_A_AT	11:112045019_G_A
11:112048797_A_AT	11:112047061_G_A
11:112048797_A_AT	11:112053565_T_TAAAAA
11:112048797_A_AT	11:112056673_T_C
11:112048797_A_AT	11:112056743_G_A
11:112048797_A_AT	11:112056945_GT_G
11:112048797_A_AT	11:112057132_GC_G
11:112048797_A_AT	11:112057620_G_A
11:112048797_A_AT	11:112058931_C_G
11:112048797_A_AT	11:112059285_A_T
11:112048797_A_AT	11:112059751_C_G
11:112048797_A_AT	11:112060197_C_T
11:112048797_A_AT	11:112060269_C_G
11:112048797_A_AT	11:112067647_TC_T
11:112048797_A_AT	11:112069006_A_G
11:112048797_A_AT	11:112071924_G_A
11:112048797_A_AT	11:112071951_A_G
11:112048797_A_AT	11:112072301_T_C
11:112048797_A_AT	11:112072365_TA_T
11:112048797_A_AT	11:112073016_T_C
11:112048797_A_AT	11:112078415_G_T
11:112048797_A_AT	11:112082009_T_C
11:112048797_A_AT	11:112084979_C_T
11:112048797_A_AT	11:112091394_T_C
11:112048797_A_AT	11:112091811_A_AT
11:112048797_A_AT	11:112100615_C_T
11:112048797_A_AT	11:112106125_C_G
11:112048797_A_AT	11:112108776_T_G
11:112048797_A_AT	11:112121117_T_C
11:112048797_A_AT	11:112122006_TA_T
11:112048797_A_AT	11:112125335_A_G
11:112048797_A_AT	11:112130420_C_T
11:112048797_A_AT	11:112145555_A_G
11:112048797_A_AT	11:112147660_C_T
11:112048797_A_AT	11:112149079_G_A
11:112048797_A_AT	11:112155350_T_C
11:112048797_A_AT	11:112250191_AACAC_A
6:164230965_A_G	6:154458207_G_A
6:164230965_A_G	6:162489705_C_G
6:164230965_A_G	6:164330127_T_A
6:164230965_A_G	6:170807465_A_T
6:164230965_A_G	6:170808270_G_A
6:164230965_A_G	6:170810189_T_A
6:164230965_A_G	6:170810222_C_G
6:164230965_A_G	6:170811667_T_A
6:164230965_A_G	6:170811669_A_G
6:164230965_A_G	6:170811998_T_G
6:164230965_A_G	6:170813062_C_T
6:164230965_A_G	6:170814115_A_G
6:164230965_A_G	6:170814801_G_A
21:33537489_C_T	21:29208076_T_G
21:33537489_C_T	21:29225997_C_T
21:33537489_C_T	21:29226682_G_A
21:33537489_C_T	21:29237180_A_C
21:33537489_C_T	21:29238004_A_T
21:33537489_C_T	21:29242547_C_T
21:33537489_C_T	21:29248611_G_A
21:33537489_C_T	21:29248875_G_C
21:33537489_C_T	21:29249089_A_C
21:33537489_C_T	21:29252476_T_G
21:33537489_C_T	21:29254401_T_C
21:33537489_C_T	21:29256812_T_C
21:33537489_C_T	21:29256970_C_A
21:33537489_C_T	21:29257015_A_G
21:33537489_C_T	21:29257210_G_A
21:33537489_C_T	21:29258044_G_A
21:33537489_C_T	21:29258354_A_C
21:33537489_C_T	21:29258362_T_C
21:33537489_C_T	21:29259168_T_G
21:33537489_C_T	21:29261699_A_G
21:33537489_C_T	21:29261774_C_G
21:33537489_C_T	21:29262489_A_G
21:33537489_C_T	21:29262595_G_A
21:33537489_C_T	21:29262755_C_G
21:33537489_C_T	21:29263466_T_A
21:33537489_C_T	21:29263591_G_C
21:33537489_C_T	21:29263791_A_G
21:33537489_C_T	21:29264066_G_C
21:33537489_C_T	21:29264895_C_T
21:33537489_C_T	21:29265382_C_G
21:33537489_C_T	21:29266173_C_A
21:33537489_C_T	21:29266814_G_T
21:33537489_C_T	21:29269803_G_A
21:33537489_C_T	21:29270820_A_G
21:33537489_C_T	21:29275627_T_C
21:33537489_C_T	21:29282405_T_TTAG
21:33537489_C_T	21:29283118_A_G
21:33537489_C_T	21:29283340_G_T
21:33537489_C_T	21:29283721_G_A
21:33537489_C_T	21:29283966_T_TA
21:33537489_C_T	21:29283969_G_A
21:33537489_C_T	21:33218459_C_T
21:33537489_C_T	21:33530639_C_G
21:33537489_C_T	21:33530783_AT_A
21:33537489_C_T	21:33531156_C_CTTA
21:33537489_C_T	21:33531917_T_C
21:33537489_C_T	21:33532270_G_C
21:33537489_C_T	21:33533297_A_G
21:33537489_C_T	21:33534669_C_T
21:33537489_C_T	21:33535322_A_G
21:33537489_C_T	21:33536987_A_G
21:33537489_C_T	21:33537853_C_T
21:33537489_C_T	21:34405843_C_T
21:33537489_C_T	21:35338638_G_A
21:33537489_C_T	21:35347960_C_T
21:33537489_C_T	21:35364046_T_A
21:33537489_C_T	21:35366219_A_G
21:33537489_C_T	21:35367263_G_A
21:33537489_C_T	21:35369801_G_T
21:33537489_C_T	21:35374570_G_A
21:33537489_C_T	21:35375178_G_A
21:33537489_C_T	21:35375860_CTATCT_C
21:33537489_C_T	21:35384301_C_CG
21:33537489_C_T	21:36176077_G_A
21:33537489_C_T	21:39977076_A_G
21:33537489_C_T	21:43084701_G_A
14:99719219_A_G	14:92344249_T_G
14:99719219_A_G	14:93398178_G_A
14:99719219_A_G	14:96835254_T_C
14:99719219_A_G	14:99712032_G_A
14:99719219_A_G	14:99847183_C_G
14:99719219_A_G	14:99853367_A_T
14:99719219_A_G	14:102485101_C_T
X:87603388_G_GAG	X:86252759_TTTG_T
X:87603388_G_GAG	X:91005944_GGCCTCAC_G
X:87603388_G_GAG	X:91005953_TCAGACCCAC_T
X:87603388_G_GAG	X:91006079_C_T
X:87603388_G_GAG	X:91009114_C_G
X:87603388_G_GAG	X:91009283_A_C
X:87603388_G_GAG	X:91010476_A_C
X:87603388_G_GAG	X:91011564_C_A
X:87603388_G_GAG	X:91012877_A_G
X:87603388_G_GAG	X:91013768_G_A
X:87603388_G_GAG	X:91014072_A_G
X:87603388_G_GAG	X:91776013_A_G
X:87603388_G_GAG	X:91786062_A_G
X:87603388_G_GAG	X:91795664_G_A
X:87603388_G_GAG	X:95781836_C_A
15:33573176_G_A	15:27918504_G_A
15:33573176_G_A	15:33573868_AT_A
15:33573176_G_A	15:33579747_C_T
15:33573176_G_A	15:33588921_T_A
15:33573176_G_A	15:33594646_C_G
12:4326946_A_G	12:337395_A_G
12:4326946_A_G	12:6115191_CA_C
12:4326946_A_G	12:6116982_C_G
12:4326946_A_G	12:6392361_A_C
1:7580769_C_A	1:1581713_A_C
1:7580769_C_A	1:1584102_G_A
1:7580769_C_A	1:1605257_A_C
1:7580769_C_A	1:1606159_TGC_T
1:7580769_C_A	1:1606307_G_A
1:7580769_C_A	1:1893661_T_C
1:7580769_C_A	1:7553185_C_CACAA
1:7580769_C_A	1:7575666_T_C
1:7580769_C_A	1:7576979_A_G
1:7580769_C_A	1:7577401_G_A
1:7580769_C_A	1:7577619_CT_C
1:7580769_C_A	1:7577762_G_A
1:7580769_C_A	1:7578333_G_A
1:7580769_C_A	1:7579538_G_A
1:7580769_C_A	1:7580454_C_A
1:7580769_C_A	1:7584814_T_G
1:7580769_C_A	1:7586658_G_T
1:7580769_C_A	1:7590118_T_C
1:7580769_C_A	1:7591122_A_C
1:7580769_C_A	1:9294783_CCGCCCCCGCCGCGCG_C
1:7580769_C_A	1:9987736_CTTTTT_C
1:7580769_C_A	1:12683017_T_A
7:91054617_G_A	7:84091324_G_C
7:91054617_G_A	7:84500190_T_C
7:91054617_G_A	7:85074015_A_AT
7:91054617_G_A	7:86619540_T_A
7:91054617_G_A	7:87099526_A_T
7:91054617_G_A	7:88740758_CTTG_C
7:91054617_G_A	7:88741289_G_A
7:91054617_G_A	7:88741449_AAC_A
7:91054617_G_A	7:88747694_T_C
7:91054617_G_A	7:88747911_A_T
7:91054617_G_A	7:88748737_G_A
7:91054617_G_A	7:88749282_AT_A
7:91054617_G_A	7:88752601_T_A
7:91054617_G_A	7:88764418_G_A
7:91054617_G_A	7:88765644_G_A
7:91054617_G_A	7:88766495_T_C
7:91054617_G_A	7:88774440_C_A
7:91054617_G_A	7:91844423_A_G
7:91054617_G_A	7:91994037_A_G
7:91054617_G_A	7:92653334_G_A
7:91054617_G_A	7:97533633_G_C
7:91054617_G_A	7:98718848_CAAAA_C
7:91054617_G_A	7:98879348_T_C
7:91054617_G_A	7:98879812_AT_A
7:91054617_G_A	7:98888291_T_C
7:91054617_G_A	7:99368699_A_C
7:91054617_G_A	7:99439393_C_T
7:91054617_G_A	7:99449097_T_C
7:91054617_G_A	7:99450880_A_T
7:91054617_G_A	7:99451029_A_G
10:22879032_G_A	10:14975233_C_T
10:22879032_G_A	10:15061275_T_C
10:22879032_G_A	10:18401290_G_C
10:22879032_G_A	10:18538328_AT_A
10:22879032_G_A	10:18538613_C_T
10:22879032_G_A	10:18544923_G_A
10:22879032_G_A	10:21546649_C_T
10:22879032_G_A	10:21569519_A_G
10:22879032_G_A	10:21866390_GT_G
10:22879032_G_A	10:21889138_G_A
10:22879032_G_A	10:21916728_C_T
10:22879032_G_A	10:21978530_TTA_T
10:22879032_G_A	10:22032942_A_G
10:22879032_G_A	10:22036917_TC_T
10:22879032_G_A	10:22037809_A_G
10:22879032_G_A	10:22045097_T_G
10:22879032_G_A	10:22058137_G_C
10:22879032_G_A	10:22062729_T_G
10:22879032_G_A	10:22069866_G_A
10:22879032_G_A	10:22101955_TAC_T
10:22879032_G_A	10:22770593_C_T
10:22879032_G_A	10:22842590_T_C
10:22879032_G_A	10:22846735_T_C
10:22879032_G_A	10:22847198_C_G
10:22879032_G_A	10:22847439_C_T
10:22879032_G_A	10:22847787_C_T
10:22879032_G_A	10:22847893_A_G
10:22879032_G_A	10:22848311_T_C
10:22879032_G_A	10:22851161_AAAAC_A
10:22879032_G_A	10:22852948_C_A
10:22879032_G_A	10:22853102_T_C
10:22879032_G_A	10:22854363_C_A
10:22879032_G_A	10:22854947_G_A
10:22879032_G_A	10:22855103_T_C
10:22879032_G_A	10:22855237_A_C
10:22879032_G_A	10:22856019_G_C
10:22879032_G_A	10:22857245_G_A
10:22879032_G_A	10:22857337_TA_T
10:22879032_G_A	10:22860655_C_T
10:22879032_G_A	10:22860829_C_T
10:22879032_G_A	10:22862487_C_A
10:22879032_G_A	10:22863371_C_G
10:22879032_G_A	10:22864037_C_A
10:22879032_G_A	10:22864209_A_G
10:22879032_G_A	10:22867210_T_C
10:22879032_G_A	10:22870217_T_TTCTAGATGCCTGCGATGCAGCCA
10:22879032_G_A	10:22870533_C_A
10:22879032_G_A	10:22871123_G_C
10:22879032_G_A	10:22871928_T_A
10:22879032_G_A	10:22872759_C_G
10:22879032_G_A	10:22874898_GA_G
10:22879032_G_A	10:22876002_G_A
10:22879032_G_A	10:22876558_C_T
10:22879032_G_A	10:22877112_C_T
10:22879032_G_A	10:22877953_T_G
10:22879032_G_A	10:22879519_G_A
10:22879032_G_A	10:22879837_C_T
10:22879032_G_A	10:22882081_A_G
10:22879032_G_A	10:22882344_T_G
10:22879032_G_A	10:22882655_G_C
10:22879032_G_A	10:22883381_G_A
10:22879032_G_A	10:22883445_C_T
10:22879032_G_A	10:22884648_C_T
10:22879032_G_A	10:22885232_C_T
10:22879032_G_A	10:22886648_GA_G
10:22879032_G_A	10:22887162_C_T
10:22879032_G_A	10:22891627_G_A
10:22879032_G_A	10:22891840_C_G
10:22879032_G_A	10:22895740_C_T
10:22879032_G_A	10:22897852_CA_C
10:22879032_G_A	10:22898017_G_A
10:22879032_G_A	10:22901977_C_T
10:22879032_G_A	10:22908744_T_C
10:22879032_G_A	10:22909073_A_C
10:22879032_G_A	10:22934099_G_T
10:22879032_G_A	10:22934478_TA_T
10:22879032_G_A	10:22934940_T_C
10:22879032_G_A	10:22941051_A_AT
10:22879032_G_A	10:22942416_A_G
10:22879032_G_A	10:22948315_A_G
10:22879032_G_A	10:23752585_T_G
10:22879032_G_A	10:27655931_T_C
10:22879032_G_A	10:30129648_C_T
10:89729114_TAAG_T	10:82143382_T_C
10:89729114_TAAG_T	10:82729266_TA_T
10:89729114_TAAG_T	10:87274600_C_T
10:89729114_TAAG_T	10:87279908_A_T
10:89729114_TAAG_T	10:87281228_T_C
10:89729114_TAAG_T	10:87284208_T_A
10:89729114_TAAG_T	10:93399202_CT_C
10:89729114_TAAG_T	10:95092184_G_A
10:89729114_TAAG_T	10:97336873_A_T
6:9108534_A_C	6:5473685_G_A
6:9108534_A_C	6:5487002_C_A
6:9108534_A_C	6:9290118_C_T
6:9108534_A_C	6:9290126_G_A
6:9108534_A_C	6:9290275_C_T
6:9108534_A_C	6:9290527_T_G
6:9108534_A_C	6:16657006_C_T
6:9108534_A_C	6:17510854_C_T
7:84309621_T_C	7:77752282_C_T
7:84309621_T_C	7:79846520_G_C
7:84309621_T_C	7:84164072_T_A
7:84309621_T_C	7:84174365_A_C
7:84309621_T_C	7:84217784_G_C
7:84309621_T_C	7:84219202_G_A
7:84309621_T_C	7:84222551_C_A
7:84309621_T_C	7:84253690_C_T
7:84309621_T_C	7:84259167_TAAATA_T
7:84309621_T_C	7:84267724_C_T
7:84309621_T_C	7:84274329_C_T
7:84309621_T_C	7:84277134_T_C
7:84309621_T_C	7:84279393_A_G
7:84309621_T_C	7:84279652_T_G
7:84309621_T_C	7:84281836_T_A
7:84309621_T_C	7:84282464_G_A
7:84309621_T_C	7:84282556_GA_G
7:84309621_T_C	7:84283460_T_G
7:84309621_T_C	7:84289455_C_T
7:84309621_T_C	7:84289915_A_G
7:84309621_T_C	7:84290940_A_T
7:84309621_T_C	7:84291120_G_A
7:84309621_T_C	7:84295529_AAGGGGTCGCCTC_A
7:84309621_T_C	7:84296561_T_G
7:84309621_T_C	7:84301390_A_G
7:84309621_T_C	7:84311235_A_T
7:84309621_T_C	7:84315342_CATT_C
7:84309621_T_C	7:84570911_T_G
7:84309621_T_C	7:84596411_A_G
7:84309621_T_C	7:84630516_C_T
7:84309621_T_C	7:84646103_C_CT
7:84309621_T_C	7:84660263_G_GA
7:84309621_T_C	7:84700633_G_T
7:84309621_T_C	7:86774190_G_A
7:84309621_T_C	7:86821720_A_T
7:84309621_T_C	7:93335949_C_T
7:84309621_T_C	7:93339775_T_G
7:84309621_T_C	7:93678234_A_G
2:204222794_TTG_T	2:200721361_C_T
2:204222794_TTG_T	2:200723051_A_T
2:204222794_TTG_T	2:200749367_A_G
2:204222794_TTG_T	2:200751020_G_A
2:204222794_TTG_T	2:200779963_T_C
2:204222794_TTG_T	2:200790216_C_T
2:204222794_TTG_T	2:200823059_C_T
2:204222794_TTG_T	2:200823063_A_T
2:204222794_TTG_T	2:200955904_A_G
2:204222794_TTG_T	2:200957218_T_C
2:204222794_TTG_T	2:200970813_A_C
2:204222794_TTG_T	2:200996976_T_C
2:204222794_TTG_T	2:201000017_T_C
2:204222794_TTG_T	2:201000347_A_G
2:204222794_TTG_T	2:201013277_T_C
2:204222794_TTG_T	2:201021325_C_T
2:204222794_TTG_T	2:201522135_T_G
2:204222794_TTG_T	2:202989742_G_A
2:204222794_TTG_T	2:202994084_G_A
2:204222794_TTG_T	2:202994338_T_C
2:204222794_TTG_T	2:202994624_G_T
2:204222794_TTG_T	2:202995286_A_C
2:204222794_TTG_T	2:202997281_G_T
2:204222794_TTG_T	2:202997753_A_G
2:204222794_TTG_T	2:202999083_TGGACCCTACG_T
2:204222794_TTG_T	2:203000810_G_A
2:204222794_TTG_T	2:203001079_T_C
2:204222794_TTG_T	2:203001990_A_G
2:204222794_TTG_T	2:203004970_C_T
2:204222794_TTG_T	2:203005051_A_T
2:204222794_TTG_T	2:203007253_T_G
2:204222794_TTG_T	2:203013164_AAACT_A
2:204222794_TTG_T	2:203037846_G_A
2:204222794_TTG_T	2:203077536_TA_T
2:204222794_TTG_T	2:203105030_C_A
2:204222794_TTG_T	2:203107740_A_G
2:204222794_TTG_T	2:203107868_C_T
2:204222794_TTG_T	2:203110825_C_T
2:204222794_TTG_T	2:203111266_T_C
2:204222794_TTG_T	2:203114985_C_T
2:204222794_TTG_T	2:203115333_G_C
2:204222794_TTG_T	2:203117496_T_C
2:204222794_TTG_T	2:203119271_GCTTTT_G
2:204222794_TTG_T	2:203119508_C_G
2:204222794_TTG_T	2:203119868_T_G
2:204222794_TTG_T	2:203122778_G_C
2:204222794_TTG_T	2:203124004_A_G
2:204222794_TTG_T	2:203128958_A_G
2:204222794_TTG_T	2:203133412_A_G
2:204222794_TTG_T	2:203135806_C_CA
2:204222794_TTG_T	2:203137889_A_T
2:204222794_TTG_T	2:203138645_A_G
2:204222794_TTG_T	2:203139290_A_G
2:204222794_TTG_T	2:203139844_T_C
2:204222794_TTG_T	2:203140271_C_T
2:204222794_TTG_T	2:203140414_CAG_C
2:204222794_TTG_T	2:203146720_T_C
2:204222794_TTG_T	2:203146783_G_A
2:204222794_TTG_T	2:203148510_C_T
2:204222794_TTG_T	2:203150362_T_C
2:204222794_TTG_T	2:203152079_A_G
2:204222794_TTG_T	2:203152716_A_T
2:204222794_TTG_T	2:203152767_G_C
2:204222794_TTG_T	2:203153126_G_T
2:204222794_TTG_T	2:203154251_C_T
2:204222794_TTG_T	2:203154918_A_C
2:204222794_TTG_T	2:203154953_G_A
2:204222794_TTG_T	2:203155936_A_C
2:204222794_TTG_T	2:203156284_C_G
2:204222794_TTG_T	2:203156319_A_G
2:204222794_TTG_T	2:203156984_G_T
2:204222794_TTG_T	2:203158947_C_A
2:204222794_TTG_T	2:203161021_C_T
2:204222794_TTG_T	2:203163973_A_G
2:204222794_TTG_T	2:203164373_CAT_C
2:204222794_TTG_T	2:203166364_T_C
2:204222794_TTG_T	2:203168235_C_G
2:204222794_TTG_T	2:203172413_A_C
2:204222794_TTG_T	2:203174320_A_G
2:204222794_TTG_T	2:203174611_G_A
2:204222794_TTG_T	2:203174628_A_G
2:204222794_TTG_T	2:203175409_T_A
2:204222794_TTG_T	2:203179868_A_G
2:204222794_TTG_T	2:203180681_C_G
2:204222794_TTG_T	2:203180956_G_A
2:204222794_TTG_T	2:203181516_C_T
2:204222794_TTG_T	2:203182040_G_A
2:204222794_TTG_T	2:203182765_C_T
2:204222794_TTG_T	2:203182767_C_T
2:204222794_TTG_T	2:203183764_T_C
2:204222794_TTG_T	2:203184157_TG_T
2:204222794_TTG_T	2:203194062_G_A
2:204222794_TTG_T	2:203194270_G_T
2:204222794_TTG_T	2:203194721_A_T
2:204222794_TTG_T	2:203195171_G_A
2:204222794_TTG_T	2:203195835_C_T
2:204222794_TTG_T	2:203196447_T_C
2:204222794_TTG_T	2:203197601_G_A
2:204222794_TTG_T	2:203198454_AAGAAAGAG_A
2:204222794_TTG_T	2:203198618_T_C
2:204222794_TTG_T	2:203198918_C_A
2:204222794_TTG_T	2:203199188_G_A
2:204222794_TTG_T	2:203199219_C_T
2:204222794_TTG_T	2:203199670_C_T
2:204222794_TTG_T	2:203199824_A_G
2:204222794_TTG_T	2:203200960_G_A
2:204222794_TTG_T	2:203202166_A_G
2:204222794_TTG_T	2:203213061_T_C
2:204222794_TTG_T	2:203214739_A_G
2:204222794_TTG_T	2:203215132_G_A
2:204222794_TTG_T	2:203240295_C_CT
2:204222794_TTG_T	2:203351696_A_G
2:204222794_TTG_T	2:203360074_C_T
2:204222794_TTG_T	2:203421199_G_A
2:204222794_TTG_T	2:203639395_T_C
2:204222794_TTG_T	2:203639846_T_A
2:204222794_TTG_T	2:203744610_G_A
2:204222794_TTG_T	2:203832120_A_G
2:204222794_TTG_T	2:203833018_G_A
2:204222794_TTG_T	2:203904305_T_C
2:204222794_TTG_T	2:203904306_G_A
2:204222794_TTG_T	2:203933339_A_G
2:204222794_TTG_T	2:203937908_T_A
2:204222794_TTG_T	2:203939640_A_G
2:204222794_TTG_T	2:203943168_A_G
2:204222794_TTG_T	2:203952059_C_G
2:204222794_TTG_T	2:203967197_A_G
2:204222794_TTG_T	2:203990789_T_G
2:204222794_TTG_T	2:204015972_T_C
2:204222794_TTG_T	2:204017937_C_T
2:204222794_TTG_T	2:204019762_G_A
2:204222794_TTG_T	2:204027701_G_A
2:204222794_TTG_T	2:204031137_G_A
2:204222794_TTG_T	2:204036357_T_G
2:204222794_TTG_T	2:204040296_G_T
2:204222794_TTG_T	2:204050474_T_G
2:204222794_TTG_T	2:204054141_C_T
2:204222794_TTG_T	2:204056678_T_C
2:204222794_TTG_T	2:204062728_A_T
2:204222794_TTG_T	2:204064839_C_T
2:204222794_TTG_T	2:204070956_A_G
2:204222794_TTG_T	2:204081675_C_T
2:204222794_TTG_T	2:204121145_C_G
2:204222794_TTG_T	2:204127320_AAC_A
2:204222794_TTG_T	2:204151503_A_G
2:204222794_TTG_T	2:204154677_A_T
2:204222794_TTG_T	2:204158375_G_A
2:204222794_TTG_T	2:204196618_C_T
2:204222794_TTG_T	2:204286991_G_GC
2:204222794_TTG_T	2:205215873_A_G
4:184760077_G_T	4:181358136_G_A
4:184760077_G_T	4:182112764_G_A
4:184760077_G_T	4:182115416_C_T
4:184760077_G_T	4:184736352_A_G
4:184760077_G_T	4:184737035_G_A
4:184760077_G_T	4:186878307_A_G
4:184760077_G_T	4:186879216_G_T
4:184760077_G_T	4:186879763_A_G
7:2534791_C_A	7:2513002_T_C
7:2534791_C_A	7:2514439_G_A
7:2534791_C_A	7:2517729_G_C
7:2534791_C_A	7:2518478_A_G
7:2534791_C_A	7:2518558_T_C
7:2534791_C_A	7:2518934_A_G
7:2534791_C_A	7:2518985_C_G
7:2534791_C_A	7:2519014_C_T
7:2534791_C_A	7:2519096_A_G
7:2534791_C_A	7:2519633_G_C
7:2534791_C_A	7:2520924_A_T
7:2534791_C_A	7:2522164_G_A
7:2534791_C_A	7:2523599_C_T
7:2534791_C_A	7:2523851_A_G
7:2534791_C_A	7:2524151_G_T
7:2534791_C_A	7:2524521_T_TA
7:2534791_C_A	7:2524702_A_T
7:2534791_C_A	7:2525116_G_A
7:2534791_C_A	7:2526107_A_G
7:2534791_C_A	7:2530060_G_GACTT
7:2534791_C_A	7:2530357_A_G
7:2534791_C_A	7:2530839_A_G
7:2534791_C_A	7:2530941_T_C
7:2534791_C_A	7:2532173_C_G
7:2534791_C_A	7:2533602_A_G
7:2534791_C_A	7:2535479_T_C
7:2534791_C_A	7:2538521_G_A
7:2534791_C_A	7:2538603_G_A
7:2534791_C_A	7:2540077_G_A
7:2534791_C_A	7:2540103_C_T
7:2534791_C_A	7:2540378_C_G
7:2534791_C_A	7:2540965_T_C
7:2534791_C_A	7:2542478_C_T
7:2534791_C_A	7:2543306_A_AG
7:2534791_C_A	7:2543384_G_A
7:2534791_C_A	7:2543389_C_T
7:2534791_C_A	7:2543784_C_T
7:2534791_C_A	7:2544206_C_G
11:61431616_TA_T	11:57051591_G_C
11:61431616_TA_T	11:57082550_T_C
11:61431616_TA_T	11:57619332_T_C
11:61431616_TA_T	11:58011381_G_T
11:61431616_TA_T	11:60773403_C_CA
11:61431616_TA_T	11:60955332_G_A
11:61431616_TA_T	11:61391640_C_G
11:61431616_TA_T	11:61399325_C_CAA
11:61431616_TA_T	11:61410345_C_T
11:61431616_TA_T	11:61413328_C_T
11:61431616_TA_T	11:61413722_C_T
11:61431616_TA_T	11:61415655_C_G
11:61431616_TA_T	11:61416913_T_A
11:61431616_TA_T	11:61416970_A_G
11:61431616_TA_T	11:61418192_T_G
11:61431616_TA_T	11:61420988_C_CTCTCT
11:61431616_TA_T	11:61423339_G_A
11:61431616_TA_T	11:61424995_G_T
11:61431616_TA_T	11:61425280_AC_A
11:61431616_TA_T	11:61429968_GA_G
11:61431616_TA_T	11:61430987_G_A
11:61431616_TA_T	11:61434532_G_T
11:61431616_TA_T	11:61441836_A_G
11:61431616_TA_T	11:61447323_C_T
11:61431616_TA_T	11:61447356_T_A
11:61431616_TA_T	11:61450137_A_G
11:61431616_TA_T	11:61450295_G_A
11:61431616_TA_T	11:61451548_C_G
11:61431616_TA_T	11:61456426_G_A
11:61431616_TA_T	11:61456980_C_CT
11:61431616_TA_T	11:61457857_C_T
11:61431616_TA_T	11:61458595_G_A
11:61431616_TA_T	11:61462761_CTCTG_C
11:61431616_TA_T	11:61463769_C_T
11:61431616_TA_T	11:61469503_T_A
11:61431616_TA_T	11:61477647_A_C
11:61431616_TA_T	11:61480191_T_C
11:61431616_TA_T	11:61483324_G_C
11:61431616_TA_T	11:61513725_A_G
11:61431616_TA_T	11:61515767_T_C
11:61431616_TA_T	11:61519542_T_C
11:61431616_TA_T	11:61519986_C_G
11:61431616_TA_T	11:61520668_T_C
11:61431616_TA_T	11:70044381_GA_G
11:61431616_TA_T	11:70086616_T_A
7:20267193_G_A	7:22835629_A_C
7:20267193_G_A	7:22837626_C_T
7:20267193_G_A	7:22838250_T_C
7:20267193_G_A	7:22838302_T_C
7:20267193_G_A	7:22839545_T_C
7:20267193_G_A	7:22882291_C_T
19:5190031_CT_C	19:376650_G_C
19:5190031_CT_C	19:380013_C_T
19:5190031_CT_C	19:2851913_C_G
19:5190031_CT_C	19:2869369_AT_A
19:5190031_CT_C	19:5187838_T_C
19:5190031_CT_C	19:5188332_C_T
19:5190031_CT_C	19:5188880_G_T
19:5190031_CT_C	19:5188961_CCCCG_C
19:5190031_CT_C	19:6507136_G_T
19:5190031_CT_C	19:9551820_G_A
19:5190031_CT_C	19:9793258_C_T
17:46901939_C_CA	17:46878250_C_G
17:46901939_C_CA	17:46917953_C_G
17:46901939_C_CA	17:46922735_G_C
17:46901939_C_CA	17:46934327_AT_A
17:46901939_C_CA	17:46936154_C_T
17:46901939_C_CA	17:46937322_A_G
17:46901939_C_CA	17:46941419_G_T
17:46901939_C_CA	17:46948709_C_G
17:46901939_C_CA	17:46956830_C_G
17:46901939_C_CA	17:46957696_G_C
17:46901939_C_CA	17:46957987_A_G
17:46901939_C_CA	17:46959525_G_A
17:46901939_C_CA	17:46960760_G_A
17:46901939_C_CA	17:46966950_T_C
17:46901939_C_CA	17:46967037_T_A
17:46901939_C_CA	17:46967038_T_A
17:46901939_C_CA	17:46967061_C_T
17:46901939_C_CA	17:46967124_G_A
17:46901939_C_CA	17:46967505_CAAAAA_C
17:46901939_C_CA	17:46967788_T_C
17:46901939_C_CA	17:46967791_T_TAA
17:46901939_C_CA	17:46967797_C_A
17:46901939_C_CA	17:46968008_G_C
17:46901939_C_CA	17:46969369_G_A
17:46901939_C_CA	17:46969375_GCCA_G
17:46901939_C_CA	17:46969665_A_T
17:46901939_C_CA	17:46970083_G_GA
17:46901939_C_CA	17:46971140_G_A
17:46901939_C_CA	17:46972479_ATCTC_A
17:46901939_C_CA	17:46972865_C_T
17:46901939_C_CA	17:46974734_T_C
17:46901939_C_CA	17:46975150_AG_A
17:46901939_C_CA	17:46975370_G_A
17:46901939_C_CA	17:46976606_G_A
17:46901939_C_CA	17:46976756_C_G
17:46901939_C_CA	17:46976781_C_T
17:46901939_C_CA	17:46977125_G_A
17:46901939_C_CA	17:46977411_CA_C
17:46901939_C_CA	17:46977462_T_G
17:46901939_C_CA	17:46977916_A_G
17:46901939_C_CA	17:46978283_A_G
17:46901939_C_CA	17:46980318_C_T
17:46901939_C_CA	17:46982327_T_A
17:46901939_C_CA	17:46982749_G_C
17:46901939_C_CA	17:46983171_G_C
17:46901939_C_CA	17:46983391_G_A
17:46901939_C_CA	17:46984042_T_A
17:46901939_C_CA	17:46984425_C_T
17:46901939_C_CA	17:46984832_A_C
17:46901939_C_CA	17:46984859_A_T
17:46901939_C_CA	17:46985593_A_C
17:46901939_C_CA	17:46986679_A_G
17:46901939_C_CA	17:46988529_A_G
17:46901939_C_CA	17:46989354_A_G
17:46901939_C_CA	17:46990801_C_A
17:46901939_C_CA	17:46991531_T_C
17:46901939_C_CA	17:46991556_A_G
17:46901939_C_CA	17:46991752_G_A
17:46901939_C_CA	17:46993233_C_G
17:46901939_C_CA	17:46993370_G_A
17:46901939_C_CA	17:46993667_T_G
17:46901939_C_CA	17:46994396_C_T
17:46901939_C_CA	17:46994846_G_C
17:46901939_C_CA	17:46994970_G_A
17:46901939_C_CA	17:46995735_A_G
17:46901939_C_CA	17:46996583_T_A
17:46901939_C_CA	17:46997998_T_C
17:46901939_C_CA	17:46998118_T_C
17:46901939_C_CA	17:46998902_A_G
17:46901939_C_CA	17:46999373_C_G
17:46901939_C_CA	17:46999673_T_C
17:46901939_C_CA	17:46999937_C_T
17:46901939_C_CA	17:47000110_C_T
17:46901939_C_CA	17:47000660_A_G
17:46901939_C_CA	17:47001801_A_G
17:46901939_C_CA	17:47002389_G_A
17:46901939_C_CA	17:47002524_G_A
17:46901939_C_CA	17:47003221_G_T
17:46901939_C_CA	17:47005509_T_G
17:46901939_C_CA	17:47005588_C_T
17:46901939_C_CA	17:47006950_T_C
17:46901939_C_CA	17:47008757_A_T
17:46901939_C_CA	17:47009835_G_A
17:46901939_C_CA	17:47010034_G_T
17:46901939_C_CA	17:47011620_C_G
17:46901939_C_CA	17:47011897_C_T
17:46901939_C_CA	17:47013382_G_GTTTGT
17:46901939_C_CA	17:47013717_AT_A
17:46901939_C_CA	17:47014127_T_C
17:46901939_C_CA	17:47017176_T_C
17:46901939_C_CA	17:47017477_T_C
17:46901939_C_CA	17:47017879_G_A
17:46901939_C_CA	17:47019899_C_T
17:46901939_C_CA	17:47022270_C_T
17:46901939_C_CA	17:47022861_A_G
17:46901939_C_CA	17:49724353_C_CTCTT
5:11643369_A_G	5:2741504_G_GA
5:11643369_A_G	5:11962977_G_T
5:11643369_A_G	5:11965431_T_TGTGTGC
5:11643369_A_G	5:11978794_A_G
16:65619079_G_T	16:62535193_A_G
16:65619079_G_T	16:64488309_G_GACACACAC
16:65619079_G_T	16:65123099_G_C
16:65619079_G_T	16:65371954_C_T
16:65619079_G_T	16:65584080_T_C
16:65619079_G_T	16:65584635_T_C
16:65619079_G_T	16:65585316_C_T
16:65619079_G_T	16:65585640_G_C
16:65619079_G_T	16:65587039_G_A
16:65619079_G_T	16:65587935_C_G
16:65619079_G_T	16:65588656_A_G
16:65619079_G_T	16:65591018_G_T
16:65619079_G_T	16:65597042_C_G
16:65619079_G_T	16:65598498_G_T
16:65619079_G_T	16:65598834_C_A
16:65619079_G_T	16:65601584_A_T
16:65619079_G_T	16:65609187_G_A
16:65619079_G_T	16:65619719_G_A
16:65619079_G_T	16:65620264_T_A
16:65619079_G_T	16:65627313_C_T
16:65619079_G_T	16:65627520_C_T
16:65619079_G_T	16:65631939_T_TA
16:65619079_G_T	16:65633398_C_T
16:65619079_G_T	16:65633495_G_A
16:65619079_G_T	16:65633955_C_T
16:65619079_G_T	16:65635252_A_G
16:65619079_G_T	16:65635402_A_G
6:92216157_CT_C	6:82559127_G_A
6:92216157_CT_C	6:82564311_G_GA
6:92216157_CT_C	6:86049870_A_G
6:92216157_CT_C	6:86054042_G_A
6:92216157_CT_C	6:89473815_A_G
6:92216157_CT_C	6:92216558_G_A
6:92216157_CT_C	6:92241959_CAAAA_C
6:92216157_CT_C	6:92252440_T_TCACACACA
6:92216157_CT_C	6:92269558_T_A
6:92216157_CT_C	6:92269562_T_A
6:92216157_CT_C	6:92651953_C_T
6:92216157_CT_C	6:93694083_CA_C
6:92216157_CT_C	6:93731968_A_G
6:92216157_CT_C	6:93768583_A_G
6:92216157_CT_C	6:93801847_A_C
6:92216157_CT_C	6:93811199_G_T
6:92216157_CT_C	6:98692485_G_T
6:92216157_CT_C	6:98792816_T_C
2:81581990_G_GA	2:75072923_T_C
2:81581990_G_GA	2:76637336_G_A
2:81581990_G_GA	2:78665492_A_T
2:81581990_G_GA	2:78719981_C_T
2:81581990_G_GA	2:78766742_A_AAC
2:81581990_G_GA	2:78770400_G_GTT
2:81581990_G_GA	2:79786928_A_G
2:81581990_G_GA	2:79786938_A_G
2:81581990_G_GA	2:79787720_C_T
2:81581990_G_GA	2:79788588_G_T
2:81581990_G_GA	2:79788610_A_T
2:81581990_G_GA	2:79791476_CTG_C
2:81581990_G_GA	2:79792393_C_A
2:81581990_G_GA	2:79792604_G_C
2:81581990_G_GA	2:79800310_C_T
2:81581990_G_GA	2:79801654_C_T
2:81581990_G_GA	2:79808008_C_T
2:81581990_G_GA	2:79811027_T_A
2:81581990_G_GA	2:79812144_A_G
2:81581990_G_GA	2:79843993_C_T
2:81581990_G_GA	2:79865352_A_G
2:81581990_G_GA	2:81466779_G_A
2:81581990_G_GA	2:81469658_T_G
2:81581990_G_GA	2:81471682_C_T
2:81581990_G_GA	2:81498239_T_C
2:81581990_G_GA	2:81499013_T_C
2:81581990_G_GA	2:81499114_A_G
2:81581990_G_GA	2:81509122_T_C
2:81581990_G_GA	2:81514925_A_G
2:81581990_G_GA	2:81515712_C_A
2:81581990_G_GA	2:81531107_C_A
2:81581990_G_GA	2:81542819_A_G
2:81581990_G_GA	2:81545385_A_AC
2:81581990_G_GA	2:81546274_T_C
2:81581990_G_GA	2:81548479_A_G
2:81581990_G_GA	2:81553704_C_T
2:81581990_G_GA	2:81554927_C_T
2:81581990_G_GA	2:81560515_T_C
2:81581990_G_GA	2:81560614_T_A
2:81581990_G_GA	2:81565706_T_C
2:81581990_G_GA	2:81574235_C_T
2:81581990_G_GA	2:81574245_G_A
2:81581990_G_GA	2:81575856_G_A
2:81581990_G_GA	2:81589496_A_G
4:2170324_G_A	4:2170309_C_A
4:2170324_G_A	4:2177342_G_T
4:2170324_G_A	4:2178127_T_G
4:2170324_G_A	4:2179876_T_C
4:2170324_G_A	4:2189850_A_C
4:2170324_G_A	4:2189944_A_G
4:2170324_G_A	4:2190480_C_CT
4:2170324_G_A	4:2192203_A_ATT
4:2170324_G_A	4:2192446_T_C
4:2170324_G_A	4:2192650_G_A
4:2170324_G_A	4:2192934_G_A
4:2170324_G_A	4:2193277_C_T
4:2170324_G_A	4:2193391_A_T
4:2170324_G_A	4:2193412_G_T
4:2170324_G_A	4:2193416_G_A
4:2170324_G_A	4:2193709_G_A
4:2170324_G_A	4:2194374_C_T
4:2170324_G_A	4:2194698_C_T
4:2170324_G_A	4:2194901_A_C
4:2170324_G_A	4:2195089_T_C
4:2170324_G_A	4:2195128_A_G
4:2170324_G_A	4:2195151_C_T
4:2170324_G_A	4:2195180_C_T
4:2170324_G_A	4:2195665_G_A
4:2170324_G_A	4:2195750_G_A
4:2170324_G_A	4:2195768_G_A
4:2170324_G_A	4:2201510_T_TGC
4:2170324_G_A	4:2221089_A_G
4:2170324_G_A	4:2221814_T_C
4:2170324_G_A	4:2227361_C_A
4:2170324_G_A	4:2228183_C_G
4:2170324_G_A	4:2234651_A_G
4:2170324_G_A	4:2235164_A_AT
4:2170324_G_A	4:2255063_A_G
4:2170324_G_A	4:3281903_A_AT
X:9534333_A_G	X:3357471_G_A
X:9534333_A_G	X:6013134_A_G
X:9534333_A_G	X:6423742_C_T
X:9534333_A_G	X:6426017_G_A
X:9534333_A_G	X:6427238_A_T
X:9534333_A_G	X:6429619_TG_T
X:9534333_A_G	X:6436009_C_A
X:9534333_A_G	X:6444175_A_G
X:9534333_A_G	X:6475659_C_CA
X:9534333_A_G	X:6481136_C_A
X:9534333_A_G	X:6485453_C_T
X:9534333_A_G	X:7242399_C_T
X:9534333_A_G	X:9289973_C_T
X:9534333_A_G	X:9306598_C_T
X:9534333_A_G	X:9524250_C_A
X:9534333_A_G	X:9526488_T_C
X:9534333_A_G	X:9526581_A_T
X:9534333_A_G	X:9528535_C_G
X:9534333_A_G	X:9533311_C_CAAAAAAAA
X:9534333_A_G	X:9534854_G_A
X:9534333_A_G	X:9538424_C_T
X:9534333_A_G	X:9539553_A_T
X:9534333_A_G	X:9543889_A_G
1:150106142_C_CTTTGT	1:149907259_G_A
1:150106142_C_CTTTGT	1:150011092_T_C
1:150106142_C_CTTTGT	1:150053389_T_C
1:150106142_C_CTTTGT	1:150135092_C_T
1:150106142_C_CTTTGT	1:150135473_T_G
1:150106142_C_CTTTGT	1:150248767_A_T
1:150106142_C_CTTTGT	1:150265508_GTGTC_G
1:150106142_C_CTTTGT	1:150325683_A_G
1:150106142_C_CTTTGT	1:150340182_A_G
1:150106142_C_CTTTGT	1:150353670_G_A
1:150106142_C_CTTTGT	1:150382759_T_C
1:150106142_C_CTTTGT	1:150457517_T_G
1:150106142_C_CTTTGT	1:150476186_C_T
1:150106142_C_CTTTGT	1:150594155_T_A
1:150106142_C_CTTTGT	1:150663399_A_T
1:150106142_C_CTTTGT	1:151539293_T_C
1:150106142_C_CTTTGT	1:151565655_A_C
1:150106142_C_CTTTGT	1:151569078_C_T
1:150106142_C_CTTTGT	1:151569400_T_G
1:150106142_C_CTTTGT	1:151571047_T_C
1:150106142_C_CTTTGT	1:151571713_C_G
1:150106142_C_CTTTGT	1:151581612_T_C
1:150106142_C_CTTTGT	1:151769750_T_C
1:150106142_C_CTTTGT	1:151770138_T_C
18:75089307_C_T	18:65248907_C_T
18:75089307_C_T	18:65866761_T_C
18:75089307_C_T	18:65866775_T_G
18:75089307_C_T	18:65870458_T_C
18:75089307_C_T	18:65871808_GCTTGGA_G
18:75089307_C_T	18:65872295_T_C
18:75089307_C_T	18:65872692_G_A
18:75089307_C_T	18:65873180_G_A
18:75089307_C_T	18:65873730_G_C
18:75089307_C_T	18:65875077_T_C
18:75089307_C_T	18:65875617_A_G
18:75089307_C_T	18:65876793_C_G
18:75089307_C_T	18:65877179_G_C
18:75089307_C_T	18:65877602_TATA_T
18:75089307_C_T	18:65878008_A_T
18:75089307_C_T	18:65881239_G_GA
18:75089307_C_T	18:65883299_T_C
18:75089307_C_T	18:65885818_A_T
18:75089307_C_T	18:65891843_G_A
18:75089307_C_T	18:65892444_C_T
18:75089307_C_T	18:65893461_G_A
18:75089307_C_T	18:65895738_A_T
18:75089307_C_T	18:65896042_C_T
18:75089307_C_T	18:65896202_C_T
18:75089307_C_T	18:69968916_C_G
18:75089307_C_T	18:69969029_T_C
18:75089307_C_T	18:74445142_C_T
18:75089307_C_T	18:74445205_C_T
18:75089307_C_T	18:75090115_G_A
18:75089307_C_T	18:75093604_G_C
18:75089307_C_T	18:75094540_T_G
18:75089307_C_T	18:75104268_C_T
18:75089307_C_T	18:75105718_G_A
18:75089307_C_T	18:75108864_A_G
6:74030036_G_A	6:68509382_G_A
6:74030036_G_A	6:68520312_A_T
6:74030036_G_A	6:68526888_G_T
6:74030036_G_A	6:68529838_T_A
6:74030036_G_A	6:68545302_A_G
6:74030036_G_A	6:68546995_T_A
6:74030036_G_A	6:69987113_C_T
6:74030036_G_A	6:69990437_A_G
6:74030036_G_A	6:70003609_G_A
6:74030036_G_A	6:70006485_G_C
6:74030036_G_A	6:70011225_CA_C
6:74030036_G_A	6:71798204_CT_C
6:74030036_G_A	6:72827471_G_A
6:74030036_G_A	6:72832311_G_A
6:74030036_G_A	6:72832488_T_C
6:74030036_G_A	6:72839447_G_C
6:74030036_G_A	6:72839505_A_G
6:74030036_G_A	6:72842441_C_A
6:74030036_G_A	6:72843629_G_T
6:74030036_G_A	6:72854905_A_G
6:74030036_G_A	6:72855920_T_C
6:74030036_G_A	6:72856733_A_G
6:74030036_G_A	6:72859809_G_A
6:74030036_G_A	6:72875873_G_T
6:74030036_G_A	6:72882972_T_G
6:74030036_G_A	6:72890843_C_G
6:74030036_G_A	6:73256692_C_T
6:74030036_G_A	6:74028212_G_A
6:74030036_G_A	6:74029324_T_C
6:74030036_G_A	6:74031817_G_A
6:74030036_G_A	6:74034544_C_T
6:74030036_G_A	6:74041165_T_C
6:74030036_G_A	6:74042126_A_AAC
6:74030036_G_A	6:74045696_G_C
13:110454006_C_T	13:108724510_T_C
13:110454006_C_T	13:110358539_G_C
13:110454006_C_T	13:110358789_C_T
13:110454006_C_T	13:110362680_A_T
13:110454006_C_T	13:110368308_A_G
13:110454006_C_T	13:110434310_G_A
13:110454006_C_T	13:110441930_ATCTT_A
13:110454006_C_T	13:110446342_A_G
13:110454006_C_T	13:110446692_G_A
13:110454006_C_T	13:110446836_G_A
13:110454006_C_T	13:110447894_CAG_C
13:110454006_C_T	13:110448501_C_T
13:110454006_C_T	13:110453588_T_C
13:110454006_C_T	13:110453986_GT_G
13:110454006_C_T	13:110455433_G_T
13:110454006_C_T	13:110455907_A_AT
13:110454006_C_T	13:110457678_G_T
9:4162630_T_C	9:570800_C_G
9:4162630_T_C	9:3053953_G_T
9:4162630_T_C	9:3054736_G_A
9:4162630_T_C	9:3055965_T_TCAA
9:4162630_T_C	9:4156365_G_A
9:4162630_T_C	9:4186202_C_T
9:4162630_T_C	9:4189103_A_C
9:4162630_T_C	9:4190175_T_C
9:4162630_T_C	9:4190659_T_G
9:4162630_T_C	9:8608506_C_T
5:42038397_A_C	5:41991148_G_A
5:42038397_A_C	5:41999582_CAT_C
5:42038397_A_C	5:42008304_A_T
5:42038397_A_C	5:42030003_A_T
5:42038397_A_C	5:42034879_T_C
5:42038397_A_C	5:42266314_G_A
5:42038397_A_C	5:42278004_A_C
5:42038397_A_C	5:42291759_G_A
5:42038397_A_C	5:42359606_T_TG
5:42038397_A_C	5:42381809_T_C
5:42038397_A_C	5:42648878_A_G
5:42038397_A_C	5:42796874_CTT_C
5:42038397_A_C	5:42815147_A_C
5:42038397_A_C	5:42815298_TA_T
5:42038397_A_C	5:42819008_T_C
5:42038397_A_C	5:42827942_A_G
5:42038397_A_C	5:42829832_G_A
5:42038397_A_C	5:42830464_G_A
5:42038397_A_C	5:42832015_C_G
5:42038397_A_C	5:42837147_C_T
5:42038397_A_C	5:42837999_G_C
5:42038397_A_C	5:42839189_G_A
5:42038397_A_C	5:42840283_A_C
5:42038397_A_C	5:42842727_C_T
5:42038397_A_C	5:42846192_CA_C
5:42038397_A_C	5:42851063_G_T
5:42038397_A_C	5:42851665_C_T
5:42038397_A_C	5:42851713_T_C
5:42038397_A_C	5:42851825_A_AAAAAC
5:42038397_A_C	5:43518208_A_G
5:42038397_A_C	5:43593363_G_A
5:42038397_A_C	5:43822255_C_A
17:12762029_G_A	17:4823699_G_T
17:12762029_G_A	17:4828530_A_C
17:12762029_G_A	17:4829560_C_A
17:12762029_G_A	17:4833478_G_A
17:12762029_G_A	17:4835217_T_C
17:12762029_G_A	17:17238977_T_C
17:12762029_G_A	17:17253128_C_A
4:86701617_G_A	4:86707138_CT_C
4:167407097_G_A	4:167350506_A_T
4:167407097_G_A	4:167371097_G_A
4:167407097_G_A	4:167371200_C_T
4:167407097_G_A	4:167374562_ATAC_A
4:167407097_G_A	4:167375077_C_T
4:167407097_G_A	4:167375091_C_G
4:167407097_G_A	4:167376444_C_T
4:167407097_G_A	4:167377133_G_A
4:167407097_G_A	4:167377461_T_A
4:167407097_G_A	4:167390955_G_T
4:167407097_G_A	4:167396083_T_C
4:167407097_G_A	4:167397131_T_C
4:167407097_G_A	4:167522333_C_A
4:167407097_G_A	4:168170541_G_T
4:167407097_G_A	4:170299408_G_A
4:167407097_G_A	4:175771661_T_TA
4:167407097_G_A	4:175773795_A_G
4:167407097_G_A	4:175775353_T_A
4:167407097_G_A	4:175780822_G_C
4:167407097_G_A	4:175780823_G_A
4:167407097_G_A	4:175781055_G_A
4:167407097_G_A	4:175785818_G_A
4:167407097_G_A	4:175790746_G_C
4:167407097_G_A	4:175791503_G_T
4:167407097_G_A	4:175792412_A_G
4:167407097_G_A	4:175797632_C_T
4:167407097_G_A	4:175804454_A_T
4:167407097_G_A	4:175805605_T_C
4:167407097_G_A	4:175808483_G_T
4:167407097_G_A	4:175811322_A_T
4:167407097_G_A	4:175811559_GTACAACA_G
4:167407097_G_A	4:175811560_TACAACAA_T
4:167407097_G_A	4:175811569_G_A
4:167407097_G_A	4:176842397_A_T
22:49043518_TGCCATGGGCCTAGCCAGCAGCA_T	22:40745379_CT_C
22:49043518_TGCCATGGGCCTAGCCAGCAGCA_T	22:49029351_C_T
22:49043518_TGCCATGGGCCTAGCCAGCAGCA_T	22:49037643_A_G
22:49043518_TGCCATGGGCCTAGCCAGCAGCA_T	22:49038803_A_G
22:49043518_TGCCATGGGCCTAGCCAGCAGCA_T	22:49041373_A_G
22:49043518_TGCCATGGGCCTAGCCAGCAGCA_T	22:49041419_G_C
22:49043518_TGCCATGGGCCTAGCCAGCAGCA_T	22:49043608_T_C
22:49043518_TGCCATGGGCCTAGCCAGCAGCA_T	22:49099125_C_A
22:49043518_TGCCATGGGCCTAGCCAGCAGCA_T	22:49537511_T_C
22:49043518_TGCCATGGGCCTAGCCAGCAGCA_T	22:49541533_C_T
22:49043518_TGCCATGGGCCTAGCCAGCAGCA_T	22:49542146_C_A
22:49043518_TGCCATGGGCCTAGCCAGCAGCA_T	22:49543442_G_C
22:49043518_TGCCATGGGCCTAGCCAGCAGCA_T	22:49543769_G_A
22:49043518_TGCCATGGGCCTAGCCAGCAGCA_T	22:49543954_T_G
22:49043518_TGCCATGGGCCTAGCCAGCAGCA_T	22:49545005_A_G
22:49043518_TGCCATGGGCCTAGCCAGCAGCA_T	22:49545804_G_A
22:49043518_TGCCATGGGCCTAGCCAGCAGCA_T	22:49545832_G_A
22:49043518_TGCCATGGGCCTAGCCAGCAGCA_T	22:49546122_G_A
22:49043518_TGCCATGGGCCTAGCCAGCAGCA_T	22:49546453_C_T
22:49043518_TGCCATGGGCCTAGCCAGCAGCA_T	22:49546664_C_T
22:49043518_TGCCATGGGCCTAGCCAGCAGCA_T	22:49549268_A_G
22:49043518_TGCCATGGGCCTAGCCAGCAGCA_T	22:49549599_A_C
22:49043518_TGCCATGGGCCTAGCCAGCAGCA_T	22:49550176_C_G
22:49043518_TGCCATGGGCCTAGCCAGCAGCA_T	22:49550571_C_A
10:6839978_A_C	10:2122086_C_T
10:6839978_A_C	10:3152557_ATTTTTTTTT_A
10:6839978_A_C	10:3791884_A_G
10:6839978_A_C	10:3875906_C_CA
10:6839978_A_C	10:3884806_G_A
10:6839978_A_C	10:3892083_A_G
10:6839978_A_C	10:3892471_T_G
10:6839978_A_C	10:3894116_C_CT
10:6839978_A_C	10:3895333_G_A
10:6839978_A_C	10:3896066_C_T
10:6839978_A_C	10:6839979_G_A
10:6839978_A_C	10:6848381_T_C
10:6839978_A_C	10:10809816_G_A
10:6839978_A_C	10:10809826_G_A
10:6839978_A_C	10:10809848_A_G
10:6839978_A_C	10:10811867_C_T
10:6839978_A_C	10:10812101_C_T
10:6839978_A_C	10:10814810_C_CT
10:6839978_A_C	10:10818374_C_T
10:6839978_A_C	10:10819722_C_T
10:6839978_A_C	10:10820288_A_G
10:6839978_A_C	10:11519325_G_A
10:6839978_A_C	10:11520799_G_T
10:6839978_A_C	10:11520847_C_G
10:6839978_A_C	10:11525523_A_G
10:6839978_A_C	10:11532758_C_A
10:6839978_A_C	10:11534869_C_T
10:6839978_A_C	10:11541426_C_A
10:6839978_A_C	10:11551919_G_T
10:6839978_A_C	10:11552026_CTTCT_C
10:6839978_A_C	10:11586142_A_C
10:6839978_A_C	10:11589808_A_G
10:6839978_A_C	10:11606295_T_C
10:6839978_A_C	10:11628897_C_T
10:6839978_A_C	10:11658594_G_A
10:6839978_A_C	10:11668354_A_G
10:6839978_A_C	10:11669216_G_A
10:6839978_A_C	10:11671268_T_G
10:6839978_A_C	10:11673507_C_G
10:6839978_A_C	10:11688905_A_G
10:6839978_A_C	10:12596789_T_C
10:6839978_A_C	10:12835045_A_G
10:6839978_A_C	10:13431703_A_G
10:6839978_A_C	10:13432745_C_G
10:6839978_A_C	10:13434037_A_G
10:6839978_A_C	10:15042160_G_C
13:49867262_C_A	13:49540404_G_A
13:49867262_C_A	13:49825981_ACT_A
13:49867262_C_A	13:49830267_TA_T
13:49867262_C_A	13:49830280_A_G
13:49867262_C_A	13:49834810_C_T
13:49867262_C_A	13:49838856_TA_T
13:49867262_C_A	13:49840290_G_C
13:49867262_C_A	13:49840891_C_A
13:49867262_C_A	13:49840896_A_T
13:49867262_C_A	13:49843672_G_A
13:49867262_C_A	13:49901327_T_C
13:49867262_C_A	13:49903334_C_G
13:49867262_C_A	13:49970938_G_A
13:49867262_C_A	13:49971400_C_T
13:49867262_C_A	13:49974470_T_C
13:49867262_C_A	13:49974650_C_T
13:49867262_C_A	13:49975699_C_CCT
13:49867262_C_A	13:49979661_A_G
13:49867262_C_A	13:49981064_G_T
13:49867262_C_A	13:49981280_T_TG
13:49867262_C_A	13:49982096_C_T
13:49867262_C_A	13:49983055_C_A
13:49867262_C_A	13:49985272_T_C
13:49867262_C_A	13:49986118_A_G
13:49867262_C_A	13:49986602_A_G
13:49867262_C_A	13:50074862_ACAG_A
13:49867262_C_A	13:55155433_C_T
13:49867262_C_A	13:55156791_A_C
13:49867262_C_A	13:55158519_A_G
13:49867262_C_A	13:55160401_A_G
13:49867262_C_A	13:55160480_T_C
13:49867262_C_A	13:55165283_TTAATA_T
13:49867262_C_A	13:55166735_G_A
13:49867262_C_A	13:55167021_A_G
13:49867262_C_A	13:55167187_G_C
13:49867262_C_A	13:55168372_G_A
13:49867262_C_A	13:55172490_C_T
13:49867262_C_A	13:55173063_T_C
13:49867262_C_A	13:55174753_A_T
13:49867262_C_A	13:55181191_G_A
13:49867262_C_A	13:55183087_A_G
13:49867262_C_A	13:55183114_C_A
13:49867262_C_A	13:55186678_C_T
13:49867262_C_A	13:55187622_T_C
13:49867262_C_A	13:55191087_G_A
13:49867262_C_A	13:55191799_T_A
13:49867262_C_A	13:55191803_A_G
13:49867262_C_A	13:55193312_G_A
13:49867262_C_A	13:55193904_G_A
13:49867262_C_A	13:55195984_C_A
13:49867262_C_A	13:55196653_A_G
13:49867262_C_A	13:55197539_T_C
13:49867262_C_A	13:55198332_T_C
13:49867262_C_A	13:55199112_G_T
13:49867262_C_A	13:55199575_C_G
13:49867262_C_A	13:55200224_G_T
13:49867262_C_A	13:55200326_G_A
13:49867262_C_A	13:55202460_A_G
13:49867262_C_A	13:55204351_C_T
13:49867262_C_A	13:55205572_AAC_A
13:49867262_C_A	13:55212147_A_G
13:49867262_C_A	13:55212421_C_T
10:126197159_CTT_C	10:125670037_C_G
10:126197159_CTT_C	10:125670040_G_A
10:126197159_CTT_C	10:125674065_A_G
10:126197159_CTT_C	10:125675072_A_AT
10:126197159_CTT_C	10:125676372_C_T
10:126197159_CTT_C	10:126194479_A_G
10:126197159_CTT_C	10:126200427_G_A
10:126197159_CTT_C	10:126200579_CA_C
10:126197159_CTT_C	10:126200957_A_G
10:126197159_CTT_C	10:126201047_A_G
10:126197159_CTT_C	10:126201135_G_A
10:126197159_CTT_C	10:126202114_A_C
10:126197159_CTT_C	10:126204194_G_A
10:126197159_CTT_C	10:126204560_G_C
10:126197159_CTT_C	10:126204561_G_C
10:126197159_CTT_C	10:126204562_A_T
10:126197159_CTT_C	10:126204563_C_G
10:126197159_CTT_C	10:126205537_T_C
10:126197159_CTT_C	10:126207206_T_C
10:126197159_CTT_C	10:126207728_G_A
10:126197159_CTT_C	10:126208460_G_A
10:126197159_CTT_C	10:126208562_C_T
10:126197159_CTT_C	10:126209006_T_C
10:126197159_CTT_C	10:126210540_TCTC_T
10:126197159_CTT_C	10:126210850_T_C
10:126197159_CTT_C	10:126211692_C_A
10:126197159_CTT_C	10:126212220_A_G
10:126197159_CTT_C	10:126212235_G_T
10:126197159_CTT_C	10:126222666_C_A
10:126197159_CTT_C	10:126229048_C_A
10:126197159_CTT_C	10:126232047_C_A
10:126197159_CTT_C	10:126684617_GT_G
10:126197159_CTT_C	10:126685326_G_C
10:126197159_CTT_C	10:126834851_AT_A
10:126197159_CTT_C	10:129611707_A_T
2:113308516_T_A	2:106996066_A_G
2:113308516_T_A	2:107714024_G_T
2:113308516_T_A	2:111183442_G_T
2:113308516_T_A	2:111599282_G_C
2:113308516_T_A	2:111602127_CT_C
2:113308516_T_A	2:111740290_A_T
2:113308516_T_A	2:112564426_A_C
2:113308516_T_A	2:112566517_C_T
2:113308516_T_A	2:112567624_C_G
2:113308516_T_A	2:112567980_T_C
2:113308516_T_A	2:112595662_C_CAAAAA
2:113308516_T_A	2:112598534_C_G
2:113308516_T_A	2:112633562_G_T
2:113308516_T_A	2:113293559_T_G
2:113308516_T_A	2:113294756_T_TA
2:113308516_T_A	2:113308622_C_T
2:113308516_T_A	2:113339789_T_A
2:113308516_T_A	2:121484135_T_C
2:113308516_T_A	2:121519456_G_A
2:113308516_T_A	2:121520481_A_G
2:113308516_T_A	2:121526034_A_G
7:112192189_T_G	7:111382498_T_C
7:112192189_T_G	7:111384881_T_C
7:112192189_T_G	7:111386216_G_C
7:112192189_T_G	7:111386690_T_C
7:112192189_T_G	7:111387112_T_G
7:112192189_T_G	7:111388472_G_T
7:112192189_T_G	7:112091637_T_G
7:112192189_T_G	7:112092254_G_A
7:112192189_T_G	7:112098271_T_C
7:112192189_T_G	7:112099440_G_C
7:112192189_T_G	7:112101219_GATTA_G
7:112192189_T_G	7:112102734_A_G
7:112192189_T_G	7:112102890_TA_T
7:112192189_T_G	7:112103898_C_T
7:112192189_T_G	7:112104514_G_A
7:112192189_T_G	7:112109331_A_G
7:112192189_T_G	7:112116659_T_C
7:112192189_T_G	7:112148352_A_G
7:112192189_T_G	7:112148379_C_T
7:112192189_T_G	7:112148477_A_G
7:112192189_T_G	7:112150944_T_G
7:112192189_T_G	7:112161869_A_G
7:112192189_T_G	7:112163764_G_A
7:112192189_T_G	7:112164125_A_G
7:112192189_T_G	7:112192635_G_A
7:112192189_T_G	7:112192725_C_CA
7:112192189_T_G	7:112196466_A_C
7:112192189_T_G	7:112245485_C_T
7:112192189_T_G	7:115161934_C_T
7:112192189_T_G	7:115934558_T_C
7:112192189_T_G	7:120368353_T_A
7:112192189_T_G	7:120600969_A_G
7:112192189_T_G	7:120604527_G_T
7:112192189_T_G	7:120609393_G_A
7:112192189_T_G	7:120611163_A_G
7:112192189_T_G	7:120616493_A_G
7:112192189_T_G	7:120618384_T_G
7:112192189_T_G	7:120618514_A_AATGC
7:112192189_T_G	7:120618699_T_C
7:112192189_T_G	7:120621049_C_A
7:112192189_T_G	7:120622787_A_G
7:112192189_T_G	7:120622836_C_T
7:112192189_T_G	7:120622984_T_A
7:112192189_T_G	7:120623683_C_T
7:112192189_T_G	7:120623983_A_C
7:112192189_T_G	7:120624165_C_T
7:112192189_T_G	7:120626874_A_T
7:112192189_T_G	7:120627274_T_A
7:112192189_T_G	7:121316241_T_C
7:112192189_T_G	7:121320516_A_C
7:112192189_T_G	7:121322316_G_A
11:5092863_T_TA	11:1893764_C_T
11:5092863_T_TA	11:4708780_A_T
11:5092863_T_TA	11:5089744_C_CTT
11:5092863_T_TA	11:5091576_A_AC
11:5092863_T_TA	11:5092396_T_C
11:5092863_T_TA	11:5095258_C_T
11:5092863_T_TA	11:11427523_C_A
11:5092863_T_TA	11:11429150_G_A
11:5092863_T_TA	11:11429163_A_T
11:5092863_T_TA	11:11437337_A_T
11:5092863_T_TA	11:12547578_A_G
11:5092863_T_TA	11:12547779_CT_C
2:97595403_C_T	2:97746526_A_G
2:97595403_C_T	2:98534734_C_T
2:97595403_C_T	2:99204186_T_TA
14:100900118_C_T	14:105645187_T_A
1:910473_G_A	1:916662_A_C
1:910473_G_A	1:917315_G_A
1:910473_G_A	1:917492_C_T
1:910473_G_A	1:918617_G_A
1:910473_G_A	1:920503_G_A
1:910473_G_A	1:920977_T_C
1:910473_G_A	1:922483_T_C
1:910473_G_A	1:926968_C_T
1:910473_G_A	1:929565_G_T
1:910473_G_A	1:931500_C_T
1:910473_G_A	1:931873_A_G
1:910473_G_A	1:934130_G_C
1:910473_G_A	1:935671_C_G
1:910473_G_A	1:1603434_G_T
1:910473_G_A	1:1604499_G_A
1:910473_G_A	1:1688384_G_A
1:910473_G_A	1:2068714_G_A
1:910473_G_A	1:2070321_T_C
1:910473_G_A	1:2071556_A_G
1:910473_G_A	1:2073000_A_G
1:910473_G_A	1:2073553_A_G
1:910473_G_A	1:2077260_C_T
1:910473_G_A	1:2078444_T_G
1:910473_G_A	1:2087094_A_AATGATGATG
1:910473_G_A	1:2088104_A_G
1:910473_G_A	1:2088577_G_A
1:910473_G_A	1:2088754_A_C
1:910473_G_A	1:2089526_G_A
1:910473_G_A	1:2090816_T_C
1:910473_G_A	1:2091397_A_G
1:910473_G_A	1:2091677_CGTGT_C
1:910473_G_A	1:2093734_C_T
1:910473_G_A	1:2093746_G_T
1:910473_G_A	1:2095173_CA_C
1:910473_G_A	1:2095699_C_T
1:910473_G_A	1:2099082_G_A
1:910473_G_A	1:2101687_G_A
1:910473_G_A	1:2104435_C_T
1:910473_G_A	1:2104981_A_G
1:910473_G_A	1:2107061_G_T
1:910473_G_A	1:2110260_G_A
1:910473_G_A	1:2111030_T_C
1:910473_G_A	1:2125942_C_G
6:119082105_A_G	6:113517309_ATTAT_A
6:119082105_A_G	6:115388803_T_A
6:119082105_A_G	6:115388804_T_A
6:119082105_A_G	6:115391685_A_G
6:119082105_A_G	6:115393880_GTA_G
6:119082105_A_G	6:115483101_A_G
6:119082105_A_G	6:115484073_T_C
6:119082105_A_G	6:115491483_C_A
6:119082105_A_G	6:115493777_T_C
6:119082105_A_G	6:115496677_T_C
6:119082105_A_G	6:115501274_T_G
6:119082105_A_G	6:115513636_AG_A
6:119082105_A_G	6:115514027_T_C
6:119082105_A_G	6:115529250_A_G
6:119082105_A_G	6:115535466_C_T
6:119082105_A_G	6:115535984_G_T
6:119082105_A_G	6:115535991_T_TG
6:119082105_A_G	6:115537214_G_A
6:119082105_A_G	6:115544516_C_G
6:119082105_A_G	6:115554816_A_G
6:119082105_A_G	6:115559643_C_T
6:119082105_A_G	6:115562481_G_A
6:119082105_A_G	6:115573569_G_A
6:119082105_A_G	6:115574806_G_A
6:119082105_A_G	6:115581453_T_A
6:119082105_A_G	6:115586299_G_A
6:119082105_A_G	6:115594439_G_A
6:119082105_A_G	6:115595273_C_A
6:119082105_A_G	6:115601385_C_T
6:119082105_A_G	6:115604658_AT_A
6:119082105_A_G	6:115607026_T_C
6:119082105_A_G	6:115611188_GA_G
6:119082105_A_G	6:115837203_G_A
6:119082105_A_G	6:116728413_G_A
6:119082105_A_G	6:116728638_C_T
6:119082105_A_G	6:116728657_A_C
6:119082105_A_G	6:116734926_G_T
6:119082105_A_G	6:116740349_G_A
6:119082105_A_G	6:116742144_C_A
6:119082105_A_G	6:116742377_T_C
6:119082105_A_G	6:116744536_AG_A
6:119082105_A_G	6:116757557_T_C
6:119082105_A_G	6:117008577_G_A
6:119082105_A_G	6:117059042_G_T
6:119082105_A_G	6:117064862_C_T
6:119082105_A_G	6:117263565_C_T
6:119082105_A_G	6:117291224_C_A
6:119082105_A_G	6:117293033_A_G
6:119082105_A_G	6:117295971_G_A
6:119082105_A_G	6:117298060_C_T
6:119082105_A_G	6:117298309_A_G
6:119082105_A_G	6:117299319_G_A
6:119082105_A_G	6:117299544_GT_G
6:119082105_A_G	6:117300155_T_G
6:119082105_A_G	6:117300908_C_A
6:119082105_A_G	6:117301259_T_C
6:119082105_A_G	6:117305013_C_T
6:119082105_A_G	6:117307856_G_A
6:119082105_A_G	6:117308953_A_G
6:119082105_A_G	6:117311866_T_A
6:119082105_A_G	6:117312176_G_A
6:119082105_A_G	6:117318446_T_A
6:119082105_A_G	6:117319862_G_C
6:119082105_A_G	6:117321225_C_T
6:119082105_A_G	6:117323232_T_A
6:119082105_A_G	6:117323336_C_T
6:119082105_A_G	6:117324893_G_A
6:119082105_A_G	6:117326609_T_C
6:119082105_A_G	6:117336360_G_A
6:119082105_A_G	6:117344164_T_G
6:119082105_A_G	6:117348293_T_A
6:119082105_A_G	6:117353163_T_TA
6:119082105_A_G	6:117354397_G_C
6:119082105_A_G	6:117357803_T_C
6:119082105_A_G	6:117358689_A_G
6:119082105_A_G	6:117358821_G_A
6:119082105_A_G	6:117359175_A_G
6:119082105_A_G	6:117361125_T_C
6:119082105_A_G	6:117371358_C_A
6:119082105_A_G	6:117378077_A_C
6:119082105_A_G	6:117385127_G_A
6:119082105_A_G	6:117387018_A_G
6:119082105_A_G	6:117391426_T_TA
6:119082105_A_G	6:119093473_C_T
6:119082105_A_G	6:119094818_T_A
6:119082105_A_G	6:119171837_G_A
6:119082105_A_G	6:119223018_T_C
6:119082105_A_G	6:119245639_T_C
6:119082105_A_G	6:119437869_C_T
6:119082105_A_G	6:122925544_T_G
6:119082105_A_G	6:122925825_C_G
6:119082105_A_G	6:122936340_A_AG
6:119082105_A_G	6:122937855_G_T
19:34582277_G_A	19:34058987_CT_C
19:34582277_G_A	19:34059017_C_G
19:34582277_G_A	19:34059041_A_T
19:34582277_G_A	19:34059351_C_T
19:34582277_G_A	19:34060519_C_T
19:34582277_G_A	19:34060871_A_C
19:34582277_G_A	19:34061112_T_C
19:34582277_G_A	19:34061222_A_G
19:34582277_G_A	19:34061789_G_T
19:34582277_G_A	19:34061969_G_C
19:34582277_G_A	19:34062620_T_A
19:34582277_G_A	19:34063097_G_A
19:34582277_G_A	19:34063619_G_A
19:34582277_G_A	19:34325306_C_A
19:34582277_G_A	19:34325506_A_G
19:34582277_G_A	19:34325770_G_A
19:34582277_G_A	19:34326755_A_G
19:34582277_G_A	19:34593787_A_C
19:34582277_G_A	19:34610538_A_G
4:149633314_A_G	4:148496584_GT_G
4:149633314_A_G	4:149647738_G_A
4:149633314_A_G	4:149662752_C_A
4:149633314_A_G	4:149666440_C_T
4:149633314_A_G	4:149669762_A_G
4:149633314_A_G	4:149676574_C_A
4:149633314_A_G	4:149681093_G_A
4:149633314_A_G	4:149686183_C_T
4:149633314_A_G	4:149691429_G_A
4:149633314_A_G	4:149692853_A_G
4:149633314_A_G	4:149697361_A_G
4:149633314_A_G	4:149699546_T_C
4:149633314_A_G	4:149699626_C_T
4:149633314_A_G	4:150854433_T_A
X:145198457_G_GT	X:141307778_G_A
X:145198457_G_GT	X:145187785_G_A
X:145198457_G_GT	X:145190732_G_GT
X:145198457_G_GT	X:145193909_C_G
X:145198457_G_GT	X:145200166_A_G
X:145198457_G_GT	X:145203098_A_G
X:145198457_G_GT	X:145203403_T_G
X:145198457_G_GT	X:145204238_A_G
X:145198457_G_GT	X:145205688_C_A
X:145198457_G_GT	X:145206389_A_C
X:145198457_G_GT	X:145207133_A_G
X:145198457_G_GT	X:145207213_A_G
X:145198457_G_GT	X:145209235_G_A
X:145198457_G_GT	X:145211053_T_TA
X:145198457_G_GT	X:145214762_T_C
X:145198457_G_GT	X:145215368_T_G
X:145198457_G_GT	X:145215972_C_T
X:145198457_G_GT	X:145220943_G_A
2:174524330_T_A	2:169894098_G_A
2:174524330_T_A	2:169902115_T_C
2:174524330_T_A	2:169918540_T_TA
2:174524330_T_A	2:169919139_G_A
2:174524330_T_A	2:169920870_C_G
2:174524330_T_A	2:170802557_CAAGAG_C
2:174524330_T_A	2:174483464_C_T
2:174524330_T_A	2:174487923_A_G
2:174524330_T_A	2:174519164_G_A
2:174524330_T_A	2:174520481_A_G
2:174524330_T_A	2:174520999_T_A
2:174524330_T_A	2:174521526_G_A
2:174524330_T_A	2:174539109_T_C
2:174524330_T_A	2:174541131_C_T
2:174524330_T_A	2:174546671_C_T
2:174524330_T_A	2:177050351_A_G
12:126041219_G_A	12:117702359_TCTTC_T
12:126041219_G_A	12:117703977_T_C
12:126041219_G_A	12:117704381_C_T
12:126041219_G_A	12:119172550_G_A
12:126041219_G_A	12:124996514_G_C
12:126041219_G_A	12:125628478_A_T
12:126041219_G_A	12:126040267_A_T
12:126041219_G_A	12:126043123_C_T
12:126041219_G_A	12:126046067_A_G
12:126041219_G_A	12:126049603_A_G
12:126041219_G_A	12:126049744_C_T
12:126041219_G_A	12:126049801_G_A
12:126041219_G_A	12:126052404_A_G
12:126041219_G_A	12:126053934_G_A
12:126041219_G_A	12:126056216_C_G
12:126041219_G_A	12:126060367_C_A
12:126041219_G_A	12:126060374_C_T
12:126041219_G_A	12:126062422_G_A
12:126041219_G_A	12:126064151_A_G
12:126041219_G_A	12:126064403_T_G
12:126041219_G_A	12:126065808_G_A
12:126041219_G_A	12:126065817_T_C
12:126041219_G_A	12:126066123_T_G
12:126041219_G_A	12:126076395_A_C
12:126041219_G_A	12:126077244_T_G
12:126041219_G_A	12:131576593_G_A
12:126041219_G_A	12:133094270_G_A
14:31919023_C_T	14:29567228_A_C
14:31919023_C_T	14:29603747_G_A
14:31919023_C_T	14:29753715_T_A
14:31919023_C_T	14:31800424_G_T
14:31919023_C_T	14:31809996_A_AT
14:31919023_C_T	14:31829553_T_A
14:31919023_C_T	14:31839364_G_A
14:31919023_C_T	14:31852434_G_A
14:31919023_C_T	14:31864824_A_G
14:31919023_C_T	14:31880859_G_A
14:31919023_C_T	14:31881872_G_A
14:31919023_C_T	14:31882017_T_C
14:31919023_C_T	14:31886681_C_A
14:31919023_C_T	14:31897774_A_G
14:31919023_C_T	14:31898116_T_A
14:31919023_C_T	14:31906512_G_C
14:31919023_C_T	14:31906728_C_A
14:31919023_C_T	14:31907794_T_C
14:31919023_C_T	14:31916697_C_T
14:31919023_C_T	14:31918261_G_A
3:176697156_T_C	3:176695772_G_T
3:176697156_T_C	3:176696752_C_T
3:176697156_T_C	3:176696905_A_G
3:176697156_T_C	3:176697270_G_A
3:176697156_T_C	3:176697375_T_C
3:176697156_T_C	3:176698331_G_A
3:176697156_T_C	3:176699044_C_T
3:176697156_T_C	3:176700293_G_A
3:176697156_T_C	3:176701076_G_A
3:176697156_T_C	3:176701141_G_A
3:176697156_T_C	3:176702868_G_A
3:176697156_T_C	3:176703201_A_G
3:176697156_T_C	3:176705816_T_C
3:176697156_T_C	3:176707529_T_C
3:176697156_T_C	3:177793993_CA_C
7:68537798_C_T	7:67211307_G_GA
7:68537798_C_T	7:67217975_AGAAG_A
7:68537798_C_T	7:67218149_G_A
7:68537798_C_T	7:67218170_T_G
7:68537798_C_T	7:67219149_G_A
7:68537798_C_T	7:67219621_G_C
7:68537798_C_T	7:67641790_A_G
7:68537798_C_T	7:67642170_G_A
7:68537798_C_T	7:67666097_G_C
7:68537798_C_T	7:67674916_T_C
7:68537798_C_T	7:68517674_T_C
7:68537798_C_T	7:68520301_A_G
7:68537798_C_T	7:68522000_A_G
7:68537798_C_T	7:68522241_G_A
7:68537798_C_T	7:68522322_G_T
7:68537798_C_T	7:68522542_C_T
7:68537798_C_T	7:68522847_T_C
7:68537798_C_T	7:68523481_G_A
7:68537798_C_T	7:68524690_A_C
7:68537798_C_T	7:68525384_A_T
7:68537798_C_T	7:68526460_C_T
7:68537798_C_T	7:68530776_T_C
7:68537798_C_T	7:68532188_G_C
7:68537798_C_T	7:68534844_C_A
7:68537798_C_T	7:68535404_A_G
7:68537798_C_T	7:68537862_C_T
7:68537798_C_T	7:68538743_G_A
7:68537798_C_T	7:68539832_G_C
7:68537798_C_T	7:69869513_G_C
7:68537798_C_T	7:69895052_A_G
7:68537798_C_T	7:69895063_A_T
7:68537798_C_T	7:69896013_C_T
7:68537798_C_T	7:69902654_G_A
7:68537798_C_T	7:69908696_C_T
7:68537798_C_T	7:69917440_G_C
7:68537798_C_T	7:69928337_A_T
7:68537798_C_T	7:73864688_G_T
7:68537798_C_T	7:73864696_G_T
1:225725906_G_A	1:218591623_G_A
1:225725906_G_A	1:218594920_G_T
1:225725906_G_A	1:218596461_A_G
1:225725906_G_A	1:218596641_G_T
1:225725906_G_A	1:218597044_G_A
1:225725906_G_A	1:218597297_C_G
1:225725906_G_A	1:218598484_C_T
1:225725906_G_A	1:218605609_G_A
1:225725906_G_A	1:218610254_C_T
1:225725906_G_A	1:218613687_CT_C
1:225725906_G_A	1:218615451_A_C
1:225725906_G_A	1:218617135_C_G
1:225725906_G_A	1:218617543_G_A
1:225725906_G_A	1:218617900_C_T
1:225725906_G_A	1:218619646_C_T
1:225725906_G_A	1:218620199_C_T
1:225725906_G_A	1:220212954_A_G
1:225725906_G_A	1:220216608_C_CTT
1:225725906_G_A	1:224391270_C_T
1:225725906_G_A	1:225669566_C_T
1:225725906_G_A	1:225778145_CAAAAAAA_C
1:225725906_G_A	1:225778148_AAAAAAAG_A
1:225725906_G_A	1:234835178_C_G
3:92879_C_G	3:77942_G_C
3:92879_C_G	3:91404_TAGAAG_T
3:92879_C_G	3:2311277_A_C
3:92879_C_G	3:2312398_G_C
3:92879_C_G	3:2312451_T_C
3:92879_C_G	3:2365997_T_C
3:92879_C_G	3:2370462_A_C
3:92879_C_G	3:2374956_C_A
3:92879_C_G	3:2375772_C_T
3:92879_C_G	3:2376679_A_G
3:92879_C_G	3:2377004_A_ATAGC
3:92879_C_G	3:2377092_G_A
3:92879_C_G	3:2377165_T_C
3:92879_C_G	3:2377485_T_C
3:92879_C_G	3:2377694_C_G
3:92879_C_G	3:2378007_T_C
3:92879_C_G	3:2379012_G_A
3:92879_C_G	3:2380253_A_G
3:92879_C_G	3:2381180_C_T
3:92879_C_G	3:2381439_TTA_T
3:92879_C_G	3:2382820_T_G
3:92879_C_G	3:2382846_C_T
3:92879_C_G	3:2383706_G_C
3:92879_C_G	3:2383745_T_C
3:92879_C_G	3:2384525_A_G
3:92879_C_G	3:2385357_T_G
3:92879_C_G	3:2386242_G_T
3:92879_C_G	3:2386983_A_G
3:92879_C_G	3:2388171_T_G
3:92879_C_G	3:2389059_A_AATGG
3:92879_C_G	3:2389060_A_ATGGG
3:92879_C_G	3:2389157_C_G
3:92879_C_G	3:2389537_C_CT
3:92879_C_G	3:2389688_A_G
3:92879_C_G	3:2389725_C_T
3:92879_C_G	3:2389883_C_G
3:92879_C_G	3:2389921_TA_T
3:92879_C_G	3:2389957_T_C
3:92879_C_G	3:2390144_C_G
3:92879_C_G	3:2390242_C_A
3:92879_C_G	3:2390285_T_A
3:92879_C_G	3:2390347_A_C
3:92879_C_G	3:2390487_C_G
3:92879_C_G	3:2390707_T_C
3:92879_C_G	3:2390749_G_A
3:92879_C_G	3:2390926_AT_A
3:92879_C_G	3:2390982_G_A
3:92879_C_G	3:2391061_T_C
3:92879_C_G	3:2391271_GT_G
3:92879_C_G	3:2391519_G_A
3:92879_C_G	3:2391539_G_A
3:92879_C_G	3:2391723_C_T
3:92879_C_G	3:2391928_T_G
3:92879_C_G	3:2392064_G_C
3:92879_C_G	3:2393899_G_A
3:92879_C_G	3:2394081_A_G
3:92879_C_G	3:2394099_A_G
3:92879_C_G	3:2394171_T_C
3:92879_C_G	3:2394351_T_C
3:92879_C_G	3:2394386_T_C
3:92879_C_G	3:2394490_T_C
3:92879_C_G	3:2394576_G_A
3:92879_C_G	3:2394871_T_A
3:92879_C_G	3:2395610_CAAAA_CAAA
3:92879_C_G	3:2398370_A_G
3:92879_C_G	3:2399699_T_C
3:92879_C_G	3:2399760_C_T
3:92879_C_G	3:2399777_C_T
3:92879_C_G	3:2401029_T_A
3:92879_C_G	3:2401696_G_C
3:92879_C_G	3:2402049_C_T
3:92879_C_G	3:2402654_G_A
17:70091433_A_G	17:70073175_A_T
17:70091433_A_G	17:70073925_A_G
17:70091433_A_G	17:70079298_T_C
17:70091433_A_G	17:70079615_A_T
17:70091433_A_G	17:70080082_T_A
17:70091433_A_G	17:70080419_A_G
17:70091433_A_G	17:70092959_T_C
17:70091433_A_G	17:70094050_A_G
17:70091433_A_G	17:70097721_G_A
17:70091433_A_G	17:76932762_C_T
18:639341_G_T	18:87882_G_C
18:639341_G_T	18:89345_G_A
18:639341_G_T	18:90928_T_TAATGGAG
18:639341_G_T	18:93363_C_A
18:639341_G_T	18:97726_G_C
18:639341_G_T	18:98346_T_A
18:639341_G_T	18:106361_G_A
18:639341_G_T	18:114185_G_A
18:639341_G_T	18:114234_C_T
18:639341_G_T	18:114266_A_T
18:639341_G_T	18:114468_G_A
18:639341_G_T	18:630361_G_A
18:639341_G_T	18:634134_TTTTG_T
18:639341_G_T	18:639861_C_G
18:639341_G_T	18:3194557_G_C
13:26851917_A_C	13:19570324_T_A
13:26851917_A_C	13:19598685_T_A
13:26851917_A_C	13:19599159_C_T
13:26851917_A_C	13:19601129_TA_T
13:26851917_A_C	13:19601522_T_TA
13:26851917_A_C	13:19606982_T_A
13:26851917_A_C	13:19607087_C_G
13:26851917_A_C	13:19607487_G_T
13:26851917_A_C	13:19609402_C_T
13:26851917_A_C	13:19612351_A_G
13:26851917_A_C	13:19614671_C_T
13:26851917_A_C	13:19614970_G_A
13:26851917_A_C	13:19616018_A_G
13:26851917_A_C	13:19616180_C_A
13:26851917_A_C	13:19616221_A_G
13:26851917_A_C	13:19625340_G_A
13:26851917_A_C	13:19629746_A_G
13:26851917_A_C	13:19634817_T_C
13:26851917_A_C	13:19634981_GC_G
13:26851917_A_C	13:22387013_G_A
13:26851917_A_C	13:26607466_T_TACA
13:26851917_A_C	13:26610549_C_T
13:26851917_A_C	13:33014158_G_A
13:26851917_A_C	13:33783596_C_CTTT
2:153336661_A_C	2:151483065_G_C
2:153336661_A_C	2:151485293_G_A
2:153336661_A_C	2:151486321_T_C
2:153336661_A_C	2:151486385_G_C
2:153336661_A_C	2:151486410_G_A
2:153336661_A_C	2:151486803_T_C
2:153336661_A_C	2:151488445_GA_G
2:153336661_A_C	2:151490081_A_G
2:153336661_A_C	2:151490593_T_C
2:153336661_A_C	2:151491400_G_A
2:153336661_A_C	2:151492472_T_C
2:153336661_A_C	2:151492597_T_C
2:153336661_A_C	2:151492842_A_T
2:153336661_A_C	2:151493302_T_C
2:153336661_A_C	2:151493632_G_A
2:153336661_A_C	2:151493693_G_A
2:153336661_A_C	2:151493786_A_C
2:153336661_A_C	2:151494079_T_C
2:153336661_A_C	2:151494381_G_A
2:153336661_A_C	2:151494540_A_G
2:153336661_A_C	2:152694448_A_G
2:153336661_A_C	2:152704214_T_C
2:153336661_A_C	2:152710431_T_A
2:153336661_A_C	2:152713202_G_C
2:153336661_A_C	2:152724375_C_T
2:153336661_A_C	2:153125770_C_T
2:153336661_A_C	2:153299001_A_G
2:153336661_A_C	2:153299943_A_C
2:153336661_A_C	2:153315366_C_T
2:153336661_A_C	2:153317879_TA_T
2:153336661_A_C	2:153318630_A_G
2:153336661_A_C	2:153320704_G_C
2:153336661_A_C	2:153323756_T_C
2:153336661_A_C	2:153331400_T_C
2:153336661_A_C	2:153332159_C_A
2:153336661_A_C	2:153334141_G_A
2:153336661_A_C	2:153334144_G_T
2:153336661_A_C	2:153337038_A_G
2:153336661_A_C	2:153340213_C_T
2:153336661_A_C	2:153340721_T_C
2:153336661_A_C	2:153411281_A_T
2:153336661_A_C	2:154716438_G_A
2:153336661_A_C	2:155605132_C_T
5:112185073_T_TA	5:111517156_A_T
5:112185073_T_TA	5:111519904_C_T
5:112185073_T_TA	5:111546703_T_C
5:112185073_T_TA	5:111550187_G_A
5:112185073_T_TA	5:111552809_T_C
5:112185073_T_TA	5:111994592_A_G
5:112185073_T_TA	5:111995713_A_G
5:112185073_T_TA	5:112016995_C_G
5:112185073_T_TA	5:112021979_T_C
5:112185073_T_TA	5:112023011_G_A
5:112185073_T_TA	5:112023120_A_G
5:112185073_T_TA	5:112023761_G_A
5:112185073_T_TA	5:112024192_T_C
5:112185073_T_TA	5:112024251_C_G
5:112185073_T_TA	5:112026148_G_A
5:112185073_T_TA	5:112029044_C_T
5:112185073_T_TA	5:112029106_T_G
5:112185073_T_TA	5:112030173_A_G
5:112185073_T_TA	5:112036362_GA_G
5:112185073_T_TA	5:112038837_G_A
5:112185073_T_TA	5:112041171_G_A
5:112185073_T_TA	5:112041841_A_G
5:112185073_T_TA	5:112113527_A_T
5:112185073_T_TA	5:112184490_T_C
5:112185073_T_TA	5:112185513_A_C
5:112185073_T_TA	5:112187356_G_A
5:112185073_T_TA	5:112187436_A_G
5:112185073_T_TA	5:112188437_G_A
5:112185073_T_TA	5:112194144_A_C
5:112185073_T_TA	5:112200028_T_A
5:112185073_T_TA	5:112204896_C_A
5:112185073_T_TA	5:112206416_G_A
5:112185073_T_TA	5:112210415_A_T
5:112185073_T_TA	5:112211610_G_A
5:112185073_T_TA	5:112212151_G_A
5:112185073_T_TA	5:112216189_T_C
5:112185073_T_TA	5:112219961_T_C
5:112185073_T_TA	5:112231194_T_TAAGTC
5:112185073_T_TA	5:112233048_T_A
5:112185073_T_TA	5:112234834_T_G
5:112185073_T_TA	5:112236297_A_G
5:112185073_T_TA	5:112247083_G_GTTAGTTAT
5:112185073_T_TA	5:112248466_T_C
5:112185073_T_TA	5:112248738_T_C
5:112185073_T_TA	5:112250361_A_C
5:112185073_T_TA	5:112468084_CAT_C
21:29258350_AGT_A	21:29228904_G_T
21:29258350_AGT_A	21:29236266_GT_G
21:29258350_AGT_A	21:29236841_T_C
21:29258350_AGT_A	21:29236845_T_C
21:29258350_AGT_A	21:29237356_T_G
21:29258350_AGT_A	21:29244408_G_A
21:29258350_AGT_A	21:29245211_G_A
21:29258350_AGT_A	21:29249446_G_A
21:29258350_AGT_A	21:29252984_C_A
21:29258350_AGT_A	21:34510426_T_C
21:29258350_AGT_A	21:35346855_TA_T
21:29258350_AGT_A	21:36170099_C_T
21:29258350_AGT_A	21:36170343_G_A
20:25422962_A_ATCTA	20:22498457_T_A
20:25422962_A_ATCTA	20:22498934_C_A
20:25422962_A_ATCTA	20:22506140_T_G
20:25422962_A_ATCTA	20:22544044_CAA_C
20:25422962_A_ATCTA	20:25236399_T_C
20:25422962_A_ATCTA	20:25437327_G_A
20:25422962_A_ATCTA	20:25473183_G_C
20:25422962_A_ATCTA	20:25485339_C_T
20:25422962_A_ATCTA	20:25511358_T_G
20:25422962_A_ATCTA	20:25518437_G_A
20:25422962_A_ATCTA	20:25606889_C_T
20:25422962_A_ATCTA	20:25680613_GT_G
20:25422962_A_ATCTA	20:25690946_A_G
20:25422962_A_ATCTA	20:25726841_A_C
20:25422962_A_ATCTA	20:25738246_C_T
20:25422962_A_ATCTA	20:25829065_T_C
20:25422962_A_ATCTA	20:25829132_G_A
20:25422962_A_ATCTA	20:25850872_C_G
20:25422962_A_ATCTA	20:31313928_T_G
10:114383195_CT_C	10:104997914_T_C
10:114383195_CT_C	10:105000369_T_C
10:114383195_CT_C	10:105001325_G_A
10:114383195_CT_C	10:105001946_ATT_A
10:114383195_CT_C	10:105004101_G_A
10:114383195_CT_C	10:105018817_A_C
10:114383195_CT_C	10:105021263_G_A
10:114383195_CT_C	10:105021762_C_T
10:114383195_CT_C	10:105029840_G_C
10:114383195_CT_C	10:105033628_G_A
10:114383195_CT_C	10:105039579_A_G
10:114383195_CT_C	10:105043289_G_A
10:114383195_CT_C	10:105043964_G_A
10:114383195_CT_C	10:105046091_T_C
10:114383195_CT_C	10:105051254_G_A
10:114383195_CT_C	10:105051261_C_A
10:114383195_CT_C	10:105051274_A_G
10:114383195_CT_C	10:105051275_A_C
10:114383195_CT_C	10:105051285_C_T
10:114383195_CT_C	10:105051290_C_T
10:114383195_CT_C	10:105052262_CA_C
10:114383195_CT_C	10:105058839_G_A
10:114383195_CT_C	10:105105265_CT_C
10:114383195_CT_C	10:107022542_A_G
10:114383195_CT_C	10:107025902_C_T
10:114383195_CT_C	10:108560443_C_G
10:114383195_CT_C	10:114659250_A_G
10:114383195_CT_C	10:114715400_C_T
10:114383195_CT_C	10:114791856_T_A
10:114383195_CT_C	10:117489890_G_T
17:49744326_A_T	17:49699919_G_A
17:49744326_A_T	17:49719930_C_T
17:49744326_A_T	17:49723878_T_C
17:49744326_A_T	17:49723994_C_T
17:49744326_A_T	17:49725473_C_T
17:49744326_A_T	17:49725545_T_C
17:49744326_A_T	17:49727668_G_A
17:49744326_A_T	17:49730748_C_G
6:3374936_C_T	6:3322353_C_T
6:3374936_C_T	6:3384883_T_A
4:173241957_G_A	4:173292436_A_C
4:173241957_G_A	4:173322780_C_T
15:70140122_G_A	15:65698905_C_G
15:70140122_G_A	15:65729109_A_G
15:70140122_G_A	15:65779338_AG_A
15:70140122_G_A	15:66090158_G_C
15:70140122_G_A	15:70138291_A_G
15:70140122_G_A	15:70140025_C_G
15:70140122_G_A	15:70176307_G_A
3:154591420_T_C	3:154585432_G_A
3:154591420_T_C	3:154586135_A_G
3:154591420_T_C	3:154586185_G_A
3:154591420_T_C	3:154586834_CA_C
3:154591420_T_C	3:154587390_G_A
3:154591420_T_C	3:154587654_C_T
3:154591420_T_C	3:154587696_C_A
3:154591420_T_C	3:154588738_G_A
3:154591420_T_C	3:154589300_C_T
3:154591420_T_C	3:154589649_T_A
3:154591420_T_C	3:154589662_G_A
3:154591420_T_C	3:154589980_G_T
3:154591420_T_C	3:154595175_T_C
3:154591420_T_C	3:154597297_T_G
3:154591420_T_C	3:154602106_T_C
3:154591420_T_C	3:154605419_A_G
3:154591420_T_C	3:154605529_T_C
3:154591420_T_C	3:154617651_G_A
3:154591420_T_C	3:154623885_G_A
3:154591420_T_C	3:154624551_A_C
3:154591420_T_C	3:154625149_ATTAAT_A
3:154591420_T_C	3:154632754_G_A
3:154591420_T_C	3:154634443_G_A
3:154591420_T_C	3:154635316_G_T
3:154591420_T_C	3:154635728_G_T
3:154591420_T_C	3:154637236_C_T
3:154591420_T_C	3:154638268_TA_T
3:154591420_T_C	3:154638496_T_C
3:154591420_T_C	3:154643298_G_T
3:154591420_T_C	3:154644936_A_G
3:154591420_T_C	3:154644981_A_G
3:154591420_T_C	3:154647038_CAT_C
3:154591420_T_C	3:154647396_T_TATTGGAACACCAATCTGTAGAG
3:154591420_T_C	3:154648045_A_T
3:154591420_T_C	3:154649166_C_CTG
3:154591420_T_C	3:154649782_T_A
3:154591420_T_C	3:154660134_T_G
10:125276534_G_GTTTTTTTTC	10:125276542_T_TC
10:125276534_G_GTTTTTTTTC	10:125676294_CT_C
10:125276534_G_GTTTTTTTTC	10:125676297_T_C
10:125276534_G_GTTTTTTTTC	10:133109169_G_C
10:125276534_G_GTTTTTTTTC	10:133114209_T_C
5:87438296_C_CAT	5:86061593_C_A
5:87438296_C_CAT	5:86062754_C_T
5:87438296_C_CAT	5:86064332_A_C
5:87438296_C_CAT	5:86064450_G_C
5:87438296_C_CAT	5:86064560_T_G
5:87438296_C_CAT	5:86064928_T_C
5:87438296_C_CAT	5:86067139_G_T
5:87438296_C_CAT	5:86070655_C_A
5:87438296_C_CAT	5:86071253_C_T
5:87438296_C_CAT	5:86077076_G_A
5:87438296_C_CAT	5:86081015_G_A
5:87438296_C_CAT	5:86082287_TA_T
5:87438296_C_CAT	5:86087928_C_T
5:87438296_C_CAT	5:86094433_T_C
5:87438296_C_CAT	5:86099144_G_A
5:87438296_C_CAT	5:86099905_G_C
5:87438296_C_CAT	5:86107021_G_A
5:87438296_C_CAT	5:86107032_G_A
5:87438296_C_CAT	5:86107114_A_G
5:87438296_C_CAT	5:86108184_G_A
5:87438296_C_CAT	5:87397560_A_G
5:87438296_C_CAT	5:87397663_C_T
5:87438296_C_CAT	5:87398519_C_T
5:87438296_C_CAT	5:87398531_C_T
5:87438296_C_CAT	5:87399465_G_T
5:87438296_C_CAT	5:87402177_T_A
5:87438296_C_CAT	5:87403526_C_A
5:87438296_C_CAT	5:87406291_T_C
5:87438296_C_CAT	5:87411679_A_C
5:87438296_C_CAT	5:87411880_T_C
5:87438296_C_CAT	5:87413633_G_A
5:87438296_C_CAT	5:87413936_A_C
5:87438296_C_CAT	5:87414283_G_C
5:87438296_C_CAT	5:87416336_T_G
5:87438296_C_CAT	5:87416359_A_G
5:87438296_C_CAT	5:87416594_T_C
5:87438296_C_CAT	5:87417104_CA_C
5:87438296_C_CAT	5:87418400_A_C
5:87438296_C_CAT	5:87418433_A_C
5:87438296_C_CAT	5:87420551_C_T
5:87438296_C_CAT	5:87421906_G_A
5:87438296_C_CAT	5:87422045_A_T
5:87438296_C_CAT	5:87422554_C_T
5:87438296_C_CAT	5:87422770_G_A
5:87438296_C_CAT	5:87425122_C_T
5:87438296_C_CAT	5:87426275_C_G
5:87438296_C_CAT	5:87426444_T_C
5:87438296_C_CAT	5:87427933_T_C
5:87438296_C_CAT	5:87428135_A_G
5:87438296_C_CAT	5:87431108_A_G
5:87438296_C_CAT	5:87431249_T_C
5:87438296_C_CAT	5:87431596_C_G
5:87438296_C_CAT	5:87432746_A_G
5:87438296_C_CAT	5:87433218_T_C
5:87438296_C_CAT	5:87434077_G_T
5:87438296_C_CAT	5:87841490_A_G
5:87438296_C_CAT	5:88103213_T_C
5:87438296_C_CAT	5:88104360_A_G
5:87438296_C_CAT	5:88104422_C_T
5:87438296_C_CAT	5:88106853_C_G
5:87438296_C_CAT	5:88109590_C_A
5:87438296_C_CAT	5:88113228_C_T
5:87438296_C_CAT	5:88116528_C_T
5:87438296_C_CAT	5:88147260_T_A
5:87438296_C_CAT	5:88147889_A_G
5:87438296_C_CAT	5:88147939_C_T
5:87438296_C_CAT	5:88154075_T_A
5:87438296_C_CAT	5:88164068_AT_A
5:87438296_C_CAT	5:88176397_T_C
5:87438296_C_CAT	5:88181345_TGA_T
5:87438296_C_CAT	5:88185353_C_T
5:87438296_C_CAT	5:88190535_A_C
5:87438296_C_CAT	5:88193159_G_A
5:87438296_C_CAT	5:88197248_A_C
5:87438296_C_CAT	5:88203716_T_C
5:87438296_C_CAT	5:88207918_A_C
5:87438296_C_CAT	5:88208718_T_C
5:87438296_C_CAT	5:88210448_G_A
5:87438296_C_CAT	5:88430633_T_C
5:87438296_C_CAT	5:88677293_G_A
5:87438296_C_CAT	5:88677560_C_T
5:87438296_C_CAT	5:88678420_A_T
5:87438296_C_CAT	5:88686969_G_A
5:87438296_C_CAT	5:88689570_G_C
5:87438296_C_CAT	5:88693978_T_C
5:87438296_C_CAT	5:88696626_A_AT
5:87438296_C_CAT	5:88696668_C_A
5:87438296_C_CAT	5:88696812_T_C
5:87438296_C_CAT	5:88700828_G_A
5:87438296_C_CAT	5:88705201_T_C
5:87438296_C_CAT	5:88705639_T_G
5:87438296_C_CAT	5:88709214_C_T
5:87438296_C_CAT	5:88710913_A_C
5:87438296_C_CAT	5:88711071_C_A
5:87438296_C_CAT	5:88712385_T_TC
5:87438296_C_CAT	5:88712794_A_G
5:87438296_C_CAT	5:88714396_A_G
5:87438296_C_CAT	5:88715172_A_C
5:87438296_C_CAT	5:88718039_C_G
5:87438296_C_CAT	5:88722317_G_T
5:87438296_C_CAT	5:88723638_TAC_T
5:87438296_C_CAT	5:88725048_G_A
5:87438296_C_CAT	5:88727527_C_CT
5:87438296_C_CAT	5:88727606_G_A
5:87438296_C_CAT	5:88728089_C_T
5:87438296_C_CAT	5:88729047_T_C
5:87438296_C_CAT	5:88729851_G_A
5:87438296_C_CAT	5:88734380_G_A
5:87438296_C_CAT	5:88735336_TTG_T
5:87438296_C_CAT	5:88736293_A_G
5:87438296_C_CAT	5:88740323_A_C
5:87438296_C_CAT	5:88741077_A_G
5:87438296_C_CAT	5:88747981_G_A
5:87438296_C_CAT	5:88748768_C_T
5:87438296_C_CAT	5:94340650_T_G
5:87438296_C_CAT	5:94341168_T_C
5:87438296_C_CAT	5:94348786_C_T
5:87438296_C_CAT	5:94361006_G_T
5:87438296_C_CAT	5:94366450_C_T
5:87438296_C_CAT	5:94375008_C_T
16:25965440_G_A	16:23902342_G_A
16:25965440_G_A	16:25382684_C_T
16:25965440_G_A	16:25382738_G_A
16:25965440_G_A	16:25388120_C_A
16:25965440_G_A	16:25390114_A_C
16:25965440_G_A	16:25423551_C_T
16:25965440_G_A	16:25424233_G_A
16:25965440_G_A	16:25428164_A_G
16:25965440_G_A	16:25437499_C_T
16:25965440_G_A	16:25441575_A_C
16:25965440_G_A	16:25461622_G_A
16:25965440_G_A	16:25464374_T_A
16:25965440_G_A	16:25961669_A_G
16:25965440_G_A	16:25968462_C_T
16:25965440_G_A	16:25969317_G_C
16:25965440_G_A	16:25972247_A_G
16:25965440_G_A	16:25978725_T_G
16:25965440_G_A	16:25979929_A_G
16:25965440_G_A	16:26001182_A_G
16:25965440_G_A	16:26001419_A_C
16:25965440_G_A	16:26386143_T_TTGGA
16:25965440_G_A	16:26578770_A_G
16:25965440_G_A	16:28246443_CA_C
10:3851115_G_C	10:3853031_A_G
10:3851115_G_C	10:3854358_C_G
10:3851115_G_C	10:11589624_C_T
10:3851115_G_C	10:11628789_GCCTAA_G
10:3851115_G_C	10:11628790_CCTAAA_C
11:109284053_G_T	11:104799577_G_A
11:109284053_G_T	11:104851569_C_T
11:109284053_G_T	11:105386845_A_C
11:109284053_G_T	11:106652594_C_T
11:109284053_G_T	11:106872070_A_T
11:109284053_G_T	11:109205713_C_T
11:109284053_G_T	11:109271717_G_A
11:109284053_G_T	11:109281066_G_C
11:109284053_G_T	11:109284985_C_G
11:109284053_G_T	11:109285173_C_A
11:109284053_G_T	11:109285519_G_A
11:109284053_G_T	11:109289538_C_T
11:109284053_G_T	11:109317548_A_G
11:109284053_G_T	11:109328421_C_T
11:109284053_G_T	11:109345636_G_T
11:109284053_G_T	11:109357926_G_A
21:34419318_C_T	21:25673332_A_G
21:34419318_C_T	21:26811769_C_T
21:34419318_C_T	21:27057083_A_AT
21:34419318_C_T	21:27246922_A_G
21:34419318_C_T	21:33247735_T_G
21:34419318_C_T	21:33249574_G_A
21:34419318_C_T	21:33250942_G_A
21:34419318_C_T	21:34411545_C_T
21:34419318_C_T	21:34431840_T_C
11:21164380_C_G	11:12016888_C_T
11:21164380_C_G	11:20672070_G_A
11:21164380_C_G	11:20973602_G_GA
11:21164380_C_G	11:21082254_C_T
11:21164380_C_G	11:21082442_T_C
11:21164380_C_G	11:21082454_A_G
11:21164380_C_G	11:21082573_G_A
11:21164380_C_G	11:21082675_G_A
11:21164380_C_G	11:21082749_T_C
11:21164380_C_G	11:21083118_G_A
11:21164380_C_G	11:21084099_T_C
11:21164380_C_G	11:21084578_G_A
11:21164380_C_G	11:21084584_A_G
11:21164380_C_G	11:21084839_G_A
11:21164380_C_G	11:21089264_C_T
11:21164380_C_G	11:21136563_A_G
11:21164380_C_G	11:21138584_T_C
11:21164380_C_G	11:21138703_C_G
11:21164380_C_G	11:21139498_G_A
11:21164380_C_G	11:21140090_A_G
11:21164380_C_G	11:21140295_G_A
11:21164380_C_G	11:21140304_C_T
11:21164380_C_G	11:21152469_A_ATAGT
11:21164380_C_G	11:21153073_A_C
11:21164380_C_G	11:21153145_A_G
11:21164380_C_G	11:21154453_A_C
11:21164380_C_G	11:21155885_A_C
11:21164380_C_G	11:21157772_G_C
11:21164380_C_G	11:21158204_A_G
11:21164380_C_G	11:21158287_A_G
11:21164380_C_G	11:21162744_C_A
11:21164380_C_G	11:21168295_G_A
11:21164380_C_G	11:21168359_T_TG
11:21164380_C_G	11:21168776_A_C
11:21164380_C_G	11:21169339_A_G
11:21164380_C_G	11:24244881_A_G
16:59899864_C_G	16:52947837_A_G
16:59899864_C_G	16:52947846_A_G
16:59899864_C_G	16:59896472_G_GTA
16:59899864_C_G	16:59900828_A_G
16:59899864_C_G	16:59918223_T_C
16:59899864_C_G	16:62665806_G_A
13:59303564_A_G	13:55044825_A_T
13:59303564_A_G	13:55107650_T_C
13:59303564_A_G	13:59576471_A_G
13:59303564_A_G	13:59896534_A_C
13:59303564_A_G	13:61681172_ACTG_A
X:89765295_A_G	X:83273712_A_G
X:89765295_A_G	X:83280901_C_G
X:89765295_A_G	X:83353575_T_A
X:89765295_A_G	X:90926747_C_G
X:89765295_A_G	X:90989594_C_CT
X:89765295_A_G	X:91003554_C_T
X:89765295_A_G	X:97651827_AATAT_A
X:3606290_C_T	NONE
18:54438799_C_T	18:54440933_T_A
18:54438799_C_T	18:56128265_C_T
18:54438799_C_T	18:56220197_G_T
18:54438799_C_T	18:59779104_CT_C
18:54438799_C_T	18:60756981_A_T
18:54438799_C_T	18:62213730_T_C
18:54438799_C_T	18:62338819_G_A
18:54438799_C_T	18:62339224_A_G
18:54438799_C_T	18:62339300_G_C
18:54438799_C_T	18:62339524_T_A
18:54438799_C_T	18:62339645_C_CCT
18:54438799_C_T	18:62339722_G_A
18:54438799_C_T	18:62339737_C_T
17:10692137_C_T	17:10692593_A_G
12:77873911_A_G	12:70694626_G_C
12:77873911_A_G	12:70694627_T_C
12:77873911_A_G	12:70694636_G_T
12:77873911_A_G	12:70970925_C_T
14:29681138_G_C	14:29678620_A_G
14:29681138_G_C	14:29678660_C_A
14:29681138_G_C	14:29678676_A_G
14:29681138_G_C	14:29679003_G_C
14:29681138_G_C	14:29681133_G_T
14:29681138_G_C	14:29681160_G_T
14:29681138_G_C	14:29684630_G_A
14:29681138_G_C	14:29687935_CT_C
14:29681138_G_C	14:29690643_G_A
14:29681138_G_C	14:29692277_T_C
14:29681138_G_C	14:30615057_G_A
14:29681138_G_C	14:30643369_G_A
14:29681138_G_C	14:30646326_G_A
14:29681138_G_C	14:39027586_T_C
14:29681138_G_C	14:39027593_G_A
14:29681138_G_C	14:39034537_C_A
14:29681138_G_C	14:39038849_G_T
14:29681138_G_C	14:39043189_C_T
14:29681138_G_C	14:39045785_G_T
7:30748744_C_G	7:29312165_C_T
7:30748744_C_G	7:29312182_G_A
7:30748744_C_G	7:29315099_T_G
7:30748744_C_G	7:30762205_T_G
7:30748744_C_G	7:30763042_T_C
7:30748744_C_G	7:30764503_A_C
7:30748744_C_G	7:30764820_T_C
7:30748744_C_G	7:30764823_A_G
7:30748744_C_G	7:30764982_C_G
7:30748744_C_G	7:30765053_G_C
7:30748744_C_G	7:30767351_A_G
7:30748744_C_G	7:30767733_A_G
7:30748744_C_G	7:30767762_G_A
7:30748744_C_G	7:30767830_G_A
7:30748744_C_G	7:30768405_T_C
7:30748744_C_G	7:30769508_A_G
7:30748744_C_G	7:30770309_C_T
7:30748744_C_G	7:30780217_C_T
7:30748744_C_G	7:30781232_C_T
7:30748744_C_G	7:31336627_C_T
7:30748744_C_G	7:31638412_C_T
11:56998260_G_C	11:47285396_C_T
11:56998260_G_C	11:47322090_T_G
11:56998260_G_C	11:47333729_C_T
11:56998260_G_C	11:54971213_C_T
11:56998260_G_C	11:66071974_T_C
18:19286400_T_C	18:10799852_TC_T
18:19286400_T_C	18:10803721_C_T
18:19286400_T_C	18:12433248_G_A
18:19286400_T_C	18:14459506_A_G
18:19286400_T_C	18:18988109_ATGTT_A
18:19286400_T_C	18:19020856_T_C
18:19286400_T_C	18:19077812_C_T
18:19286400_T_C	18:19082003_C_T
18:19286400_T_C	18:19100892_CA_C
18:19286400_T_C	18:19102021_C_T
18:19286400_T_C	18:19257068_T_C
18:19286400_T_C	18:19274488_T_A
18:19286400_T_C	18:19274963_A_G
18:19286400_T_C	18:19276332_A_G
18:19286400_T_C	18:19278900_C_CT
18:19286400_T_C	18:19280788_CAAAAAAAAAAAA_C
18:19286400_T_C	18:19286470_G_A
18:19286400_T_C	18:19286601_A_T
18:19286400_T_C	18:19588264_G_A
18:19286400_T_C	18:20835805_G_A
18:19286400_T_C	18:22632927_C_T
18:19286400_T_C	18:25384041_TA_T
18:19286400_T_C	18:25389124_T_A
18:19286400_T_C	18:25390918_C_A
18:19286400_T_C	18:25432166_A_G
18:19286400_T_C	18:25432182_A_G
18:19286400_T_C	18:25433203_A_G
18:19286400_T_C	18:25434387_G_A
18:19286400_T_C	18:25436779_A_C
18:19286400_T_C	18:25437130_C_T
18:19286400_T_C	18:25438200_C_G
18:19286400_T_C	18:25438630_A_T
18:19286400_T_C	18:25439269_G_A
18:19286400_T_C	18:25440800_A_G
18:19286400_T_C	18:25442173_C_T
18:19286400_T_C	18:25442656_G_A
18:19286400_T_C	18:25442843_A_T
18:19286400_T_C	18:25442972_T_C
18:19286400_T_C	18:25443073_G_T
18:19286400_T_C	18:25443313_G_A
18:19286400_T_C	18:25444241_G_A
18:19286400_T_C	18:25445882_C_G
18:19286400_T_C	18:25446286_A_T
18:19286400_T_C	18:25447906_T_C
18:19286400_T_C	18:25448086_G_A
18:19286400_T_C	18:25448115_A_C
18:19286400_T_C	18:25448376_A_C
18:19286400_T_C	18:25448476_T_C
18:19286400_T_C	18:25448662_T_C
18:19286400_T_C	18:25449300_T_G
18:19286400_T_C	18:25449335_A_C
18:19286400_T_C	18:25449446_T_C
18:19286400_T_C	18:25449930_C_T
18:19286400_T_C	18:25450111_T_C
18:19286400_T_C	18:25450245_C_T
18:19286400_T_C	18:25450739_A_G
18:19286400_T_C	18:25451065_C_T
18:19286400_T_C	18:25451089_G_A
18:19286400_T_C	18:25451530_C_G
18:19286400_T_C	18:25451626_A_ATC
18:19286400_T_C	18:25452102_G_A
11:46164050_T_C	11:42789146_T_C
11:46164050_T_C	11:42793356_G_T
11:46164050_T_C	11:42794152_C_T
11:46164050_T_C	11:42794671_C_T
11:46164050_T_C	11:42797403_C_A
11:46164050_T_C	11:42800778_A_G
11:46164050_T_C	11:42803359_T_C
11:46164050_T_C	11:43954031_C_T
11:46164050_T_C	11:45013934_T_C
1:21967567_A_AT	1:12632992_A_G
1:21967567_A_AT	1:12683207_T_C
1:21967567_A_AT	1:15585613_T_G
1:21967567_A_AT	1:15586612_C_T
1:21967567_A_AT	1:15588516_C_T
1:21967567_A_AT	1:15588990_C_T
1:21967567_A_AT	1:18739983_G_T
1:21967567_A_AT	1:19122672_T_C
1:21967567_A_AT	1:19123567_A_G
1:21967567_A_AT	1:20379236_T_C
1:21967567_A_AT	1:21823076_T_C
1:21967567_A_AT	1:21992408_A_G
1:21967567_A_AT	1:21996845_T_C
1:21967567_A_AT	1:22355890_A_G
1:21967567_A_AT	1:22383521_C_T
1:21967567_A_AT	1:22431610_G_T
1:21967567_A_AT	1:22549135_T_C
1:21967567_A_AT	1:22554176_A_G
1:21967567_A_AT	1:22623239_C_T
1:21967567_A_AT	1:22624235_T_C
1:21967567_A_AT	1:22624636_C_T
1:21967567_A_AT	1:22624702_A_C
1:21967567_A_AT	1:22624756_G_A
1:21967567_A_AT	1:22625074_C_A
1:21967567_A_AT	1:22625246_A_C
1:21967567_A_AT	1:22625770_A_G
1:21967567_A_AT	1:22625952_T_C
1:21967567_A_AT	1:22626370_G_T
1:21967567_A_AT	1:22626638_C_T
1:21967567_A_AT	1:22626687_C_A
1:21967567_A_AT	1:22626927_A_G
1:21967567_A_AT	1:22626998_G_GAGAA
1:21967567_A_AT	1:22627034_G_A
1:21967567_A_AT	1:22627313_A_C
1:21967567_A_AT	1:22627395_A_G
1:21967567_A_AT	1:22627445_A_C
1:21967567_A_AT	1:22627517_A_G
1:21967567_A_AT	1:22627760_C_T
1:21967567_A_AT	1:22627871_A_T
1:21967567_A_AT	1:22628301_T_A
1:21967567_A_AT	1:22628317_G_C
1:21967567_A_AT	1:22991285_G_T
1:21967567_A_AT	1:22992253_A_G
1:21967567_A_AT	1:22995615_C_G
1:21967567_A_AT	1:23005073_GCA_G
1:21967567_A_AT	1:23005586_GCA_G
1:21967567_A_AT	1:26741740_T_A
1:21967567_A_AT	1:28496498_G_A
1:175675596_G_A	1:173951183_T_C
1:175675596_G_A	1:173959159_C_T
1:175675596_G_A	1:174025398_G_C
1:175675596_G_A	1:174790811_A_G
1:175675596_G_A	1:174800400_C_G
1:175675596_G_A	1:174825498_A_G
1:175675596_G_A	1:174895322_A_G
1:175675596_G_A	1:174906340_T_G
1:175675596_G_A	1:174910380_TGTTA_T
1:175675596_G_A	1:174941727_C_T
1:175675596_G_A	1:175379694_G_A
1:175675596_G_A	1:175384064_G_C
1:175675596_G_A	1:175667116_C_A
1:175675596_G_A	1:175670500_T_C
1:175675596_G_A	1:175670630_G_A
1:175675596_G_A	1:175671184_C_T
8:34121021_C_CT	8:34100811_G_A
8:34121021_C_CT	8:34100838_G_A
8:34121021_C_CT	8:34101991_G_A
8:34121021_C_CT	8:34102805_AC_A
8:34121021_C_CT	8:34105740_T_A
8:34121021_C_CT	8:34128617_C_T
8:34121021_C_CT	8:34342819_A_G
8:34121021_C_CT	8:34343807_G_A
8:34121021_C_CT	8:34343841_A_C
8:34121021_C_CT	8:34347150_C_T
8:34121021_C_CT	8:34348002_G_A
8:34121021_C_CT	8:34348903_T_C
8:34121021_C_CT	8:34353811_T_C
8:34121021_C_CT	8:34365476_A_T
8:34121021_C_CT	8:39915009_C_T
8:34121021_C_CT	8:39918599_T_G
8:34121021_C_CT	8:39923349_C_A
8:34121021_C_CT	8:39933360_G_A
8:34121021_C_CT	8:39948314_G_A
8:34121021_C_CT	8:39949131_C_A
8:34121021_C_CT	8:39950526_C_CAAACA
8:34121021_C_CT	8:39954405_G_A
3:41970925_A_G	3:35740828_T_G
3:41970925_A_G	3:35760537_A_C
3:41970925_A_G	3:36978647_A_G
3:41970925_A_G	3:37187950_C_T
3:41970925_A_G	3:37293326_C_T
3:41970925_A_G	3:38590849_G_A
3:41970925_A_G	3:38591689_T_C
3:41970925_A_G	3:38592406_A_G
3:41970925_A_G	3:38597558_A_G
3:41970925_A_G	3:38599812_C_G
3:41970925_A_G	3:38601556_T_C
3:41970925_A_G	3:41802819_T_C
3:41970925_A_G	3:41834680_C_CA
3:41970925_A_G	3:41836470_A_G
3:41970925_A_G	3:41851210_A_G
3:41970925_A_G	3:41910571_T_C
3:41970925_A_G	3:41955464_G_A
3:41970925_A_G	3:41984041_G_A
3:41970925_A_G	3:42471636_TA_T
6:21307705_A_AT	6:12464639_T_C
6:21307705_A_AT	6:12494487_C_T
6:21307705_A_AT	6:20816358_CCCCG_C
6:21307705_A_AT	6:21308903_G_A
6:21307705_A_AT	6:21311673_A_G
6:21307705_A_AT	6:22661281_C_T
6:21307705_A_AT	6:22837898_C_A
10:105175131_T_C	10:97038096_T_C
10:105175131_T_C	10:97038253_A_T
10:105175131_T_C	10:97038365_C_G
10:105175131_T_C	10:97346588_G_A
10:105175131_T_C	10:100456682_AAAAC_A
10:105175131_T_C	10:103423357_T_C
10:105175131_T_C	10:103625540_C_T
10:105175131_T_C	10:104305501_C_T
10:105175131_T_C	10:104494977_C_T
10:105175131_T_C	10:104616143_T_TA
10:105175131_T_C	10:104856100_A_C
10:105175131_T_C	10:104997014_G_A
10:105175131_T_C	10:105000633_C_G
10:105175131_T_C	10:105001510_A_G
10:105175131_T_C	10:105001797_G_A
10:105175131_T_C	10:105003721_T_G
10:105175131_T_C	10:105007926_G_T
10:105175131_T_C	10:105009086_A_G
10:105175131_T_C	10:105016107_T_C
10:105175131_T_C	10:105020445_C_CACAA
10:105175131_T_C	10:105028040_T_C
10:105175131_T_C	10:105029390_T_TTTAA
10:105175131_T_C	10:105033903_T_C
10:105175131_T_C	10:105038455_T_A
10:105175131_T_C	10:105049105_C_G
10:105175131_T_C	10:105052624_G_A
10:105175131_T_C	10:105052940_C_T
10:105175131_T_C	10:105052976_G_T
10:105175131_T_C	10:105057561_C_G
10:105175131_T_C	10:105059308_G_T
10:105175131_T_C	10:105059494_CCAA_C
10:105175131_T_C	10:105059896_T_C
10:105175131_T_C	10:105061143_C_T
10:105175131_T_C	10:105062209_G_GTTTTTTTTTTTTTTTTTTTTTTTTTTTT
10:105175131_T_C	10:105063897_C_CT
10:105175131_T_C	10:105064294_T_C
10:105175131_T_C	10:105064973_AC_A
10:105175131_T_C	10:105065845_C_CA
10:105175131_T_C	10:105069120_A_C
10:105175131_T_C	10:105077124_C_A
10:105175131_T_C	10:105079162_C_T
10:105175131_T_C	10:105079439_T_C
10:105175131_T_C	10:105084840_C_T
10:105175131_T_C	10:105085609_TAA_T
10:105175131_T_C	10:105095204_T_C
10:105175131_T_C	10:105095584_T_C
10:105175131_T_C	10:105097665_CAA_C
10:105175131_T_C	10:105097692_G_A
10:105175131_T_C	10:105097693_C_T
10:105175131_T_C	10:105097695_C_T
10:105175131_T_C	10:105097712_T_C
10:105175131_T_C	10:105097713_T_C
10:105175131_T_C	10:105104083_C_T
10:105175131_T_C	10:105108455_T_C
10:105175131_T_C	10:105113701_C_T
10:105175131_T_C	10:105114747_T_A
10:105175131_T_C	10:105116056_C_T
10:105175131_T_C	10:105118462_C_T
10:105175131_T_C	10:105118476_C_T
10:105175131_T_C	10:105120391_T_C
10:105175131_T_C	10:105124741_T_C
10:105175131_T_C	10:105127587_G_T
10:105175131_T_C	10:105127708_G_A
10:105175131_T_C	10:105130812_A_G
10:105175131_T_C	10:105132466_A_G
10:105175131_T_C	10:105138961_C_T
10:105175131_T_C	10:105144288_C_T
10:105175131_T_C	10:105145657_A_G
10:105175131_T_C	10:105146342_A_G
10:105175131_T_C	10:105146692_G_T
10:105175131_T_C	10:105152399_A_AT
10:105175131_T_C	10:105155066_C_A
10:105175131_T_C	10:105155645_T_C
10:105175131_T_C	10:105162141_A_G
10:105175131_T_C	10:105168532_G_C
10:105175131_T_C	10:105927209_G_A
10:105175131_T_C	10:106683643_T_A
10:105175131_T_C	10:107006209_C_T
10:105175131_T_C	10:107036617_T_C
10:105175131_T_C	10:107331426_G_A
7:13177480_G_A	7:8668026_T_A
7:13177480_G_A	7:8668756_A_T
7:13177480_G_A	7:8680146_G_A
7:13177480_G_A	7:8680238_G_A
7:13177480_G_A	7:8686053_T_A
7:13177480_G_A	7:8691062_A_G
7:13177480_G_A	7:8697551_G_T
7:13177480_G_A	7:8699615_G_A
7:13177480_G_A	7:8700058_G_A
7:13177480_G_A	7:8700142_T_C
7:13177480_G_A	7:8701707_C_T
7:13177480_G_A	7:8702646_G_C
7:13177480_G_A	7:8705460_A_C
7:13177480_G_A	7:8724644_T_C
7:13177480_G_A	7:11779718_A_G
7:13177480_G_A	7:13134286_C_T
7:13177480_G_A	7:13142474_G_T
14:87839269_T_C	14:86644651_G_A
14:87839269_T_C	14:87753660_C_T
14:87839269_T_C	14:87769405_A_G
14:87839269_T_C	14:87817572_A_G
14:87839269_T_C	14:87827309_A_C
14:87839269_T_C	14:88559615_A_G
14:87839269_T_C	14:88562982_C_T
14:87839269_T_C	14:88585207_G_A
14:87839269_T_C	14:88588953_T_C
14:87839269_T_C	14:88605255_A_C
14:87839269_T_C	14:88624946_A_G
14:87839269_T_C	14:88625605_T_C
14:87839269_T_C	14:88626243_G_A
14:87839269_T_C	14:88626664_G_A
8:127090656_G_T	8:127089556_CAA_C
8:127090656_G_T	8:127092140_T_A
8:127090656_G_T	8:127099135_A_T
8:127090656_G_T	8:127100233_C_CA
8:127090656_G_T	8:127102330_G_T
8:127090656_G_T	8:127103441_A_G
8:127090656_G_T	8:127104512_T_G
8:127090656_G_T	8:127106518_C_G
8:127090656_G_T	8:127109498_T_C
8:127090656_G_T	8:129016936_T_G
8:127090656_G_T	8:129018391_T_TAAA
8:127090656_G_T	8:129032313_C_CCTT
8:145692762_G_T	8:144892984_C_T
8:145692762_G_T	8:145688534_G_A
8:145692762_G_T	8:145690111_CCTCT_C
8:145692762_G_T	8:145696535_CAG_C
8:145692762_G_T	8:145696702_A_AT
8:145692762_G_T	8:145702007_T_C
8:145692762_G_T	8:145703413_T_C
8:145692762_G_T	8:145703508_G_A
8:145692762_G_T	8:145764360_T_C
3:72147897_G_T	3:72136026_G_A
3:72147897_G_T	3:72136305_G_A
3:72147897_G_T	3:72145581_G_A
3:72147897_G_T	3:72154986_A_G
3:72147897_G_T	3:72155156_G_C
3:72147897_G_T	3:72155304_C_T
3:72147897_G_T	3:72156119_C_A
3:72147897_G_T	3:72156383_T_G
3:72147897_G_T	3:72156451_C_A
3:72147897_G_T	3:72156516_G_C
3:72147897_G_T	3:72156585_A_G
3:72147897_G_T	3:72156615_C_T
3:72147897_G_T	3:72157469_G_A
3:72147897_G_T	3:72157532_G_A
3:72147897_G_T	3:72159776_G_A
3:72147897_G_T	3:72161708_G_A
3:72147897_G_T	3:72161930_A_C
3:72147897_G_T	3:72162017_T_C
3:72147897_G_T	3:72164117_G_T
3:72147897_G_T	3:72168923_G_A
3:72147897_G_T	3:74389722_C_A
3:72147897_G_T	3:74390690_T_C
3:72147897_G_T	3:74393095_A_G
3:72147897_G_T	3:80121323_G_A
3:72147897_G_T	3:80214400_C_G
3:72147897_G_T	3:80254446_C_T
3:72147897_G_T	3:80333052_A_G
3:72147897_G_T	3:80358588_G_A
3:72147897_G_T	3:80384956_CATCTT_C
3:72147897_G_T	3:80409054_GGAA_G
4:37761253_C_CA	4:32166109_T_C
4:37761253_C_CA	4:32166605_A_C
4:37761253_C_CA	4:32166606_A_T
4:37761253_C_CA	4:32166607_T_C
4:37761253_C_CA	4:34874246_A_T
4:37761253_C_CA	4:34876631_T_C
4:37761253_C_CA	4:37758827_T_G
4:37761253_C_CA	4:37760377_G_A
4:37761253_C_CA	4:37763014_C_T
4:37761253_C_CA	4:38315532_C_G
4:37761253_C_CA	4:38317909_C_T
4:37761253_C_CA	4:41234424_C_T
4:37761253_C_CA	4:41924663_T_A
4:37761253_C_CA	4:41927942_C_T
1:248530545_A_G	1:244269260_TTCTG_T
1:248530545_A_G	1:244271642_C_A
1:248530545_A_G	1:246296723_C_T
1:248530545_A_G	1:248118356_C_T
1:248530545_A_G	1:248250913_C_T
1:248530545_A_G	1:248352788_G_A
1:248530545_A_G	1:248566650_A_G
3:137285414_T_C	3:130089076_A_T
3:137285414_T_C	3:130089271_G_A
3:137285414_T_C	3:130089416_T_C
3:137285414_T_C	3:130093185_A_G
3:137285414_T_C	3:135878634_T_C
3:137285414_T_C	3:135881890_T_A
3:137285414_T_C	3:135885163_G_A
3:137285414_T_C	3:135900763_AAAAT_A
3:137285414_T_C	3:137302403_T_G
3:137285414_T_C	3:137319226_C_T
3:137285414_T_C	3:141519874_C_T
9:129372974_C_T	9:129388929_TG_T
9:129372974_C_T	9:129412066_T_C
9:129372974_C_T	9:129412237_T_G
18:66171647_G_A	18:66740190_C_A
18:66171647_G_A	18:67567579_A_C
18:66171647_G_A	18:67567706_C_T
18:66171647_G_A	18:69331540_T_A
18:66171647_G_A	18:69502879_G_A
18:66171647_G_A	18:69939741_A_G
12:133121408_A_G	12:125001339_G_GC
12:133121408_A_G	12:127504942_G_A
12:133121408_A_G	12:133066392_C_A
12:133121408_A_G	12:133068484_G_A
12:133121408_A_G	12:133069698_G_A
12:133121408_A_G	12:133070294_C_T
12:133121408_A_G	12:133080449_A_T
12:133121408_A_G	12:133087707_C_G
12:133121408_A_G	12:133088290_G_T
12:133121408_A_G	12:133095629_G_A
12:133121408_A_G	12:133106511_C_T
12:133121408_A_G	12:133107524_C_T
12:133121408_A_G	12:133108161_G_A
12:133121408_A_G	12:133112078_G_A
12:133121408_A_G	12:133114840_G_A
12:133121408_A_G	12:133116997_G_T
12:133121408_A_G	12:133120238_C_CATGTCT
12:133121408_A_G	12:133124329_T_C
12:133121408_A_G	12:133125450_G_A
12:133121408_A_G	12:133125475_G_A
12:133121408_A_G	12:133125871_C_T
12:133121408_A_G	12:133195182_TCCCCGCGAGG_T
5:124193032_C_T	5:124184547_C_A
5:124193032_C_T	5:124187610_G_A
5:124193032_C_T	5:124188887_A_C
5:124193032_C_T	5:124189353_C_T
5:124193032_C_T	5:124189674_A_G
5:124193032_C_T	5:124189778_A_G
5:124193032_C_T	5:124189973_A_G
5:124193032_C_T	5:124190125_G_A
5:124193032_C_T	5:124190171_CAAT_C
5:124193032_C_T	5:124190195_C_T
5:124193032_C_T	5:124190284_G_A
5:124193032_C_T	5:124190869_G_A
5:124193032_C_T	5:124190915_T_A
5:124193032_C_T	5:124191082_C_T
5:124193032_C_T	5:124191154_T_A
5:124193032_C_T	5:124191429_GT_G
5:124193032_C_T	5:124192165_A_G
5:124193032_C_T	5:124192272_A_T
5:124193032_C_T	5:124192440_T_C
5:124193032_C_T	5:124192486_T_C
5:124193032_C_T	5:124192785_C_G
5:124193032_C_T	5:124192793_C_A
5:124193032_C_T	5:124193123_T_C
5:124193032_C_T	5:124193909_A_T
5:124193032_C_T	5:124193973_C_T
5:124193032_C_T	5:124194335_C_A
5:124193032_C_T	5:124194469_T_C
5:124193032_C_T	5:124194621_A_G
5:124193032_C_T	5:124194734_AT_A
5:124193032_C_T	5:124195945_G_C
5:124193032_C_T	5:124196203_G_C
5:124193032_C_T	5:124197364_C_T
5:124193032_C_T	5:124199104_A_C
5:124193032_C_T	5:126709432_C_T
5:124193032_C_T	5:126715206_G_A
5:124193032_C_T	5:126799811_ACT_A
15:54594803_G_A	15:45416430_C_T
15:54594803_G_A	15:45416531_G_A
15:54594803_G_A	15:53173446_G_C
15:54594803_G_A	15:53596267_C_T
15:54594803_G_A	15:53596757_A_G
15:54594803_G_A	15:53596857_C_T
15:54594803_G_A	15:53598444_A_G
15:54594803_G_A	15:53650468_G_A
15:54594803_G_A	15:53653081_A_G
15:54594803_G_A	15:54593512_G_A
20:49069898_C_T	20:39192176_C_G
20:49069898_C_T	20:39192317_C_T
20:49069898_C_T	20:39192935_T_TA
20:49069898_C_T	20:39197871_A_C
20:49069898_C_T	20:39198012_C_CAT
20:49069898_C_T	20:39198468_T_C
20:49069898_C_T	20:46493155_T_A
20:49069898_C_T	20:46494014_A_T
20:49069898_C_T	20:46499672_G_A
20:49069898_C_T	20:48669150_CAGT_C
20:49069898_C_T	20:49105785_G_T
20:49069898_C_T	20:54189593_T_C
5:166043291_T_C	5:162935353_C_T
5:166043291_T_C	5:166122541_A_C
5:166043291_T_C	5:166437922_T_A
5:166043291_T_C	5:166438210_G_A
5:166043291_T_C	5:166438415_T_C
5:166043291_T_C	5:166439302_G_A
5:166043291_T_C	5:166439746_G_A
5:166043291_T_C	5:166439867_AT_A
5:166043291_T_C	5:166440142_C_T
5:166043291_T_C	5:166440721_T_G
5:166043291_T_C	5:166447450_T_C
5:166043291_T_C	5:166456108_T_C
5:166043291_T_C	5:166456297_C_G
5:166043291_T_C	5:166456862_A_G
5:166043291_T_C	5:166458770_A_G
5:166043291_T_C	5:166459845_A_C
5:166043291_T_C	5:166483674_C_T
5:166043291_T_C	5:166496257_A_G
5:166043291_T_C	5:166497138_T_A
5:166043291_T_C	5:166497415_T_C
5:166043291_T_C	5:166497634_T_C
5:166043291_T_C	5:166497908_A_G
5:166043291_T_C	5:166498325_A_G
5:166043291_T_C	5:166500026_C_T
5:166043291_T_C	5:168208247_C_T
5:166043291_T_C	5:171317318_G_A
10:16466289_C_T	10:7671313_C_T
10:16466289_C_T	10:16455610_G_T
10:16466289_C_T	10:18334355_C_T
6:102779183_G_C	6:102225817_G_A
6:102779183_G_C	6:107507680_G_GT
6:102779183_G_C	6:111968245_A_G
6:102779183_G_C	6:112778765_A_G
19:56191550_G_A	19:56229656_C_T
12:105898590_A_G	12:105882319_G_T
12:105898590_A_G	12:106817179_A_G
12:105898590_A_G	12:106865239_G_A
12:105898590_A_G	12:106913694_C_T
12:105898590_A_G	12:106919126_T_A
12:105898590_A_G	12:106924423_A_T
12:105898590_A_G	12:106928486_G_A
12:105898590_A_G	12:106950333_A_G
12:105898590_A_G	12:106951103_T_C
12:105898590_A_G	12:107261414_A_G
12:105898590_A_G	12:107294210_GTTA_G
12:105898590_A_G	12:107296902_G_A
12:105898590_A_G	12:107303577_G_A
12:105898590_A_G	12:107304037_A_G
12:105898590_A_G	12:107306174_G_A
12:105898590_A_G	12:107310797_C_T
12:105898590_A_G	12:107311235_G_A
12:105898590_A_G	12:107312430_T_C
12:105898590_A_G	12:107314585_T_A
12:105898590_A_G	12:107316796_G_T
12:105898590_A_G	12:107319150_C_T
12:105898590_A_G	12:107319661_G_A
12:105898590_A_G	12:107321245_G_C
12:105898590_A_G	12:107326552_G_A
12:105898590_A_G	12:107328124_A_G
12:105898590_A_G	12:107332126_A_C
12:105898590_A_G	12:107341664_T_G
12:105898590_A_G	12:107349257_A_AG
12:105898590_A_G	12:107350088_C_G
7:151260040_CA_C	7:148422317_A_G
7:151260040_CA_C	7:150705610_T_C
7:151260040_CA_C	7:150948000_T_C
7:151260040_CA_C	7:151268920_C_T
7:151260040_CA_C	7:151308043_G_T
7:151260040_CA_C	7:151443171_A_AT
3:161366459_C_G	3:158824018_A_G
3:161366459_C_G	3:161148726_GT_G
3:161366459_C_G	3:161314754_G_A
3:161366459_C_G	3:161321464_C_T
3:161366459_C_G	3:161325255_T_C
3:161366459_C_G	3:161327035_A_T
3:161366459_C_G	3:161328281_G_A
3:161366459_C_G	3:161339062_C_T
3:161366459_C_G	3:161345559_G_T
3:161366459_C_G	3:161354976_TATACTG_T
3:161366459_C_G	3:161354986_AC_A
3:161366459_C_G	3:161354999_T_A
3:161366459_C_G	3:163495929_C_T
3:161366459_C_G	3:168192188_G_A
22:41624461_A_G	22:34718770_GA_G
22:41624461_A_G	22:39736814_TC_T
22:41624461_A_G	22:39737090_C_T
22:41624461_A_G	22:39737094_C_T
22:41624461_A_G	22:39739628_C_T
22:41624461_A_G	22:39740078_G_A
22:41624461_A_G	22:39741091_G_A
22:41624461_A_G	22:39742406_C_T
22:41624461_A_G	22:40691150_G_T
22:41624461_A_G	22:40732953_G_A
22:41624461_A_G	22:40733777_A_G
22:41624461_A_G	22:40733951_T_C
22:41624461_A_G	22:40734241_G_C
22:41624461_A_G	22:40734249_T_C
22:41624461_A_G	22:40734790_T_C
22:41624461_A_G	22:40735798_C_G
22:41624461_A_G	22:40736472_G_A
22:41624461_A_G	22:40736713_T_C
22:41624461_A_G	22:40736900_A_T
22:41624461_A_G	22:40736938_A_C
22:41624461_A_G	22:40736988_A_G
22:41624461_A_G	22:40737027_A_G
22:41624461_A_G	22:40737036_G_A
22:41624461_A_G	22:40739177_A_G
22:41624461_A_G	22:40739414_C_G
22:41624461_A_G	22:40739786_A_T
22:41624461_A_G	22:40740104_G_A
22:41624461_A_G	22:40741344_T_C
22:41624461_A_G	22:40741502_T_TA
22:41624461_A_G	22:40741640_C_T
22:41624461_A_G	22:40742417_C_T
22:41624461_A_G	22:40742831_A_G
22:41624461_A_G	22:40742921_C_T
22:41624461_A_G	22:40742989_T_C
22:41624461_A_G	22:40744053_A_G
22:41624461_A_G	22:40745181_T_C
22:41624461_A_G	22:40754826_GTCTC_G
22:41624461_A_G	22:40758581_C_T
22:41624461_A_G	22:40759670_G_A
22:41624461_A_G	22:40772716_G_GGTGGA
22:41624461_A_G	22:40779197_T_C
22:41624461_A_G	22:40781586_G_A
22:41624461_A_G	22:40782490_G_A
22:41624461_A_G	22:40784278_C_T
22:41624461_A_G	22:40789216_A_G
22:41624461_A_G	22:40790101_G_A
22:41624461_A_G	22:40790565_G_A
22:41624461_A_G	22:40791002_T_C
22:41624461_A_G	22:40791972_G_A
22:41624461_A_G	22:40792038_G_T
22:41624461_A_G	22:40792569_C_G
22:41624461_A_G	22:40795242_A_G
22:41624461_A_G	22:40800518_G_A
22:41624461_A_G	22:40800544_C_T
22:41624461_A_G	22:41408991_G_A
22:41624461_A_G	22:41489920_G_A
22:41624461_A_G	22:41635425_C_T
22:41624461_A_G	22:41641984_C_T
22:41624461_A_G	22:41651026_T_C
22:41624461_A_G	22:41652733_G_A
22:41624461_A_G	22:41676176_A_G
22:41624461_A_G	22:41679218_A_AG
1:200251050_C_A	1:190451481_G_A
1:200251050_C_A	1:190506086_A_G
1:200251050_C_A	1:196056339_C_CA
1:200251050_C_A	1:196063081_G_A
1:200251050_C_A	1:196068493_A_C
1:200251050_C_A	1:196069199_T_C
1:200251050_C_A	1:196080132_T_A
1:200251050_C_A	1:197983496_G_GA
1:200251050_C_A	1:200199735_C_CA
1:200251050_C_A	1:200208292_TTGG_T
1:200251050_C_A	1:200250436_A_G
1:200251050_C_A	1:200250933_A_AG
1:200251050_C_A	1:200253673_G_T
1:200251050_C_A	1:200254318_C_G
1:200251050_C_A	1:200254384_G_A
1:200251050_C_A	1:200254634_C_A
1:200251050_C_A	1:200255600_T_G
1:200251050_C_A	1:200255788_C_A
1:200251050_C_A	1:200256422_G_A
1:200251050_C_A	1:200259095_C_T
1:200251050_C_A	1:209020811_G_A
1:188889272_T_C	1:188888226_G_A
1:188889272_T_C	1:188888360_G_A
1:188889272_T_C	1:188890162_A_G
1:188889272_T_C	1:188899297_T_TA
1:188889272_T_C	1:188901419_C_T
1:188889272_T_C	1:195030151_C_T
1:188889272_T_C	1:195039503_C_T
4:190501611_A_C	4:186813455_T_C
4:190501611_A_C	4:186878301_T_C
4:190501611_A_C	4:186878448_C_T
4:190501611_A_C	4:186878489_C_A
4:190501611_A_C	4:186880761_T_C
4:190501611_A_C	4:186881285_A_G
3:32508142_G_A	3:29972027_T_C
3:32508142_G_A	3:32507630_C_G
3:32508142_G_A	3:32512038_T_C
3:32508142_G_A	3:32520607_G_C
3:32508142_G_A	3:36990356_T_TG
3:32508142_G_A	3:38665580_A_G
14:38673264_C_T	14:34131511_G_C
14:38673264_C_T	14:38669927_T_C
14:38673264_C_T	14:38670045_A_G
14:38673264_C_T	14:38670898_G_T
14:38673264_C_T	14:38671029_AG_A
14:38673264_C_T	14:38673504_C_T
14:38673264_C_T	14:39004249_CA_C
14:38673264_C_T	14:39012655_C_T
14:38673264_C_T	14:39014942_G_A
14:38673264_C_T	14:39015188_C_T
14:38673264_C_T	14:39017243_C_T
14:38673264_C_T	14:39017395_C_A
14:38673264_C_T	14:39022270_ATTC_A
14:38673264_C_T	14:39022985_C_G
14:38673264_C_T	14:39618686_A_T
X:20443210_C_T	X:20432946_CAGA_C
X:20443210_C_T	X:20438840_A_C
X:20443210_C_T	X:20440394_A_C
X:20443210_C_T	X:20443208_TC_T
X:20443210_C_T	X:20446775_C_T
X:20443210_C_T	X:20447007_C_A
X:20443210_C_T	X:20448115_C_T
X:20443210_C_T	X:20448282_A_T
X:20443210_C_T	X:20456745_G_C
X:20443210_C_T	X:20458284_T_G
X:20443210_C_T	X:20459726_C_T
X:20443210_C_T	X:20459757_G_A
X:20443210_C_T	X:20461544_G_C
X:20443210_C_T	X:20461615_A_G
X:20443210_C_T	X:20461789_T_A
X:20443210_C_T	X:20462608_C_A
X:20443210_C_T	X:20468252_GTCTC_G
X:20443210_C_T	X:20468314_A_C
X:20443210_C_T	X:20468402_G_C
X:20443210_C_T	X:20474701_G_A
X:20443210_C_T	X:20482672_G_A
X:20443210_C_T	X:20482917_G_A
X:20443210_C_T	X:20483946_G_A
X:20443210_C_T	X:20484328_A_G
X:20443210_C_T	X:20484686_G_A
X:20443210_C_T	X:20767495_T_C
X:20443210_C_T	X:22396669_C_T
X:20443210_C_T	X:22405018_C_T
3:13695304_C_T	3:13694629_G_A
3:13695304_C_T	3:13717199_A_G
3:13695304_C_T	3:13717663_A_G
3:13695304_C_T	3:13718165_A_G
3:13695304_C_T	3:13719848_T_C
3:13695304_C_T	3:13720097_C_T
3:13695304_C_T	3:13720929_A_AC
3:13695304_C_T	3:13722407_A_C
3:13695304_C_T	3:13722635_A_G
13:55271016_C_T	13:52088010_A_G
13:55271016_C_T	13:52089783_A_G
13:55271016_C_T	13:52090623_A_G
13:55271016_C_T	13:52095838_T_C
13:55271016_C_T	13:52096811_A_G
13:55271016_C_T	13:52099781_T_G
13:55271016_C_T	13:52103651_G_A
13:55271016_C_T	13:52103654_G_A
13:55271016_C_T	13:52103678_A_T
13:55271016_C_T	13:52103686_T_G
13:55271016_C_T	13:52103687_C_CA
13:55271016_C_T	13:52104184_A_G
13:55271016_C_T	13:52114814_T_C
13:55271016_C_T	13:55252775_A_G
13:55271016_C_T	13:55261430_A_T
15:50765030_C_T	15:55881745_G_C
11:30533622_C_T	11:25439424_C_T
11:30533622_C_T	11:29499135_A_G
11:30533622_C_T	11:30532992_A_C
11:30533622_C_T	11:30534561_G_GA
8:144516728_T_A	8:140681360_T_TA
8:144516728_T_A	8:140685621_C_T
8:144516728_T_A	8:140690265_C_T
8:144516728_T_A	8:140695724_C_T
8:144516728_T_A	8:142488239_G_A
8:144516728_T_A	8:142874122_G_A
18:22606666_T_C	18:22606668_G_GCAA
18:22606666_T_C	18:22677498_C_T
18:22606666_T_C	18:22678164_C_G
18:22606666_T_C	18:22709255_CTG_C
3:29133487_A_G	3:27965554_G_A
3:29133487_A_G	3:27967260_C_T
3:29133487_A_G	3:29122066_G_C
3:29133487_A_G	3:29122986_C_T
3:29133487_A_G	3:29127260_GC_G
3:29133487_A_G	3:29131113_G_T
3:29133487_A_G	3:29135704_AT_A
3:29133487_A_G	3:29138544_T_C
3:29133487_A_G	3:29139400_A_C
3:29133487_A_G	3:29139437_C_A
12:54091543_G_A	12:53192355_T_G
12:54091543_G_A	12:54075660_G_A
12:54091543_G_A	12:54075965_T_G
12:54091543_G_A	12:54078080_G_T
8:23353865_T_C	8:15258998_GC_G
8:23353865_T_C	8:15264006_C_G
8:23353865_T_C	8:23386056_C_A
8:23353865_T_C	8:23391887_C_T
8:23353865_T_C	8:23393372_C_A
2:179654032_T_G	2:171442477_C_A
2:179654032_T_G	2:177026148_G_T
2:179654032_T_G	2:177028767_C_T
2:179654032_T_G	2:177029086_C_T
2:179654032_T_G	2:177030925_G_A
2:179654032_T_G	2:177030986_T_C
2:179654032_T_G	2:177035676_G_T
2:179654032_T_G	2:177036211_G_A
2:179654032_T_G	2:177037827_G_A
2:179654032_T_G	2:177042871_C_T
2:179654032_T_G	2:177042930_G_C
2:179654032_T_G	2:177045969_T_C
2:179654032_T_G	2:177056611_A_T
2:179654032_T_G	2:177118805_A_G
2:179654032_T_G	2:179696532_T_A
2:179654032_T_G	2:180090981_G_A
2:179654032_T_G	2:180803486_C_T
2:179654032_T_G	2:180803784_G_A
1:34288514_C_T	1:32044202_G_C
1:34288514_C_T	1:32090874_C_T
1:34288514_C_T	1:32097088_G_T
1:34288514_C_T	1:32140053_C_T
1:34288514_C_T	1:32554165_AT_A
1:34288514_C_T	1:34269435_C_G
1:34288514_C_T	1:34270187_T_C
1:34288514_C_T	1:34271868_C_T
1:34288514_C_T	1:34272987_G_A
1:34288514_C_T	1:34273612_T_C
1:34288514_C_T	1:34274216_T_C
1:34288514_C_T	1:34283008_G_T
1:34288514_C_T	1:34286584_G_C
1:34288514_C_T	1:34287512_C_T
1:34288514_C_T	1:34293097_G_A
1:34288514_C_T	1:34293885_C_T
1:34288514_C_T	1:34297428_C_A
1:34288514_C_T	1:34302673_A_C
6:16542306_G_C	6:16669017_A_G
6:16542306_G_C	6:16671320_TC_T
19:51169065_T_C	19:50929119_G_A
19:51169065_T_C	19:50929142_G_A
6:3317628_G_A	NONE
1:220201809_GCA_G	1:216060890_T_C
1:220201809_GCA_G	1:216072590_G_A
1:220201809_GCA_G	1:216073395_G_A
1:220201809_GCA_G	1:216073505_C_T
1:220201809_GCA_G	1:220168633_A_G
1:220201809_GCA_G	1:220174732_C_T
1:220201809_GCA_G	1:220175679_G_GA
1:220201809_GCA_G	1:220176334_G_A
1:220201809_GCA_G	1:220179892_T_C
1:220201809_GCA_G	1:220181010_C_T
1:220201809_GCA_G	1:220181660_C_T
1:220201809_GCA_G	1:220189446_G_A
1:220201809_GCA_G	1:220192171_T_TAAA
1:220201809_GCA_G	1:220194054_G_A
1:220201809_GCA_G	1:220202145_CTTTCA_C
1:220201809_GCA_G	1:220205020_C_T
1:220201809_GCA_G	1:220206690_G_C
1:220201809_GCA_G	1:220209312_T_C
1:220201809_GCA_G	1:220209785_C_G
1:220201809_GCA_G	1:220209975_C_T
1:220201809_GCA_G	1:220215401_T_C
1:220201809_GCA_G	1:220215455_G_A
1:220201809_GCA_G	1:220216950_A_C
1:220201809_GCA_G	1:222875365_CA_C
1:220201809_GCA_G	1:222881372_C_T
1:220201809_GCA_G	1:222899427_T_C
1:220201809_GCA_G	1:222906294_A_G
1:220201809_GCA_G	1:222911002_G_C
1:220201809_GCA_G	1:222911960_G_T
1:220201809_GCA_G	1:222915809_CA_C
1:220201809_GCA_G	1:222916149_AT_A
1:220201809_GCA_G	1:222923001_A_G
1:220201809_GCA_G	1:222924147_CA_C
1:220201809_GCA_G	1:222925935_T_C
1:220201809_GCA_G	1:222927394_G_A
11:101429191_TACACACACAC_T	11:97113420_G_A
11:101429191_TACACACACAC_T	11:97525721_A_G
11:101429191_TACACACACAC_T	11:100482500_GTCTACAAAAGTTACT_G
11:101429191_TACACACACAC_T	11:101051463_A_T
11:101429191_TACACACACAC_T	11:101434719_A_G
11:101429191_TACACACACAC_T	11:101486371_C_T
11:101429191_TACACACACAC_T	11:101493694_T_A
11:101429191_TACACACACAC_T	11:101495197_T_C
11:101429191_TACACACACAC_T	11:101496592_C_A
11:101429191_TACACACACAC_T	11:101499282_A_G
11:101429191_TACACACACAC_T	11:101501633_C_G
11:101429191_TACACACACAC_T	11:101502014_A_G
11:101429191_TACACACACAC_T	11:101503634_G_A
11:101429191_TACACACACAC_T	11:101505236_T_A
11:101429191_TACACACACAC_T	11:101505293_A_C
11:101429191_TACACACACAC_T	11:101512482_A_G
11:101429191_TACACACACAC_T	11:101531248_T_C
6:116746792_A_T	6:109408103_G_A
6:116746792_A_T	6:112779539_T_C
6:116746792_A_T	6:112779632_A_G
6:116746792_A_T	6:115384142_C_G
6:116746792_A_T	6:115445187_A_G
6:116746792_A_T	6:115680081_A_G
6:116746792_A_T	6:116106025_C_T
6:116746792_A_T	6:116741965_C_T
6:116746792_A_T	6:116747241_A_G
6:116746792_A_T	6:116748720_G_A
6:116746792_A_T	6:116750831_G_T
6:116746792_A_T	6:116750832_C_T
6:116746792_A_T	6:116750833_C_A
6:116746792_A_T	6:116752838_G_T
6:116746792_A_T	6:116754456_G_T
6:116746792_A_T	6:116755382_G_A
6:116746792_A_T	6:117134835_C_T
6:116746792_A_T	6:117138914_C_T
6:116746792_A_T	6:117243260_T_C
6:116746792_A_T	6:117244374_T_C
6:116746792_A_T	6:117244676_T_C
6:116746792_A_T	6:117244856_A_G
6:116746792_A_T	6:117244897_G_C
6:116746792_A_T	6:117245001_T_C
6:116746792_A_T	6:117245389_T_C
6:116746792_A_T	6:117246429_A_C
6:116746792_A_T	6:117246719_C_T
6:116746792_A_T	6:117247060_ATTAG_A
6:116746792_A_T	6:117247258_G_T
6:116746792_A_T	6:117247414_A_G
6:116746792_A_T	6:117247692_A_G
6:116746792_A_T	6:117247715_C_T
6:116746792_A_T	6:117247907_A_C
6:116746792_A_T	6:117248218_T_C
6:116746792_A_T	6:117249201_A_C
6:116746792_A_T	6:117249384_A_C
6:116746792_A_T	6:117249558_C_T
6:116746792_A_T	6:117249574_C_T
6:116746792_A_T	6:117249625_T_C
6:116746792_A_T	6:117249847_A_G
6:116746792_A_T	6:117250387_G_A
6:116746792_A_T	6:117250515_G_C
6:116746792_A_T	6:117251251_C_T
6:116746792_A_T	6:117251443_TAGAC_T
6:116746792_A_T	6:117251495_A_G
6:116746792_A_T	6:117251663_C_T
6:116746792_A_T	6:117251887_A_G
6:116746792_A_T	6:117252091_T_C
6:116746792_A_T	6:117252136_G_A
6:116746792_A_T	6:117252197_C_T
6:116746792_A_T	6:117252247_C_T
6:116746792_A_T	6:117252341_A_G
6:116746792_A_T	6:117252672_C_A
6:116746792_A_T	6:117252759_T_G
6:116746792_A_T	6:117253434_G_T
6:116746792_A_T	6:117253637_A_G
6:116746792_A_T	6:117253865_A_C
6:116746792_A_T	6:117254039_T_C
6:116746792_A_T	6:117254056_A_G
6:116746792_A_T	6:117254124_AG_A
6:116746792_A_T	6:117254282_G_A
6:116746792_A_T	6:117254436_T_A
6:116746792_A_T	6:117254827_A_G
6:116746792_A_T	6:117255560_A_G
6:116746792_A_T	6:117256095_T_G
6:116746792_A_T	6:117256729_T_TGA
6:116746792_A_T	6:117260956_T_C
6:116746792_A_T	6:117261009_C_T
6:116746792_A_T	6:117261069_T_C
6:116746792_A_T	6:117261337_G_A
6:116746792_A_T	6:117261343_T_C
6:116746792_A_T	6:117261365_T_C
6:116746792_A_T	6:117262222_A_C
6:116746792_A_T	6:117262450_A_G
6:116746792_A_T	6:117263258_A_C
6:116746792_A_T	6:117263289_C_T
6:116746792_A_T	6:117263309_T_G
6:116746792_A_T	6:117263358_G_A
6:116746792_A_T	6:117263605_A_G
6:116746792_A_T	6:117263723_T_C
6:116746792_A_T	6:117263833_G_A
6:116746792_A_T	6:117264185_G_GCACAA
6:116746792_A_T	6:117264241_T_TA
6:116746792_A_T	6:117264552_A_AGCATTAT
6:116746792_A_T	6:117264713_C_A
6:116746792_A_T	6:117264985_G_A
6:116746792_A_T	6:117264990_G_A
6:116746792_A_T	6:117265125_T_C
6:116746792_A_T	6:117265349_T_C
6:116746792_A_T	6:117265558_T_C
6:116746792_A_T	6:117265821_G_C
6:116746792_A_T	6:117266160_T_G
6:116746792_A_T	6:117266232_T_A
6:116746792_A_T	6:117266249_T_C
6:116746792_A_T	6:117266495_T_C
6:116746792_A_T	6:117266788_A_G
6:116746792_A_T	6:117266800_A_G
6:116746792_A_T	6:117266989_A_G
6:116746792_A_T	6:117267510_G_T
6:116746792_A_T	6:117267558_A_T
6:116746792_A_T	6:117267850_T_C
6:116746792_A_T	6:117267902_TG_T
6:116746792_A_T	6:117267968_C_T
6:116746792_A_T	6:117268070_T_C
6:116746792_A_T	6:117268083_T_C
6:116746792_A_T	6:117268177_C_T
6:116746792_A_T	6:117268438_A_C
6:116746792_A_T	6:117268826_C_T
6:116746792_A_T	6:117269258_T_G
6:116746792_A_T	6:117269268_T_C
6:116746792_A_T	6:117269359_C_A
6:116746792_A_T	6:117269641_C_T
6:116746792_A_T	6:117269660_T_A
6:116746792_A_T	6:117269704_AT_A
6:116746792_A_T	6:117269889_G_A
6:116746792_A_T	6:117270050_T_C
6:116746792_A_T	6:117270094_T_G
6:116746792_A_T	6:117270207_C_T
6:116746792_A_T	6:117270278_C_G
6:116746792_A_T	6:117270333_A_G
6:116746792_A_T	6:117270411_T_C
6:116746792_A_T	6:117270815_T_G
6:116746792_A_T	6:117271126_T_G
6:116746792_A_T	6:117271234_G_A
6:116746792_A_T	6:117271309_G_T
6:116746792_A_T	6:117271456_CT_C
6:116746792_A_T	6:117271685_C_G
6:116746792_A_T	6:117272189_C_T
6:116746792_A_T	6:117272347_G_C
6:116746792_A_T	6:117272883_A_C
6:116746792_A_T	6:117273299_T_C
6:116746792_A_T	6:117274013_G_T
6:116746792_A_T	6:117274096_A_G
6:116746792_A_T	6:117274211_C_A
6:116746792_A_T	6:117274230_G_T
6:116746792_A_T	6:117274745_C_T
6:116746792_A_T	6:117274844_G_T
6:116746792_A_T	6:117274999_A_T
6:116746792_A_T	6:117275211_T_G
6:116746792_A_T	6:117275402_C_G
6:116746792_A_T	6:117275416_G_A
6:116746792_A_T	6:117275436_C_G
6:116746792_A_T	6:117275494_C_T
6:116746792_A_T	6:117275645_G_A
6:116746792_A_T	6:117275789_G_A
6:116746792_A_T	6:117276399_T_C
6:116746792_A_T	6:117276640_T_C
6:116746792_A_T	6:117276834_G_A
6:116746792_A_T	6:117276942_A_G
6:116746792_A_T	6:117277072_T_C
6:116746792_A_T	6:117277220_G_A
6:116746792_A_T	6:117277631_A_T
6:116746792_A_T	6:117277753_C_T
6:116746792_A_T	6:117277972_T_C
6:116746792_A_T	6:117278218_C_T
6:116746792_A_T	6:117278561_A_C
6:116746792_A_T	6:117278607_T_A
6:116746792_A_T	6:117279654_T_A
6:116746792_A_T	6:117287700_T_G
6:116746792_A_T	6:117299669_C_T
6:116746792_A_T	6:117326920_TG_T
6:116746792_A_T	6:117351936_T_G
6:116746792_A_T	6:117352060_G_A
6:116746792_A_T	6:117354262_C_T
6:116746792_A_T	6:117354725_A_T
6:116746792_A_T	6:117358917_T_A
6:116746792_A_T	6:117361095_T_C
6:116746792_A_T	6:117362209_AT_A
6:116746792_A_T	6:117363919_A_G
6:116746792_A_T	6:117369866_A_G
6:116746792_A_T	6:117372624_AT_A
6:116746792_A_T	6:117372626_T_C
6:116746792_A_T	6:117372627_A_AGC
6:116746792_A_T	6:117372629_T_A
6:116746792_A_T	6:117374829_T_C
6:116746792_A_T	6:117375856_A_T
6:116746792_A_T	6:117375865_G_T
6:116746792_A_T	6:117377870_T_C
6:116746792_A_T	6:117378465_T_C
6:116746792_A_T	6:117378768_G_C
6:116746792_A_T	6:117378805_A_C
6:116746792_A_T	6:117379125_T_C
6:116746792_A_T	6:117379611_T_C
6:116746792_A_T	6:117379683_GT_G
6:116746792_A_T	6:117380457_G_A
6:116746792_A_T	6:117382200_A_G
6:116746792_A_T	6:117382781_C_G
6:116746792_A_T	6:117383337_T_A
6:116746792_A_T	6:117383798_GAAT_G
6:116746792_A_T	6:117383829_G_C
6:116746792_A_T	6:117385009_T_C
9:3039348_C_CTCTG	9:281029_A_G
9:3039348_C_CTCTG	9:3011890_G_T
9:3039348_C_CTCTG	9:3013123_G_A
9:3039348_C_CTCTG	9:3014254_T_C
9:3039348_C_CTCTG	9:3016803_A_G
9:3039348_C_CTCTG	9:3025368_C_T
9:3039348_C_CTCTG	9:3039416_A_C
9:3039348_C_CTCTG	9:3040050_A_G
9:3039348_C_CTCTG	9:3040468_T_C
9:3039348_C_CTCTG	9:3040755_C_T
9:3039348_C_CTCTG	9:3044387_T_C
9:3039348_C_CTCTG	9:3045190_A_T
9:3039348_C_CTCTG	9:3046721_C_A
9:3039348_C_CTCTG	9:3046849_A_G
9:3039348_C_CTCTG	9:3048150_T_C
9:3039348_C_CTCTG	9:3050940_G_A
12:3359506_T_A	12:1524470_A_G
12:3359506_T_A	12:1527359_A_G
12:3359506_T_A	12:3353562_C_T
12:3359506_T_A	12:3353862_T_C
12:3359506_T_A	12:3354916_C_T
12:3359506_T_A	12:3358138_C_T
12:3359506_T_A	12:3364536_G_T
12:3359506_T_A	12:3364640_A_ACTTTCTCCCCACTCAGCC
12:3359506_T_A	12:3367776_C_CCCT
12:3359506_T_A	12:3367883_G_A
12:3359506_T_A	12:3399076_C_T
X:33043260_A_G	X:33017142_T_C
X:33043260_A_G	X:33029789_T_C
X:33043260_A_G	X:33035495_CAGAT_C
X:33043260_A_G	X:33041735_T_C
X:33043260_A_G	X:39339966_C_T
X:33043260_A_G	X:39565598_C_T
X:33043260_A_G	X:39570843_G_A
X:33043260_A_G	X:39577138_G_T
X:33043260_A_G	X:39611351_T_G
X:33043260_A_G	X:39611610_C_T
X:33043260_A_G	X:39613123_C_T
X:33043260_A_G	X:39615171_C_T
X:33043260_A_G	X:39621833_A_T
X:33043260_A_G	X:39622105_G_A
X:33043260_A_G	X:39622294_CA_C
X:33043260_A_G	X:39622581_C_T
X:33043260_A_G	X:39623197_T_A
X:33043260_A_G	X:39626978_A_G
X:33043260_A_G	X:39628074_G_GTAAA
X:33043260_A_G	X:40810115_T_C
10:22765021_C_T	10:22770341_C_T
10:22765021_C_T	10:22772115_A_T
10:22765021_C_T	10:28935510_G_A
1:18408767_T_C	1:9971095_C_G
1:18408767_T_C	1:17768238_C_G
1:18408767_T_C	1:17783422_T_C
1:18408767_T_C	1:18338705_T_TCTTCTTCTTCTTC
1:18408767_T_C	1:18338707_T_TC
1:18408767_T_C	1:18387270_A_G
1:18408767_T_C	1:18387310_G_A
1:18408767_T_C	1:18398438_A_G
1:18408767_T_C	1:18400980_C_A
1:18408767_T_C	1:18402254_CA_C
1:18408767_T_C	1:18405541_A_G
1:18408767_T_C	1:18408139_C_T
1:18408767_T_C	1:18410740_G_C
1:18408767_T_C	1:18414220_G_GA
1:18408767_T_C	1:19097935_G_A
1:18408767_T_C	1:19506690_A_AT
3:11639738_T_TCACCCACATCCTCA	3:5504218_A_G
3:11639738_T_TCACCCACATCCTCA	3:9189622_C_G
3:11639738_T_TCACCCACATCCTCA	3:11627554_A_G
3:11639738_T_TCACCCACATCCTCA	3:11629413_C_T
3:11639738_T_TCACCCACATCCTCA	3:11630484_G_A
3:11639738_T_TCACCCACATCCTCA	3:11630613_C_A
3:11639738_T_TCACCCACATCCTCA	3:11630963_T_A
3:11639738_T_TCACCCACATCCTCA	3:11632089_C_T
3:11639738_T_TCACCCACATCCTCA	3:11635482_T_G
3:11639738_T_TCACCCACATCCTCA	3:11635511_A_G
3:11639738_T_TCACCCACATCCTCA	3:11638316_A_G
3:11639738_T_TCACCCACATCCTCA	3:11639739_G_C
20:16957054_C_G	20:10434530_T_A
20:16957054_C_G	20:10434876_G_A
X:146981689_CT_C	X:147073167_CT_C
X:146981689_CT_C	X:152952981_A_G
X:146981689_CT_C	X:154114301_G_C
8:102594609_T_G	8:93293461_A_G
8:102594609_T_G	8:93297037_C_A
8:102594609_T_G	8:93298074_C_A
8:102594609_T_G	8:96771579_A_G
8:102594609_T_G	8:96772002_T_C
8:102594609_T_G	8:96773262_A_C
8:102594609_T_G	8:96773355_C_A
8:102594609_T_G	8:96773452_T_TTTTG
8:102594609_T_G	8:96773524_C_CTT
8:102594609_T_G	8:96773526_A_T
8:102594609_T_G	8:96774172_A_G
8:102594609_T_G	8:96774998_A_G
8:102594609_T_G	8:96775039_T_C
8:102594609_T_G	8:96775319_T_TA
8:102594609_T_G	8:96775419_C_A
8:102594609_T_G	8:96775422_A_G
8:102594609_T_G	8:96775591_C_T
8:102594609_T_G	8:96775900_T_G
8:102594609_T_G	8:96777980_A_G
8:102594609_T_G	8:103020951_G_A
8:102594609_T_G	8:103044575_G_A
8:102594609_T_G	8:103048003_G_A
8:102594609_T_G	8:103056517_G_T
1:243354809_A_G	1:234801594_C_T
1:243354809_A_G	1:234804224_GT_G
1:243354809_A_G	1:234813635_A_G
1:243354809_A_G	1:234814594_T_C
1:243354809_A_G	1:243429110_G_A
1:243354809_A_G	1:243518960_TGCGGTG_T
1:243354809_A_G	1:243554944_GGT_G
5:177865716_GA_G	5:168276982_G_T
5:177865716_GA_G	5:177853503_T_C
5:177865716_GA_G	5:177853532_C_T
5:177865716_GA_G	5:177854279_G_C
5:177865716_GA_G	5:177855045_G_GTAT
5:177865716_GA_G	5:177855949_G_T
5:177865716_GA_G	5:177855950_AG_A
5:177865716_GA_G	5:177856652_C_T
5:177865716_GA_G	5:177856724_A_ATCT
5:177865716_GA_G	5:177857349_A_C
5:177865716_GA_G	5:177857534_C_T
5:177865716_GA_G	5:177867175_G_A
5:177865716_GA_G	5:177867408_C_T
5:177865716_GA_G	5:177868714_G_A
5:177865716_GA_G	5:177868796_A_C
5:177865716_GA_G	5:177869263_CAG_C
5:177865716_GA_G	5:177869563_C_A
5:177865716_GA_G	5:177872478_A_G
5:177865716_GA_G	5:177874003_T_C
5:177865716_GA_G	5:178106368_T_C
5:177865716_GA_G	5:178107709_A_G
5:177865716_GA_G	5:178605518_C_A
5:177865716_GA_G	5:178610026_C_T
5:177865716_GA_G	5:178622335_C_T
X:22357703_G_A	X:19378962_AAC_A
X:22357703_G_A	X:22345515_C_T
X:22357703_G_A	X:22345702_C_T
X:22357703_G_A	X:22347144_T_G
X:22357703_G_A	X:22348218_G_A
X:22357703_G_A	X:22348586_G_C
X:22357703_G_A	X:22349307_T_G
X:22357703_G_A	X:22349505_C_T
X:22357703_G_A	X:22349893_C_T
X:22357703_G_A	X:22349996_G_A
X:22357703_G_A	X:22350068_C_A
X:22357703_G_A	X:22350216_T_C
X:22357703_G_A	X:22352018_C_T
X:22357703_G_A	X:22352505_C_A
X:22357703_G_A	X:22353009_A_G
X:22357703_G_A	X:22353331_G_A
X:22357703_G_A	X:22353450_C_A
X:22357703_G_A	X:22353542_G_A
X:22357703_G_A	X:22353805_A_T
X:22357703_G_A	X:22355566_T_C
X:22357703_G_A	X:22355846_T_A
X:22357703_G_A	X:22356343_C_T
X:22357703_G_A	X:22359004_T_A
X:22357703_G_A	X:22359682_C_A
X:22357703_G_A	X:22360323_G_A
X:22357703_G_A	X:22360359_C_T
X:22357703_G_A	X:22360410_CA_C
X:22357703_G_A	X:22362224_G_T
X:22357703_G_A	X:22362311_G_C
X:22357703_G_A	X:22369063_A_G
X:22357703_G_A	X:22396604_T_C
X:22357703_G_A	X:31851476_A_AAGAG
X:22357703_G_A	X:31859140_G_A
X:22357703_G_A	X:32017682_A_G
X:22357703_G_A	X:32019341_A_G
4:96789672_T_A	4:96734129_CT_C
4:96789672_T_A	4:96782361_G_A
4:96789672_T_A	4:96782841_C_G
4:96789672_T_A	4:96796423_T_C
4:96789672_T_A	4:100273173_C_G
4:96789672_T_A	4:100277363_C_G
4:96789672_T_A	4:100277364_A_G
4:96789672_T_A	4:100277366_G_A
4:96789672_T_A	4:100286368_G_GT
4:96789672_T_A	4:100742647_T_C
4:96789672_T_A	4:101129958_A_G
4:96789672_T_A	4:102712542_T_C
4:96789672_T_A	4:106190055_A_G
2:206244208_A_T	2:205839045_C_T
2:206244208_A_T	2:206218161_A_G
2:206244208_A_T	2:206229069_A_C
2:206244208_A_T	2:206229070_A_C
2:206244208_A_T	2:206229109_A_G
2:206244208_A_T	2:206229648_G_A
2:206244208_A_T	2:206230044_A_G
2:206244208_A_T	2:206230577_A_C
2:206244208_A_T	2:206231058_G_A
2:206244208_A_T	2:206231098_A_G
2:206244208_A_T	2:206232387_A_G
2:206244208_A_T	2:206233217_G_A
2:206244208_A_T	2:206234206_A_G
2:206244208_A_T	2:206237338_T_C
2:206244208_A_T	2:206238193_T_C
2:206244208_A_T	2:206241116_AGAGCAGCTGGCCCATTACCCACCCCTAGGAAGAATGGCAGATCCTT_A
2:206244208_A_T	2:206242487_ATTTTTT_A
2:206244208_A_T	2:206246227_T_C
2:206244208_A_T	2:206248040_G_A
2:206244208_A_T	2:206249454_T_C
2:206244208_A_T	2:206806530_C_T
2:206244208_A_T	2:206813906_A_G
2:206244208_A_T	2:206816197_C_T
13:72973993_T_A	13:65037761_A_G
13:72973993_T_A	13:73628603_T_C
13:72973993_T_A	13:73628680_G_GTGTA
13:72973993_T_A	13:73630059_G_C
19:895257_T_TA	19:1577117_C_T
19:895257_T_TA	19:2851331_A_G
19:895257_T_TA	19:5602919_G_C
17:68407415_G_A	17:68463224_T_A
17:68407415_G_A	17:71499238_C_A
17:68407415_G_A	17:71499306_T_C
17:68407415_G_A	17:71499318_C_T
17:68407415_G_A	17:77997089_T_G
1:216175672_C_T	1:216159438_G_A
1:216175672_C_T	1:222880167_G_A
1:216175672_C_T	1:222930776_A_G
1:216175672_C_T	1:222935479_C_T
1:216175672_C_T	1:222935785_C_T
1:216175672_C_T	1:222935804_G_A
1:216175672_C_T	1:222935811_T_C
1:216175672_C_T	1:222936031_A_G
1:216175672_C_T	1:222936058_A_G
1:216175672_C_T	1:222936354_G_A
1:216175672_C_T	1:222936769_T_C
1:216175672_C_T	1:222937187_C_T
1:216175672_C_T	1:222937295_G_C
1:216175672_C_T	1:222937591_C_A
1:216175672_C_T	1:222937735_T_C
1:216175672_C_T	1:222938770_A_G
1:216175672_C_T	1:222939314_A_G
5:13822346_CT_C	5:7447278_TCAGAAGCTTGTTCTGGGGATCCCTC_T
5:13822346_CT_C	5:13609047_GA_G
5:13822346_CT_C	5:13820656_G_A
5:13822346_CT_C	5:13820882_C_T
5:13822346_CT_C	5:13828842_G_A
5:13822346_CT_C	5:13829140_T_G
5:13822346_CT_C	5:13837566_G_A
5:13822346_CT_C	5:13837567_G_A
20:20078615_A_G	20:20001483_G_T
20:20078615_A_G	20:20082498_C_T
10:18342029_A_G	10:18477760_C_T
1:58736268_C_A	1:58566629_C_G
1:58736268_C_A	1:58736269_T_A
1:58736268_C_A	1:58812752_GTTTGT_G
1:58736268_C_A	1:58831699_G_A
1:58736268_C_A	1:61632657_C_T
1:58736268_C_A	1:62536469_T_C
1:58736268_C_A	1:62536683_G_C
9:34735537_C_T	9:31340536_C_T
9:34735537_C_T	9:31340708_C_T
9:34735537_C_T	9:34883912_C_T
9:34735537_C_T	9:34901946_A_G
9:34735537_C_T	9:34905132_A_T
9:34735537_C_T	9:34912216_T_C
9:34735537_C_T	9:34986112_C_T
9:34735537_C_T	9:34999779_A_G
9:34735537_C_T	9:35017427_C_T
9:34735537_C_T	9:35019603_C_T
9:34735537_C_T	9:35023510_A_G
9:34735537_C_T	9:35024271_G_A
9:34735537_C_T	9:35031343_G_A
9:34735537_C_T	9:35037021_GA_G
9:34735537_C_T	9:35037115_A_AC
9:34735537_C_T	9:35042785_C_G
9:34735537_C_T	9:35052331_C_G
9:34735537_C_T	9:35053655_GATAA_G
9:34735537_C_T	9:35057768_G_A
9:34735537_C_T	9:35058587_G_A
9:34735537_C_T	9:35058608_C_G
9:34735537_C_T	9:35058661_G_A
9:34735537_C_T	9:35058767_A_AC
9:34735537_C_T	9:35058788_CA_C
9:34735537_C_T	9:35068201_C_T
9:34735537_C_T	9:35070726_C_T
9:34735537_C_T	9:35071091_T_C
9:34735537_C_T	9:35077203_G_A
9:34735537_C_T	9:35080444_C_A
9:34735537_C_T	9:35085775_G_A
9:34735537_C_T	9:35085778_C_T
9:34735537_C_T	9:35091880_C_T
9:34735537_C_T	9:35096634_T_A
9:34735537_C_T	9:35097329_G_A
9:34735537_C_T	9:35099415_CCTGT_C
3:147086268_T_C	3:149936471_T_C
17:18130709_C_CT	17:17219092_A_G
17:18130709_C_CT	17:17816158_T_G
17:18130709_C_CT	17:17848602_A_T
17:18130709_C_CT	17:17848604_A_T
17:18130709_C_CT	17:17852446_G_A
17:18130709_C_CT	17:17853180_A_T
17:18130709_C_CT	17:17853454_T_C
17:18130709_C_CT	17:17858280_G_C
17:18130709_C_CT	17:17861360_T_C
17:18130709_C_CT	17:18122471_G_T
17:18130709_C_CT	17:18122509_G_T
17:18130709_C_CT	17:18124492_G_C
17:18130709_C_CT	17:18132979_A_G
17:18130709_C_CT	17:18133495_G_A
17:18130709_C_CT	17:18133713_G_T
17:18130709_C_CT	17:18133788_C_T
17:18130709_C_CT	17:18134265_C_A
17:18130709_C_CT	17:18134266_T_C
17:18130709_C_CT	17:18147555_C_CT
17:18130709_C_CT	17:18153815_T_C
17:18130709_C_CT	17:18161744_C_T
17:18130709_C_CT	17:18255566_T_G
17:18130709_C_CT	17:18274323_G_A
17:18130709_C_CT	17:18279292_CA_C
17:18130709_C_CT	17:18282157_T_C
17:18130709_C_CT	17:18282171_G_C
17:18130709_C_CT	17:18305936_T_TA
17:18130709_C_CT	17:18310897_ATAGT_A
1:234839417_C_T	1:231159180_G_A
1:234839417_C_T	1:232568587_C_A
1:234839417_C_T	1:232570430_C_A
1:234839417_C_T	1:232570944_A_T
1:234839417_C_T	1:232570947_A_G
1:234839417_C_T	1:232585080_T_C
1:234839417_C_T	1:238210344_A_G
10:50009291_C_T	10:49987797_G_A
10:50009291_C_T	10:49990081_G_A
10:50009291_C_T	10:49992665_A_C
10:50009291_C_T	10:49992889_C_T
10:50009291_C_T	10:49993071_G_T
10:50009291_C_T	10:49996077_T_C
10:50009291_C_T	10:49997071_A_AT
10:50009291_C_T	10:49998707_C_T
10:50009291_C_T	10:49999607_C_G
10:50009291_C_T	10:50002413_C_T
10:50009291_C_T	10:50002445_T_C
10:50009291_C_T	10:50002828_C_T
10:50009291_C_T	10:50003681_A_G
10:50009291_C_T	10:50003957_G_A
10:50009291_C_T	10:50005649_C_CACTT
10:50009291_C_T	10:50006258_G_A
10:50009291_C_T	10:50007578_A_G
10:50009291_C_T	10:50007579_A_G
10:50009291_C_T	10:50008313_G_C
9:102478959_T_C	9:95922876_C_A
9:102478959_T_C	9:97072830_G_A
9:102478959_T_C	9:98314306_G_A
9:102478959_T_C	9:101486073_C_A
9:102478959_T_C	9:101488618_C_T
9:102478959_T_C	9:101489665_C_A
9:102478959_T_C	9:101884026_C_T
9:115315216_C_T	9:112740024_T_C
9:115315216_C_T	9:114946823_TA_T
9:115315216_C_T	9:115154498_T_C
9:115315216_C_T	9:115159519_C_G
9:115315216_C_T	9:115160541_C_T
9:115315216_C_T	9:115160706_C_T
9:115315216_C_T	9:115162052_G_A
9:115315216_C_T	9:115213702_G_A
9:115315216_C_T	9:115214664_C_T
9:115315216_C_T	9:115215124_T_C
9:115315216_C_T	9:115239461_A_G
9:115315216_C_T	9:115249614_C_T
9:115315216_C_T	9:115253622_T_A
9:115315216_C_T	9:115257335_A_G
9:115315216_C_T	9:115265330_C_T
9:115315216_C_T	9:115266103_C_T
9:115315216_C_T	9:115267377_T_A
9:115315216_C_T	9:115270669_G_C
9:115315216_C_T	9:115271717_G_A
9:115315216_C_T	9:115280527_A_G
9:115315216_C_T	9:115286199_A_G
9:115315216_C_T	9:115289605_T_C
9:115315216_C_T	9:115292316_G_C
9:115315216_C_T	9:115297460_T_G
9:115315216_C_T	9:115320448_T_C
9:115315216_C_T	9:115320614_G_A
9:115315216_C_T	9:115320787_T_C
9:115315216_C_T	9:115322587_C_T
9:115315216_C_T	9:115323237_A_G
9:115315216_C_T	9:115324212_A_G
9:115315216_C_T	9:115327658_A_G
9:115315216_C_T	9:115331038_C_T
9:115315216_C_T	9:115331081_T_C
9:115315216_C_T	9:115331939_C_T
9:115315216_C_T	9:115333429_G_C
9:115315216_C_T	9:115340090_G_A
9:115315216_C_T	9:115341546_A_T
9:115315216_C_T	9:115344864_G_A
9:115315216_C_T	9:115346439_C_T
9:115315216_C_T	9:115347088_G_A
9:115315216_C_T	9:115351278_T_A
9:115315216_C_T	9:115375908_CAG_C
9:115315216_C_T	9:115379401_TAAAAAG_T
9:115315216_C_T	9:116434731_A_C
9:115315216_C_T	9:124567846_G_A
9:115315216_C_T	9:124575030_G_A
9:115315216_C_T	9:124576430_G_A
20:57211184_GAA_G	20:51243014_T_A
20:57211184_GAA_G	20:56322962_C_A
20:57211184_GAA_G	20:57212726_C_T
20:57211184_GAA_G	20:57222369_C_G
20:57211184_GAA_G	20:57222534_C_T
7:49821324_G_A	7:48702362_A_T
7:49821324_G_A	7:48718598_T_C
7:49821324_G_A	7:49815390_C_G
7:49821324_G_A	7:49818317_T_G
7:49821324_G_A	7:49819334_T_C
7:49821324_G_A	7:49819462_C_A
7:49821324_G_A	7:50613434_G_A
21:19039131_A_G	21:19010753_G_A
21:19039131_A_G	21:19014812_G_T
18:73792024_C_T	18:64889907_CAAA_C
18:73792024_C_T	18:65849378_C_T
18:73792024_C_T	18:65864325_GC_G
18:73792024_C_T	18:69923532_G_C
18:73792024_C_T	18:69941061_C_T
18:73792024_C_T	18:69962932_T_G
18:73792024_C_T	18:73792055_G_C
8:123180211_GAAT_G	8:123169840_A_G
8:123180211_GAAT_G	8:123169863_C_A
8:123180211_GAAT_G	8:123170571_A_G
8:123180211_GAAT_G	8:123170607_C_T
8:123180211_GAAT_G	8:123171061_A_G
8:123180211_GAAT_G	8:123172915_ACTAT_A
8:123180211_GAAT_G	8:123173455_A_G
8:123180211_GAAT_G	8:123173857_A_G
8:123180211_GAAT_G	8:123173859_A_C
8:123180211_GAAT_G	8:123173939_T_A
8:123180211_GAAT_G	8:123174964_A_G
8:123180211_GAAT_G	8:123175729_G_A
8:123180211_GAAT_G	8:123176515_C_T
8:123180211_GAAT_G	8:123176565_G_A
8:123180211_GAAT_G	8:123176618_C_T
8:123180211_GAAT_G	8:123177389_A_G
8:123180211_GAAT_G	8:123177655_A_G
8:123180211_GAAT_G	8:123178119_C_T
8:123180211_GAAT_G	8:123178517_A_G
8:123180211_GAAT_G	8:123179715_C_A
8:123180211_GAAT_G	8:123180091_A_T
8:123180211_GAAT_G	8:123183076_T_C
8:123180211_GAAT_G	8:123185699_C_T
8:123180211_GAAT_G	8:123185755_A_G
8:123180211_GAAT_G	8:123185847_T_C
8:123180211_GAAT_G	8:123185856_C_A
8:123180211_GAAT_G	8:123187162_A_C
8:123180211_GAAT_G	8:123187280_T_A
8:123180211_GAAT_G	8:123191936_AGCCCTTTGATAAGG_A
8:123180211_GAAT_G	8:123197943_T_C
8:123180211_GAAT_G	8:123200186_CCT_C
8:123180211_GAAT_G	8:123204183_T_C
8:123180211_GAAT_G	8:123207541_G_C
8:123180211_GAAT_G	8:123211310_C_A
8:123180211_GAAT_G	8:123212260_A_G
8:123180211_GAAT_G	8:123212393_C_T
8:123180211_GAAT_G	8:123212981_GA_G
8:123180211_GAAT_G	8:123214207_AC_A
8:123180211_GAAT_G	8:123214587_C_T
13:105327493_G_C	13:100816837_A_G
13:105327493_G_C	13:104316132_CTCTCTCTG_C
13:105327493_G_C	13:104316291_A_C
13:105327493_G_C	13:104328089_T_TCTC
13:105327493_G_C	13:105274851_C_T
13:105327493_G_C	13:105287826_G_A
13:105327493_G_C	13:105288094_A_T
13:105327493_G_C	13:105288230_G_C
13:105327493_G_C	13:105290789_A_G
13:105327493_G_C	13:105291093_A_G
13:105327493_G_C	13:105292381_T_C
13:105327493_G_C	13:105298241_G_A
13:105327493_G_C	13:105300833_G_A
13:105327493_G_C	13:105301127_G_C
13:105327493_G_C	13:105301252_T_C
13:105327493_G_C	13:105301516_T_G
13:105327493_G_C	13:105302566_T_C
13:105327493_G_C	13:105302848_T_G
13:105327493_G_C	13:105310810_T_A
13:105327493_G_C	13:105323545_G_T
13:105327493_G_C	13:105325276_G_A
13:105327493_G_C	13:105325459_G_A
13:105327493_G_C	13:105325652_C_T
13:105327493_G_C	13:105325906_C_A
13:105327493_G_C	13:105326253_T_C
13:105327493_G_C	13:105326513_T_C
13:105327493_G_C	13:105327174_T_C
13:105327493_G_C	13:105327420_C_T
13:105327493_G_C	13:105328137_G_A
4:60200364_G_T	4:60146928_G_A
4:60200364_G_T	4:60189894_G_A
4:60200364_G_T	4:60192397_G_A
4:60200364_G_T	4:60192809_G_A
4:60200364_G_T	4:60193039_A_G
4:60200364_G_T	4:60193058_C_A
4:60200364_G_T	4:60193165_C_G
4:60200364_G_T	4:60193224_C_G
4:60200364_G_T	4:60193870_C_T
4:60200364_G_T	4:60193978_C_T
4:60200364_G_T	4:60194132_A_G
4:60200364_G_T	4:60194188_T_A
4:60200364_G_T	4:60194210_T_A
4:60200364_G_T	4:60194400_A_T
4:60200364_G_T	4:60195354_T_G
4:60200364_G_T	4:60195485_A_G
4:60200364_G_T	4:60196034_C_T
4:60200364_G_T	4:60196393_T_A
4:60200364_G_T	4:60196399_A_C
4:60200364_G_T	4:60196547_G_A
4:60200364_G_T	4:60196659_A_G
4:60200364_G_T	4:60196725_T_A
4:60200364_G_T	4:60197046_T_C
4:60200364_G_T	4:60197095_C_A
4:60200364_G_T	4:60197353_G_T
4:60200364_G_T	4:60198044_G_A
4:60200364_G_T	4:60198174_C_T
4:60200364_G_T	4:60198268_C_A
4:60200364_G_T	4:60198277_C_G
4:60200364_G_T	4:60198356_A_G
4:60200364_G_T	4:60198741_G_A
4:60200364_G_T	4:60198836_T_G
4:60200364_G_T	4:60198870_G_A
4:60200364_G_T	4:60199154_A_T
4:60200364_G_T	4:60199267_A_G
4:60200364_G_T	4:60199495_A_G
4:60200364_G_T	4:60199666_T_A
4:60200364_G_T	4:60199667_T_G
4:60200364_G_T	4:60200132_G_A
4:60200364_G_T	4:60201398_A_T
4:60200364_G_T	4:60201626_A_T
4:60200364_G_T	4:60201747_A_G
4:60200364_G_T	4:60202290_T_C
4:60200364_G_T	4:60202474_A_G
4:60200364_G_T	4:60202951_A_C
4:60200364_G_T	4:60203587_AT_A
4:60200364_G_T	4:60203602_T_C
4:60200364_G_T	4:60204264_A_G
4:60200364_G_T	4:60204360_A_C
4:60200364_G_T	4:60204652_T_G
4:60200364_G_T	4:60205780_C_T
4:60200364_G_T	4:60208272_T_G
4:60200364_G_T	4:60208692_G_A
4:60200364_G_T	4:60208791_G_A
4:60200364_G_T	4:60209085_T_C
4:60200364_G_T	4:60210502_TAA_T
4:60200364_G_T	4:60210614_G_T
4:60200364_G_T	4:60210727_C_A
4:60200364_G_T	4:60210807_C_T
4:60200364_G_T	4:60210815_T_A
4:60200364_G_T	4:60211043_C_T
4:60200364_G_T	4:60211156_A_G
4:60200364_G_T	4:60211164_C_G
4:60200364_G_T	4:60211225_A_G
4:60200364_G_T	4:60211328_C_T
4:60200364_G_T	4:60211625_T_G
4:60200364_G_T	4:60212000_A_G
4:60200364_G_T	4:60212258_C_T
4:60200364_G_T	4:60212330_A_G
4:60200364_G_T	4:60212364_G_A
4:60200364_G_T	4:60212992_C_T
4:60200364_G_T	4:60213218_G_A
4:60200364_G_T	4:60213222_A_G
4:60200364_G_T	4:60213866_T_A
4:60200364_G_T	4:60213907_C_T
4:60200364_G_T	4:60214204_T_G
4:60200364_G_T	4:60215039_C_A
4:60200364_G_T	4:60215144_G_C
4:60200364_G_T	4:60215480_A_G
4:60200364_G_T	4:60215499_A_AG
4:60200364_G_T	4:60216804_G_A
4:60200364_G_T	4:60216861_A_T
4:60200364_G_T	4:60217601_T_C
4:60200364_G_T	4:60217988_G_A
4:60200364_G_T	4:60218169_T_C
4:60200364_G_T	4:60218277_A_G
4:60200364_G_T	4:60218725_C_T
4:60200364_G_T	4:60218914_G_GT
4:60200364_G_T	4:60219101_A_C
4:60200364_G_T	4:60219384_C_T
4:60200364_G_T	4:60219525_T_C
4:60200364_G_T	4:60220110_T_C
4:60200364_G_T	4:60220182_G_A
4:60200364_G_T	4:60220468_G_A
4:60200364_G_T	4:60220928_C_T
4:60200364_G_T	4:60220951_T_C
4:60200364_G_T	4:60221218_G_GC
4:60200364_G_T	4:60221499_T_A
4:60200364_G_T	4:60222290_G_T
4:60200364_G_T	4:60223941_C_T
4:60200364_G_T	4:60224123_A_G
4:60200364_G_T	4:60224202_G_A
4:60200364_G_T	4:60224210_G_C
4:60200364_G_T	4:60224338_G_A
4:60200364_G_T	4:60224601_G_T
4:60200364_G_T	4:60224736_A_G
4:60200364_G_T	4:60225728_T_A
4:60200364_G_T	4:60225960_C_T
4:60200364_G_T	4:60226017_C_T
4:60200364_G_T	4:60226079_T_C
4:60200364_G_T	4:60226199_C_CT
4:60200364_G_T	4:60226204_G_A
4:60200364_G_T	4:60226641_G_A
4:60200364_G_T	4:60227416_T_C
4:60200364_G_T	4:60227793_C_CT
4:60200364_G_T	4:60565530_A_G
4:60200364_G_T	4:62046213_T_C
4:60200364_G_T	4:62046220_A_C
12:18105712_A_G	12:20734763_G_A
12:18105712_A_G	12:20735133_CGTT_C
12:18105712_A_G	12:20738579_AATGAG_A
12:18105712_A_G	12:28093691_G_A
3:56848706_T_C	3:53366619_C_T
3:56848706_T_C	3:54121862_T_C
3:56848706_T_C	3:54151711_G_A
3:56848706_T_C	3:56092603_G_T
3:56848706_T_C	3:56717977_C_CCCG
3:56848706_T_C	3:56719875_T_TA
3:56848706_T_C	3:57372230_G_A
8:51790581_ACGTAGTGCTTACCTTGCTTAGGAAGCAAAATAAATTAC_A	8:51690823_C_T
8:51790581_ACGTAGTGCTTACCTTGCTTAGGAAGCAAAATAAATTAC_A	8:51691071_G_T
8:51790581_ACGTAGTGCTTACCTTGCTTAGGAAGCAAAATAAATTAC_A	8:51697162_C_A
8:51790581_ACGTAGTGCTTACCTTGCTTAGGAAGCAAAATAAATTAC_A	8:51697698_A_C
8:51790581_ACGTAGTGCTTACCTTGCTTAGGAAGCAAAATAAATTAC_A	8:51699492_G_T
8:51790581_ACGTAGTGCTTACCTTGCTTAGGAAGCAAAATAAATTAC_A	8:51704759_C_T
8:51790581_ACGTAGTGCTTACCTTGCTTAGGAAGCAAAATAAATTAC_A	8:51708423_A_T
8:51790581_ACGTAGTGCTTACCTTGCTTAGGAAGCAAAATAAATTAC_A	8:51710634_C_T
8:51790581_ACGTAGTGCTTACCTTGCTTAGGAAGCAAAATAAATTAC_A	8:51715988_T_A
8:51790581_ACGTAGTGCTTACCTTGCTTAGGAAGCAAAATAAATTAC_A	8:51718232_G_C
8:51790581_ACGTAGTGCTTACCTTGCTTAGGAAGCAAAATAAATTAC_A	8:51725012_C_T
8:51790581_ACGTAGTGCTTACCTTGCTTAGGAAGCAAAATAAATTAC_A	8:51761487_G_A
8:51790581_ACGTAGTGCTTACCTTGCTTAGGAAGCAAAATAAATTAC_A	8:51762848_T_C
8:51790581_ACGTAGTGCTTACCTTGCTTAGGAAGCAAAATAAATTAC_A	8:51764858_A_G
8:51790581_ACGTAGTGCTTACCTTGCTTAGGAAGCAAAATAAATTAC_A	8:51766718_G_A
8:51790581_ACGTAGTGCTTACCTTGCTTAGGAAGCAAAATAAATTAC_A	8:51767156_C_T
8:51790581_ACGTAGTGCTTACCTTGCTTAGGAAGCAAAATAAATTAC_A	8:51767352_A_G
8:51790581_ACGTAGTGCTTACCTTGCTTAGGAAGCAAAATAAATTAC_A	8:51767356_C_T
8:51790581_ACGTAGTGCTTACCTTGCTTAGGAAGCAAAATAAATTAC_A	8:51767453_A_G
8:51790581_ACGTAGTGCTTACCTTGCTTAGGAAGCAAAATAAATTAC_A	8:51767887_G_A
8:51790581_ACGTAGTGCTTACCTTGCTTAGGAAGCAAAATAAATTAC_A	8:51769486_A_C
8:51790581_ACGTAGTGCTTACCTTGCTTAGGAAGCAAAATAAATTAC_A	8:51769869_C_T
8:51790581_ACGTAGTGCTTACCTTGCTTAGGAAGCAAAATAAATTAC_A	8:51772411_C_T
8:51790581_ACGTAGTGCTTACCTTGCTTAGGAAGCAAAATAAATTAC_A	8:51773611_T_G
8:51790581_ACGTAGTGCTTACCTTGCTTAGGAAGCAAAATAAATTAC_A	8:51774576_G_A
8:51790581_ACGTAGTGCTTACCTTGCTTAGGAAGCAAAATAAATTAC_A	8:51775471_G_A
8:51790581_ACGTAGTGCTTACCTTGCTTAGGAAGCAAAATAAATTAC_A	8:51775582_C_G
8:51790581_ACGTAGTGCTTACCTTGCTTAGGAAGCAAAATAAATTAC_A	8:51776485_A_T
8:51790581_ACGTAGTGCTTACCTTGCTTAGGAAGCAAAATAAATTAC_A	8:51778368_C_G
8:51790581_ACGTAGTGCTTACCTTGCTTAGGAAGCAAAATAAATTAC_A	8:51778490_T_A
8:51790581_ACGTAGTGCTTACCTTGCTTAGGAAGCAAAATAAATTAC_A	8:51779451_T_C
8:51790581_ACGTAGTGCTTACCTTGCTTAGGAAGCAAAATAAATTAC_A	8:51780761_G_A
8:51790581_ACGTAGTGCTTACCTTGCTTAGGAAGCAAAATAAATTAC_A	8:51782660_C_T
8:51790581_ACGTAGTGCTTACCTTGCTTAGGAAGCAAAATAAATTAC_A	8:51784420_C_T
8:51790581_ACGTAGTGCTTACCTTGCTTAGGAAGCAAAATAAATTAC_A	8:51785909_C_T
8:51790581_ACGTAGTGCTTACCTTGCTTAGGAAGCAAAATAAATTAC_A	8:51786220_T_C
8:51790581_ACGTAGTGCTTACCTTGCTTAGGAAGCAAAATAAATTAC_A	8:51786608_G_A
8:51790581_ACGTAGTGCTTACCTTGCTTAGGAAGCAAAATAAATTAC_A	8:51786784_C_A
8:51790581_ACGTAGTGCTTACCTTGCTTAGGAAGCAAAATAAATTAC_A	8:51788185_A_G
8:51790581_ACGTAGTGCTTACCTTGCTTAGGAAGCAAAATAAATTAC_A	8:51788332_C_T
8:51790581_ACGTAGTGCTTACCTTGCTTAGGAAGCAAAATAAATTAC_A	8:51788951_G_GA
8:51790581_ACGTAGTGCTTACCTTGCTTAGGAAGCAAAATAAATTAC_A	8:51790008_T_G
8:51790581_ACGTAGTGCTTACCTTGCTTAGGAAGCAAAATAAATTAC_A	8:51790410_C_T
8:51790581_ACGTAGTGCTTACCTTGCTTAGGAAGCAAAATAAATTAC_A	8:51797661_A_G
8:51790581_ACGTAGTGCTTACCTTGCTTAGGAAGCAAAATAAATTAC_A	8:51800662_A_G
8:51790581_ACGTAGTGCTTACCTTGCTTAGGAAGCAAAATAAATTAC_A	8:51800755_C_A
8:51790581_ACGTAGTGCTTACCTTGCTTAGGAAGCAAAATAAATTAC_A	8:51801395_TA_T
8:51790581_ACGTAGTGCTTACCTTGCTTAGGAAGCAAAATAAATTAC_A	8:51802055_A_G
8:51790581_ACGTAGTGCTTACCTTGCTTAGGAAGCAAAATAAATTAC_A	8:51802349_A_G
8:51790581_ACGTAGTGCTTACCTTGCTTAGGAAGCAAAATAAATTAC_A	8:51802511_C_T
8:51790581_ACGTAGTGCTTACCTTGCTTAGGAAGCAAAATAAATTAC_A	8:51803494_A_T
8:51790581_ACGTAGTGCTTACCTTGCTTAGGAAGCAAAATAAATTAC_A	8:51803704_T_C
8:51790581_ACGTAGTGCTTACCTTGCTTAGGAAGCAAAATAAATTAC_A	8:51804023_G_C
8:51790581_ACGTAGTGCTTACCTTGCTTAGGAAGCAAAATAAATTAC_A	8:51807451_A_G
8:51790581_ACGTAGTGCTTACCTTGCTTAGGAAGCAAAATAAATTAC_A	8:51808615_A_G
8:51790581_ACGTAGTGCTTACCTTGCTTAGGAAGCAAAATAAATTAC_A	8:51808922_G_A
8:51790581_ACGTAGTGCTTACCTTGCTTAGGAAGCAAAATAAATTAC_A	8:51810860_C_T
8:51790581_ACGTAGTGCTTACCTTGCTTAGGAAGCAAAATAAATTAC_A	8:51811284_T_C
8:51790581_ACGTAGTGCTTACCTTGCTTAGGAAGCAAAATAAATTAC_A	8:51813411_G_A
8:51790581_ACGTAGTGCTTACCTTGCTTAGGAAGCAAAATAAATTAC_A	8:51813560_C_G
8:51790581_ACGTAGTGCTTACCTTGCTTAGGAAGCAAAATAAATTAC_A	8:51814239_C_T
8:51790581_ACGTAGTGCTTACCTTGCTTAGGAAGCAAAATAAATTAC_A	8:51814427_C_A
8:51790581_ACGTAGTGCTTACCTTGCTTAGGAAGCAAAATAAATTAC_A	8:51815533_C_T
8:51790581_ACGTAGTGCTTACCTTGCTTAGGAAGCAAAATAAATTAC_A	8:51815945_A_G
8:51790581_ACGTAGTGCTTACCTTGCTTAGGAAGCAAAATAAATTAC_A	8:51815981_G_C
8:51790581_ACGTAGTGCTTACCTTGCTTAGGAAGCAAAATAAATTAC_A	8:51816908_C_A
8:51790581_ACGTAGTGCTTACCTTGCTTAGGAAGCAAAATAAATTAC_A	8:51824175_CT_C
8:51790581_ACGTAGTGCTTACCTTGCTTAGGAAGCAAAATAAATTAC_A	8:51824292_AT_A
8:51790581_ACGTAGTGCTTACCTTGCTTAGGAAGCAAAATAAATTAC_A	8:51825916_C_T
8:51790581_ACGTAGTGCTTACCTTGCTTAGGAAGCAAAATAAATTAC_A	8:51828837_C_T
8:51790581_ACGTAGTGCTTACCTTGCTTAGGAAGCAAAATAAATTAC_A	8:51829480_C_G
8:51790581_ACGTAGTGCTTACCTTGCTTAGGAAGCAAAATAAATTAC_A	8:51830678_A_T
8:51790581_ACGTAGTGCTTACCTTGCTTAGGAAGCAAAATAAATTAC_A	8:51832397_T_C
8:51790581_ACGTAGTGCTTACCTTGCTTAGGAAGCAAAATAAATTAC_A	8:51832827_G_A
8:51790581_ACGTAGTGCTTACCTTGCTTAGGAAGCAAAATAAATTAC_A	8:51833488_C_T
8:51790581_ACGTAGTGCTTACCTTGCTTAGGAAGCAAAATAAATTAC_A	8:51835619_G_C
8:51790581_ACGTAGTGCTTACCTTGCTTAGGAAGCAAAATAAATTAC_A	8:51835914_TG_T
8:51790581_ACGTAGTGCTTACCTTGCTTAGGAAGCAAAATAAATTAC_A	8:51836023_A_G
8:51790581_ACGTAGTGCTTACCTTGCTTAGGAAGCAAAATAAATTAC_A	8:51837951_C_T
8:51790581_ACGTAGTGCTTACCTTGCTTAGGAAGCAAAATAAATTAC_A	8:51841434_G_A
8:51790581_ACGTAGTGCTTACCTTGCTTAGGAAGCAAAATAAATTAC_A	8:51842366_C_A
8:51790581_ACGTAGTGCTTACCTTGCTTAGGAAGCAAAATAAATTAC_A	8:51843569_T_C
8:51790581_ACGTAGTGCTTACCTTGCTTAGGAAGCAAAATAAATTAC_A	8:51844780_T_C
8:51790581_ACGTAGTGCTTACCTTGCTTAGGAAGCAAAATAAATTAC_A	8:51844785_T_C
8:51790581_ACGTAGTGCTTACCTTGCTTAGGAAGCAAAATAAATTAC_A	8:51845758_A_G
8:51790581_ACGTAGTGCTTACCTTGCTTAGGAAGCAAAATAAATTAC_A	8:51848325_C_T
8:51790581_ACGTAGTGCTTACCTTGCTTAGGAAGCAAAATAAATTAC_A	8:51849145_C_A
8:51790581_ACGTAGTGCTTACCTTGCTTAGGAAGCAAAATAAATTAC_A	8:51852690_T_C
8:51790581_ACGTAGTGCTTACCTTGCTTAGGAAGCAAAATAAATTAC_A	8:51853185_A_G
8:51790581_ACGTAGTGCTTACCTTGCTTAGGAAGCAAAATAAATTAC_A	8:51859978_A_G
8:51790581_ACGTAGTGCTTACCTTGCTTAGGAAGCAAAATAAATTAC_A	8:51861393_G_T
8:51790581_ACGTAGTGCTTACCTTGCTTAGGAAGCAAAATAAATTAC_A	8:51862127_A_G
8:51790581_ACGTAGTGCTTACCTTGCTTAGGAAGCAAAATAAATTAC_A	8:51875313_A_G
8:51790581_ACGTAGTGCTTACCTTGCTTAGGAAGCAAAATAAATTAC_A	8:51889156_A_G
8:51790581_ACGTAGTGCTTACCTTGCTTAGGAAGCAAAATAAATTAC_A	8:51891208_A_G
8:51790581_ACGTAGTGCTTACCTTGCTTAGGAAGCAAAATAAATTAC_A	8:51899205_C_T
8:51790581_ACGTAGTGCTTACCTTGCTTAGGAAGCAAAATAAATTAC_A	8:51900270_G_A
8:51790581_ACGTAGTGCTTACCTTGCTTAGGAAGCAAAATAAATTAC_A	8:51902161_T_G
8:51790581_ACGTAGTGCTTACCTTGCTTAGGAAGCAAAATAAATTAC_A	8:51904207_AC_A
8:51790581_ACGTAGTGCTTACCTTGCTTAGGAAGCAAAATAAATTAC_A	8:51905465_AT_A
8:51790581_ACGTAGTGCTTACCTTGCTTAGGAAGCAAAATAAATTAC_A	8:51905567_T_C
8:51790581_ACGTAGTGCTTACCTTGCTTAGGAAGCAAAATAAATTAC_A	8:51906915_G_A
8:51790581_ACGTAGTGCTTACCTTGCTTAGGAAGCAAAATAAATTAC_A	8:51907530_G_A
8:51790581_ACGTAGTGCTTACCTTGCTTAGGAAGCAAAATAAATTAC_A	8:51908553_C_T
8:51790581_ACGTAGTGCTTACCTTGCTTAGGAAGCAAAATAAATTAC_A	8:51911905_G_A
8:51790581_ACGTAGTGCTTACCTTGCTTAGGAAGCAAAATAAATTAC_A	8:51912127_G_T
8:51790581_ACGTAGTGCTTACCTTGCTTAGGAAGCAAAATAAATTAC_A	8:51913765_AG_A
8:51790581_ACGTAGTGCTTACCTTGCTTAGGAAGCAAAATAAATTAC_A	8:51914330_C_T
8:51790581_ACGTAGTGCTTACCTTGCTTAGGAAGCAAAATAAATTAC_A	8:51916934_C_G
8:51790581_ACGTAGTGCTTACCTTGCTTAGGAAGCAAAATAAATTAC_A	8:51917016_G_A
8:51790581_ACGTAGTGCTTACCTTGCTTAGGAAGCAAAATAAATTAC_A	8:51917107_G_A
8:51790581_ACGTAGTGCTTACCTTGCTTAGGAAGCAAAATAAATTAC_A	8:51917321_G_A
8:51790581_ACGTAGTGCTTACCTTGCTTAGGAAGCAAAATAAATTAC_A	8:51917485_T_A
8:51790581_ACGTAGTGCTTACCTTGCTTAGGAAGCAAAATAAATTAC_A	8:51918552_T_C
8:51790581_ACGTAGTGCTTACCTTGCTTAGGAAGCAAAATAAATTAC_A	8:51920380_T_C
8:51790581_ACGTAGTGCTTACCTTGCTTAGGAAGCAAAATAAATTAC_A	8:51924379_C_A
8:51790581_ACGTAGTGCTTACCTTGCTTAGGAAGCAAAATAAATTAC_A	8:51925237_C_T
8:51790581_ACGTAGTGCTTACCTTGCTTAGGAAGCAAAATAAATTAC_A	8:51926014_T_C
8:51790581_ACGTAGTGCTTACCTTGCTTAGGAAGCAAAATAAATTAC_A	8:51927901_T_A
8:51790581_ACGTAGTGCTTACCTTGCTTAGGAAGCAAAATAAATTAC_A	8:51930803_C_T
8:51790581_ACGTAGTGCTTACCTTGCTTAGGAAGCAAAATAAATTAC_A	8:51932566_C_T
8:51790581_ACGTAGTGCTTACCTTGCTTAGGAAGCAAAATAAATTAC_A	8:51933728_G_A
8:51790581_ACGTAGTGCTTACCTTGCTTAGGAAGCAAAATAAATTAC_A	8:51934733_C_T
8:51790581_ACGTAGTGCTTACCTTGCTTAGGAAGCAAAATAAATTAC_A	8:51935444_G_A
8:51790581_ACGTAGTGCTTACCTTGCTTAGGAAGCAAAATAAATTAC_A	8:51936632_T_C
8:51790581_ACGTAGTGCTTACCTTGCTTAGGAAGCAAAATAAATTAC_A	8:51936835_C_T
8:51790581_ACGTAGTGCTTACCTTGCTTAGGAAGCAAAATAAATTAC_A	8:51937392_C_T
8:51790581_ACGTAGTGCTTACCTTGCTTAGGAAGCAAAATAAATTAC_A	8:51938744_G_A
8:51790581_ACGTAGTGCTTACCTTGCTTAGGAAGCAAAATAAATTAC_A	8:51939376_A_T
8:51790581_ACGTAGTGCTTACCTTGCTTAGGAAGCAAAATAAATTAC_A	8:51940121_A_ATTTAT
8:51790581_ACGTAGTGCTTACCTTGCTTAGGAAGCAAAATAAATTAC_A	8:51943768_T_A
8:51790581_ACGTAGTGCTTACCTTGCTTAGGAAGCAAAATAAATTAC_A	8:51943774_G_A
8:51790581_ACGTAGTGCTTACCTTGCTTAGGAAGCAAAATAAATTAC_A	8:51945593_G_A
8:51790581_ACGTAGTGCTTACCTTGCTTAGGAAGCAAAATAAATTAC_A	8:51946699_A_C
8:51790581_ACGTAGTGCTTACCTTGCTTAGGAAGCAAAATAAATTAC_A	8:51947549_C_T
8:51790581_ACGTAGTGCTTACCTTGCTTAGGAAGCAAAATAAATTAC_A	8:52427244_T_C
8:51790581_ACGTAGTGCTTACCTTGCTTAGGAAGCAAAATAAATTAC_A	8:52435495_T_G
8:51790581_ACGTAGTGCTTACCTTGCTTAGGAAGCAAAATAAATTAC_A	8:52469714_G_A
8:51790581_ACGTAGTGCTTACCTTGCTTAGGAAGCAAAATAAATTAC_A	8:52489351_G_C
8:51790581_ACGTAGTGCTTACCTTGCTTAGGAAGCAAAATAAATTAC_A	8:58209494_T_TTC
2:77226587_G_C	2:85945874_A_G
1:117281482_T_A	1:113352924_G_A
1:117281482_T_A	1:117273321_CAAA_C
1:117281482_T_A	1:117275136_C_G
1:117281482_T_A	1:117278223_T_C
1:117281482_T_A	1:117280980_T_C
1:117281482_T_A	1:117288696_A_G
1:117281482_T_A	1:117665663_GAA_G
6:160185151_A_C	6:153735032_G_T
6:160185151_A_C	6:153741613_G_C
6:160185151_A_C	6:153742076_C_T
6:160185151_A_C	6:153743344_AAGAG_A
6:160185151_A_C	6:153744739_G_T
6:160185151_A_C	6:153744746_C_T
6:160185151_A_C	6:153748334_C_T
6:160185151_A_C	6:168554705_A_T
2:20370868_A_G	2:10564079_C_T
2:20370868_A_G	2:12302655_C_T
2:20370868_A_G	2:12323369_G_A
2:20370868_A_G	2:12667317_T_TG
2:20370868_A_G	2:16494646_T_A
2:20370868_A_G	2:18394347_T_C
2:20370868_A_G	2:20020055_G_T
2:20370868_A_G	2:20035567_C_T
2:20370868_A_G	2:20035911_C_T
2:20370868_A_G	2:20037802_C_CT
2:20370868_A_G	2:20368196_A_G
2:20370868_A_G	2:20369948_C_G
2:20370868_A_G	2:20373869_A_G
10:30149653_A_G	10:29694584_C_T
10:30149653_A_G	10:29694612_G_A
10:30149653_A_G	10:29699319_T_G
10:30149653_A_G	10:29719557_T_C
10:30149653_A_G	10:29758515_C_T
10:30149653_A_G	10:29758520_C_T
10:30149653_A_G	10:29778270_T_G
10:30149653_A_G	10:29779308_G_C
12:1556713_A_C	12:1517592_A_AGTTGGT
12:1556713_A_C	12:1517594_A_AT
12:1556713_A_C	12:1517595_A_T
12:1556713_A_C	12:1556022_C_A
X:67741606_T_A	X:67812343_C_T
7:37628353_A_AC	7:28356207_C_T
7:37628353_A_AC	7:37581254_A_G
7:37628353_A_AC	7:37619922_T_C
7:37628353_A_AC	7:37625071_A_T
7:37628353_A_AC	7:37665849_G_A
7:37628353_A_AC	7:37668074_A_T
7:37628353_A_AC	7:37673382_C_T
7:37628353_A_AC	7:37674708_A_G
7:37628353_A_AC	7:37678034_C_T
7:37628353_A_AC	7:37682179_A_G
7:37628353_A_AC	7:37690507_C_A
7:37628353_A_AC	7:37691403_C_T
7:37628353_A_AC	7:37691850_G_T
7:37628353_A_AC	7:37691905_G_T
7:37628353_A_AC	7:37692300_A_G
7:37628353_A_AC	7:37692332_C_T
7:37628353_A_AC	7:37692420_A_C
7:37628353_A_AC	7:37697307_C_T
7:37628353_A_AC	7:37698841_A_T
7:37628353_A_AC	7:37702545_C_T
7:37628353_A_AC	7:37707707_T_C
7:37628353_A_AC	7:37711525_T_C
7:37628353_A_AC	7:37712331_G_A
7:37628353_A_AC	7:37712435_G_A
7:37628353_A_AC	7:37712502_C_T
7:37628353_A_AC	7:37713226_G_C
7:37628353_A_AC	7:37714304_C_T
7:37628353_A_AC	7:37719675_T_C
7:37628353_A_AC	7:37732623_T_G
1:89997436_G_A	1:88076239_A_T
1:89997436_G_A	1:88076745_G_C
1:89997436_G_A	1:89984709_A_AATT
1:89997436_G_A	1:89987343_A_C
1:89997436_G_A	1:89990257_TTCCTCCTCCTCC_T
1:89997436_G_A	1:89990520_G_A
1:89997436_G_A	1:89990533_C_A
1:89997436_G_A	1:89990687_A_G
1:89997436_G_A	1:89990771_T_C
1:89997436_G_A	1:89990916_G_A
1:89997436_G_A	1:89995422_AT_A
1:89997436_G_A	1:89997948_T_C
1:89997436_G_A	1:90006066_T_A
1:89997436_G_A	1:90007194_C_T
1:89997436_G_A	1:90009148_G_A
1:89997436_G_A	1:90012432_ATTAT_A
1:89997436_G_A	1:90019685_T_A
1:89997436_G_A	1:90047900_A_T
1:89997436_G_A	1:90614094_C_A
1:89997436_G_A	1:90616184_G_GT
1:89997436_G_A	1:90977045_A_G
1:89997436_G_A	1:91195895_C_T
1:89997436_G_A	1:99356942_T_C
10:2093491_AGTC_A	10:2090551_C_T
10:2093491_AGTC_A	10:2092827_T_G
10:2093491_AGTC_A	10:2093992_A_C
10:2093491_AGTC_A	10:3885159_C_T
1:83069450_C_CTT	1:75637029_C_G
1:83069450_C_CTT	1:75643528_T_C
1:83069450_C_CTT	1:75644955_T_G
1:83069450_C_CTT	1:75651952_A_G
1:83069450_C_CTT	1:75662563_A_G
1:83069450_C_CTT	1:75662965_A_C
1:83069450_C_CTT	1:75665565_T_C
1:83069450_C_CTT	1:75672134_T_C
1:83069450_C_CTT	1:75675047_T_G
1:83069450_C_CTT	1:75678083_G_A
1:83069450_C_CTT	1:75678219_C_T
1:83069450_C_CTT	1:75680545_T_G
1:83069450_C_CTT	1:75680565_G_A
1:83069450_C_CTT	1:75681351_A_T
1:83069450_C_CTT	1:75682640_T_C
1:83069450_C_CTT	1:75682937_G_A
1:83069450_C_CTT	1:84014714_T_C
1:83069450_C_CTT	1:84022099_T_C
1:83069450_C_CTT	1:84022929_A_C
1:83069450_C_CTT	1:84024059_C_T
1:83069450_C_CTT	1:84024341_C_T
1:83069450_C_CTT	1:84024705_A_C
1:83069450_C_CTT	1:84029808_CT_C
6:22868203_G_A	NONE
6:69975399_C_T	6:69976261_G_C
6:69975399_C_T	6:69984288_C_G
6:69975399_C_T	6:69985513_C_T
6:69975399_C_T	6:69998532_A_G
6:69975399_C_T	6:70007450_C_A
6:69975399_C_T	6:70013395_G_T
6:69975399_C_T	6:70013784_G_C
6:69975399_C_T	6:70013915_C_A
6:69975399_C_T	6:70013992_A_T
6:69975399_C_T	6:70014608_T_G
9:136788598_T_C	9:139668400_G_C
1:33910453_A_G	1:24938861_AT_A
1:33910453_A_G	1:32314400_A_G
1:33910453_A_G	1:33762425_GTT_G
1:33910453_A_G	1:33762588_A_C
1:33910453_A_G	1:33764061_C_T
6:155434719_G_A	6:152266377_A_C
6:155434719_G_A	6:153723511_G_GT
6:155434719_G_A	6:155536981_G_T
6:155434719_G_A	6:155539010_T_C
6:155434719_G_A	6:155772273_T_C
14:104591024_G_C	14:104613934_C_T
2:240698861_G_A	2:240687766_G_A
2:240698861_G_A	2:240689097_C_T
2:240698861_G_A	2:240690991_A_G
2:240698861_G_A	2:240701475_A_G
2:240698861_G_A	2:240739041_G_A
12:70318833_A_G	12:70337673_C_G
12:70318833_A_G	12:70384604_A_G
12:70318833_A_G	12:70696772_A_T
21:43087708_A_G	21:43080629_C_T
21:43087708_A_G	21:43085223_G_T
4:186778601_CAT_C	4:189209437_T_C
4:186778601_CAT_C	4:190085377_A_G
X:31879252_A_G	X:31850266_T_C
X:31879252_A_G	X:31854782_G_C
X:31879252_A_G	X:31873846_T_TA
X:31879252_A_G	X:31893604_T_A
X:31879252_A_G	X:32886453_T_G
11:80935343_C_T	11:73057013_A_G
11:80935343_C_T	11:73061130_C_G
11:80935343_C_T	11:73061734_T_C
11:80935343_C_T	11:73068571_T_C
11:80935343_C_T	11:73069538_C_G
11:80935343_C_T	11:73071263_T_C
11:80935343_C_T	11:73084433_C_T
11:80935343_C_T	11:73086303_A_G
11:80935343_C_T	11:74406141_T_TA
11:80935343_C_T	11:80933907_T_C
11:80935343_C_T	11:80936979_C_T
11:80935343_C_T	11:80939630_G_A
11:80935343_C_T	11:80945420_G_A
11:80935343_C_T	11:81174997_G_A
19:13323124_T_G	19:5694675_C_T
19:13323124_T_G	19:13291191_A_T
19:13323124_T_G	19:13398235_T_C
19:13323124_T_G	19:13398338_T_C
19:13323124_T_G	19:13398788_C_A
19:13323124_T_G	19:13399056_C_CT
19:13323124_T_G	19:13407293_G_A
19:13323124_T_G	19:14023710_T_C
19:13323124_T_G	19:14025519_T_C
19:13323124_T_G	19:14025935_G_A
19:13323124_T_G	19:14025958_A_G
19:13323124_T_G	19:14026121_T_C
19:13323124_T_G	19:16273085_G_A
19:13323124_T_G	19:16273220_A_G
19:13323124_T_G	19:16274091_C_T
19:13323124_T_G	19:16274717_A_T
19:13323124_T_G	19:16279253_T_C
19:13323124_T_G	19:16280634_A_G
19:13323124_T_G	19:16280705_G_A
19:13323124_T_G	19:16280768_G_C
19:13323124_T_G	19:16280951_T_C
19:13323124_T_G	19:16280976_A_C
19:13323124_T_G	19:16281709_A_G
19:13323124_T_G	19:16281841_C_T
19:13323124_T_G	19:16282517_T_C
19:13323124_T_G	19:16282888_A_G
19:13323124_T_G	19:16283046_A_G
19:13323124_T_G	19:16283167_T_C
19:13323124_T_G	19:16283776_AGAAG_A
19:13323124_T_G	19:16283801_G_A
X:39636267_A_G	X:39619728_G_A
X:39636267_A_G	X:39648034_G_A
11:57922635_G_A	11:57468415_A_G
11:57922635_G_A	11:57767306_C_T
11:57922635_G_A	11:57783613_TG_T
11:57922635_G_A	11:57923874_T_C
11:57922635_G_A	11:57937362_T_A
11:57922635_G_A	11:67348760_ATTG_A
11:57922635_G_A	11:67756362_C_CA
3:90049995_A_C	3:88303753_A_G
3:90049995_A_C	3:88544166_T_C
3:90049995_A_C	3:90049321_C_T
3:90049995_A_C	3:90090619_A_C
3:90049995_A_C	3:90121534_C_T
3:90049995_A_C	3:90124806_T_A
3:90049995_A_C	3:90127762_T_C
3:90049995_A_C	3:95332929_C_T
3:90049995_A_C	3:95399900_C_G
3:90049995_A_C	3:95518566_A_G
3:90049995_A_C	3:99860735_C_G
3:90049995_A_C	3:99877091_C_T
3:90049995_A_C	3:99883598_A_G
3:90049995_A_C	3:99915886_C_T
3:90049995_A_C	3:100013101_T_G
3:90049995_A_C	3:100045690_A_G
2:110297839_G_A	2:106643506_T_C
2:110297839_G_A	2:111715657_A_G
2:121836422_C_T	2:121485241_T_A
2:121836422_C_T	2:121485243_C_T
2:121836422_C_T	2:126369375_C_T
2:121836422_C_T	2:127548381_C_T
11:12205973_C_T	11:11112840_C_G
11:12205973_C_T	11:13348272_TTA_T
11:12205973_C_T	11:18893800_A_T
10:97004974_G_C	10:87072332_C_T
10:97004974_G_C	10:96711884_G_A
10:97004974_G_C	10:96718213_T_C
10:97004974_G_C	10:96738041_C_T
10:97004974_G_C	10:96773527_A_T
5:57179588_ATAGC_A	5:57142163_A_G
5:57179588_ATAGC_A	5:57144746_A_T
5:57179588_ATAGC_A	5:57146126_A_T
5:57179588_ATAGC_A	5:57146373_C_T
5:57179588_ATAGC_A	5:57146549_G_A
5:57179588_ATAGC_A	5:57148812_A_G
5:57179588_ATAGC_A	5:57150532_C_T
5:57179588_ATAGC_A	5:57151016_T_C
5:57179588_ATAGC_A	5:57151272_C_T
5:57179588_ATAGC_A	5:57152001_A_G
5:57179588_ATAGC_A	5:57152170_A_C
5:57179588_ATAGC_A	5:57155806_A_G
5:57179588_ATAGC_A	5:57161805_A_G
5:57179588_ATAGC_A	5:57164257_T_C
2:12336555_A_G	2:3719602_G_T
2:12336555_A_G	2:3720155_G_A
2:12336555_A_G	2:3722494_A_G
2:12336555_A_G	2:10767825_C_CA
2:12336555_A_G	2:12336415_C_A
2:12336555_A_G	2:12358763_T_A
2:12336555_A_G	2:12398533_A_C
2:12336555_A_G	2:12424303_C_T
2:12336555_A_G	2:12642908_T_A
2:12336555_A_G	2:13790266_GA_G
2:12336555_A_G	2:13791386_A_G
2:12336555_A_G	2:13797705_A_G
2:12336555_A_G	2:13800489_C_CT
2:12336555_A_G	2:13808620_T_C
2:12336555_A_G	2:13826271_A_T
2:12336555_A_G	2:13844392_G_T
2:12336555_A_G	2:13877643_C_T
2:12336555_A_G	2:13879388_C_T
2:12336555_A_G	2:13889846_C_A
2:12336555_A_G	2:13891360_T_C
2:12336555_A_G	2:21592797_G_C
2:12336555_A_G	2:21593045_T_G
2:12336555_A_G	2:21595204_A_C
12:130672763_C_T	12:127215085_G_C
12:130672763_C_T	12:127216373_G_A
12:130672763_C_T	12:127223400_T_G
12:130672763_C_T	12:127225103_C_T
12:130672763_C_T	12:127225289_C_T
12:130672763_C_T	12:127225534_C_T
12:130672763_C_T	12:128556874_T_C
12:130672763_C_T	12:128556924_C_T
12:130672763_C_T	12:128557206_T_C
12:130672763_C_T	12:128557362_T_C
12:130672763_C_T	12:129729324_C_T
12:130672763_C_T	12:129729478_G_A
12:130672763_C_T	12:129729482_G_A
12:130672763_C_T	12:131444428_C_T
12:130672763_C_T	12:131585313_A_G
12:130672763_C_T	12:131585538_G_A
12:130672763_C_T	12:131586849_T_C
2:201517559_A_G	2:200716119_C_A
2:201517559_A_G	2:200783705_A_T
2:201517559_A_G	2:200785854_T_C
2:201517559_A_G	2:200787719_T_C
2:201517559_A_G	2:200787804_A_G
2:201517559_A_G	2:200803023_A_G
2:201517559_A_G	2:200829208_C_CT
2:201517559_A_G	2:201001434_G_GA
2:201517559_A_G	2:201060524_CTT_C
2:201517559_A_G	2:201143242_T_C
2:201517559_A_G	2:201144386_T_A
2:201517559_A_G	2:201313988_T_C
2:201517559_A_G	2:201520598_A_G
2:201517559_A_G	2:201521036_T_TA
2:201517559_A_G	2:201521234_C_A
2:201517559_A_G	2:201521383_T_C
9:84439779_T_A	9:75306612_A_G
9:84439779_T_A	9:75308676_TTAATTATCTTAA_T
9:84439779_T_A	9:75310141_T_C
9:84439779_T_A	9:75318169_C_A
9:84439779_T_A	9:75321144_T_G
9:84439779_T_A	9:75330785_C_T
9:84439779_T_A	9:75331221_T_C
9:84439779_T_A	9:75331279_A_C
9:84439779_T_A	9:75331851_T_C
9:84439779_T_A	9:75331860_T_C
9:84439779_T_A	9:75332795_C_T
9:84439779_T_A	9:75337121_C_A
9:84439779_T_A	9:75342887_A_G
9:84439779_T_A	9:75343789_T_C
9:84439779_T_A	9:75344998_A_G
9:84439779_T_A	9:75350729_GA_G
9:84439779_T_A	9:75356455_C_T
9:84439779_T_A	9:75360575_C_T
9:84439779_T_A	9:75368525_G_A
9:84439779_T_A	9:75375810_G_T
9:84439779_T_A	9:75387805_T_C
9:84439779_T_A	9:75390101_T_C
9:84439779_T_A	9:75398790_G_T
9:84439779_T_A	9:78958762_G_T
9:84439779_T_A	9:79067702_CACT_C
9:84439779_T_A	9:82941745_A_T
9:84439779_T_A	9:82946338_A_C
9:84439779_T_A	9:82958157_C_T
9:84439779_T_A	9:82959585_C_T
9:84439779_T_A	9:90600335_T_C
11:89163794_A_G	11:89148049_G_A
11:89163794_A_G	11:89148468_T_C
11:89163794_A_G	11:89148747_T_C
11:89163794_A_G	11:89149143_C_G
11:89163794_A_G	11:89154721_T_C
11:89163794_A_G	11:89162453_T_C
11:89163794_A_G	11:97228437_C_T
16:79461049_G_A	16:79441318_T_C
16:79461049_G_A	16:89222489_TC_T
8:13080275_C_T	8:4185271_G_A
8:13080275_C_T	8:4270582_C_T
8:13080275_C_T	8:4893926_T_G
8:13080275_C_T	8:13948497_G_A
2:79816850_C_G	2:79788980_A_G
2:79816850_C_G	2:79791625_T_C
2:79816850_C_G	2:79795751_G_A
2:79816850_C_G	2:79797336_T_C
2:79816850_C_G	2:79808240_G_A
2:79816850_C_G	2:79808378_G_A
2:79816850_C_G	2:79809208_G_A
2:79816850_C_G	2:79814263_C_T
2:79816850_C_G	2:79816334_C_A
3:130092774_A_G	3:126543307_A_G
3:130092774_A_G	3:126606492_T_C
3:130092774_A_G	3:126608223_A_G
3:130092774_A_G	3:126608496_G_C
3:130092774_A_G	3:126608829_G_GCT
3:130092774_A_G	3:126610909_A_G
3:130092774_A_G	3:126615508_A_G
3:130092774_A_G	3:126621484_T_C
3:130092774_A_G	3:126621890_A_G
3:130092774_A_G	3:126634010_G_A
3:130092774_A_G	3:126634649_T_A
3:130092774_A_G	3:126635118_C_T
3:130092774_A_G	3:126635966_A_G
3:130092774_A_G	3:126636356_G_A
3:130092774_A_G	3:126637450_C_A
3:130092774_A_G	3:126639929_AC_A
3:130092774_A_G	3:126640618_G_A
3:130092774_A_G	3:126650627_A_G
3:130092774_A_G	3:126650763_G_T
3:130092774_A_G	3:128300998_C_T
3:130092774_A_G	3:128303083_G_C
3:130092774_A_G	3:128305217_C_G
3:130092774_A_G	3:128306323_C_T
3:130092774_A_G	3:128306894_T_C
3:130092774_A_G	3:128311404_T_C
3:130092774_A_G	3:128312647_T_C
3:130092774_A_G	3:128313880_G_A
3:130092774_A_G	3:128314776_T_C
3:130092774_A_G	3:128314931_C_T
3:130092774_A_G	3:128320756_AT_A
3:130092774_A_G	3:128321226_A_G
3:130092774_A_G	3:130087606_T_C
X:9281065_G_A	X:5810574_C_A
X:9281065_G_A	X:9928546_A_T
6:72801986_C_T	6:67596756_T_G
6:72801986_C_T	6:67604288_G_A
6:72801986_C_T	6:67609420_T_C
6:72801986_C_T	6:67622304_G_A
6:72801986_C_T	6:67622777_C_T
6:72801986_C_T	6:67623448_C_T
6:72801986_C_T	6:67624421_A_AGTT
6:72801986_C_T	6:67626818_A_G
6:72801986_C_T	6:72708549_G_A
6:72801986_C_T	6:72710611_A_T
6:72801986_C_T	6:72710632_T_C
6:72801986_C_T	6:72713309_G_T
6:72801986_C_T	6:72714216_A_G
6:72801986_C_T	6:72714750_A_G
6:72801986_C_T	6:72715477_G_A
6:72801986_C_T	6:72718091_G_A
6:72801986_C_T	6:72719582_C_T
6:72801986_C_T	6:72724229_G_A
6:72801986_C_T	6:72727044_A_G
6:72801986_C_T	6:72729528_T_C
6:72801986_C_T	6:72730880_C_G
6:72801986_C_T	6:72736743_A_G
6:72801986_C_T	6:72741656_G_A
6:72801986_C_T	6:72742390_G_A
6:72801986_C_T	6:72744352_G_A
6:72801986_C_T	6:72744653_G_A
6:72801986_C_T	6:72748861_A_AAAG
6:72801986_C_T	6:72749978_A_C
6:72801986_C_T	6:72750020_C_G
6:72801986_C_T	6:72757274_C_T
6:72801986_C_T	6:72759126_C_T
6:72801986_C_T	6:72765212_C_G
6:72801986_C_T	6:72765479_A_G
6:72801986_C_T	6:72765786_T_TA
6:72801986_C_T	6:72766664_C_T
6:72801986_C_T	6:72766739_C_G
6:72801986_C_T	6:72767814_G_A
6:72801986_C_T	6:72770691_T_C
6:72801986_C_T	6:72775842_G_A
6:72801986_C_T	6:72777196_A_G
6:72801986_C_T	6:72778708_TAAC_T
6:72801986_C_T	6:72780590_C_T
6:72801986_C_T	6:72782739_T_A
6:72801986_C_T	6:72784916_C_G
6:72801986_C_T	6:72786393_A_T
6:72801986_C_T	6:72793620_T_C
6:72801986_C_T	6:72797936_A_AC
6:72801986_C_T	6:72798463_T_A
6:72801986_C_T	6:72800804_T_C
6:72801986_C_T	6:72801990_C_T
6:72801986_C_T	6:72801994_C_T
6:72801986_C_T	6:72802116_A_G
6:72801986_C_T	6:72823935_T_G
6:72801986_C_T	6:72829516_C_A
6:72801986_C_T	6:72832991_G_A
6:72801986_C_T	6:72837914_G_A
6:72801986_C_T	6:72862981_A_AT
6:72801986_C_T	6:72896715_G_C
6:72801986_C_T	6:72897344_G_A
6:72801986_C_T	6:72903474_C_T
6:72801986_C_T	6:72912696_A_C
6:72801986_C_T	6:72917481_A_C
6:72801986_C_T	6:72919545_G_A
6:72801986_C_T	6:72924860_C_T
18:40679782_C_T	18:35562124_G_A
2:228628141_C_T	2:228627428_G_A
2:228628141_C_T	2:228633375_G_A
2:228628141_C_T	2:228633494_A_G
2:228628141_C_T	2:228633764_G_A
2:228628141_C_T	2:228638101_CTGAG_C
2:228628141_C_T	2:230027585_C_T
2:228628141_C_T	2:234110974_A_C
2:228628141_C_T	2:236036329_CA_C
8:77372988_C_T	8:75943007_A_G
8:77372988_C_T	8:75943016_A_T
8:77372988_C_T	8:75943021_A_G
8:77372988_C_T	8:77692293_T_TA
8:77372988_C_T	8:79820120_T_C
8:77372988_C_T	8:79831059_C_A
8:77372988_C_T	8:79832211_G_A
8:77372988_C_T	8:84596379_T_TA
11:70113723_C_G	11:69983303_G_A
11:70113723_C_G	11:75952620_A_C
2:74275789_A_C	2:79404617_G_GTA
12:58822189_C_G	12:55001917_T_A
12:58822189_C_G	12:55002014_C_T
12:58822189_C_G	12:58830976_G_A
14:64570826_G_C	14:62742926_T_C
14:64570826_G_C	14:62748840_C_A
14:64570826_G_C	14:62767425_G_T
14:64570826_G_C	14:64568212_T_C
14:64570826_G_C	14:64568895_T_C
14:64570826_G_C	14:66519499_A_T
14:64570826_G_C	14:66519537_C_T
14:64570826_G_C	14:66519538_A_T
12:95043303_TTCAA_T	12:93426108_C_T
12:95043303_TTCAA_T	12:93432988_G_A
12:95043303_TTCAA_T	12:95552382_C_T
12:95043303_TTCAA_T	12:95554155_C_T
12:95043303_TTCAA_T	12:95555559_TTC_T
12:95043303_TTCAA_T	12:95564940_A_G
12:95043303_TTCAA_T	12:95565271_G_C
12:95043303_TTCAA_T	12:95569637_G_C
12:95043303_TTCAA_T	12:95578105_G_A
12:95043303_TTCAA_T	12:95581424_T_TC
12:95043303_TTCAA_T	12:95581439_C_A
12:95043303_TTCAA_T	12:95744684_T_C
8:93295971_TA_T	8:84606311_C_T
8:93295971_TA_T	8:93216637_CTT_C
8:93295971_TA_T	8:93218124_G_A
8:93295971_TA_T	8:93264180_A_T
8:93295971_TA_T	8:93265016_T_C
8:93295971_TA_T	8:93266078_A_G
8:93295971_TA_T	8:93266540_T_C
8:93295971_TA_T	8:93267848_CATAAACAAAAGCCCTATTGTATTTT_C
8:93295971_TA_T	8:93288766_G_A
8:93295971_TA_T	8:93290132_C_G
8:93295971_TA_T	8:93302098_C_T
8:93295971_TA_T	8:93303239_T_G
8:93295971_TA_T	8:93304904_A_G
8:93295971_TA_T	8:93305520_T_C
8:93295971_TA_T	8:93306316_A_AT
8:93295971_TA_T	8:93306793_C_A
8:93295971_TA_T	8:93306944_G_A
8:93295971_TA_T	8:93308747_A_T
8:93295971_TA_T	8:93309543_C_T
8:93295971_TA_T	8:93309869_G_A
8:93295971_TA_T	8:93318355_C_T
8:93295971_TA_T	8:93323329_C_G
8:93295971_TA_T	8:93331035_A_T
8:93295971_TA_T	8:93336303_C_T
8:93295971_TA_T	8:93337222_GA_G
8:93295971_TA_T	8:93341384_T_C
8:93295971_TA_T	8:93351761_C_T
8:93295971_TA_T	8:93450407_C_T
8:93295971_TA_T	8:93458570_A_T
8:93295971_TA_T	8:93474544_C_T
8:93295971_TA_T	8:94981873_G_A
8:93295971_TA_T	8:94983179_TC_T
8:93295971_TA_T	8:94983641_G_GGGGAGA
8:93295971_TA_T	8:94984755_G_A
8:93295971_TA_T	8:94984805_A_C
8:93295971_TA_T	8:94985781_G_T
8:93295971_TA_T	8:94987169_A_C
8:93295971_TA_T	8:94989815_G_A
8:93295971_TA_T	8:96109663_C_T
8:93295971_TA_T	8:96534806_C_T
21:46768911_C_G	21:45999000_G_A
20:53266697_T_C	20:49473731_C_T
20:53266697_T_C	20:52560165_T_A
20:53266697_T_C	20:53167523_A_G
20:53266697_T_C	20:53257174_C_T
20:53266697_T_C	20:53258030_G_A
20:53266697_T_C	20:53262499_A_C
20:53266697_T_C	20:53265109_T_C
20:53266697_T_C	20:53273976_A_T
20:53266697_T_C	20:53277153_A_AC
20:53266697_T_C	20:53283184_T_C
20:53266697_T_C	20:53283487_A_G
20:53266697_T_C	20:53283735_A_G
20:53266697_T_C	20:53284144_A_C
20:53266697_T_C	20:53284305_C_T
20:53266697_T_C	20:53284926_A_G
20:53266697_T_C	20:53291370_T_C
20:53266697_T_C	20:53291551_T_TA
20:53266697_T_C	20:53291888_G_C
20:53266697_T_C	20:53292075_C_T
20:53266697_T_C	20:53292214_C_T
20:53266697_T_C	20:53292230_T_G
20:53266697_T_C	20:53292377_A_T
20:53266697_T_C	20:53292962_G_T
20:53266697_T_C	20:53292963_G_T
20:53266697_T_C	20:53292964_C_T
20:53266697_T_C	20:53292965_C_T
20:53266697_T_C	20:53293207_T_C
20:53266697_T_C	20:53293470_T_G
20:53266697_T_C	20:53293648_C_T
20:53266697_T_C	20:53293707_G_A
20:53266697_T_C	20:53293753_C_G
20:53266697_T_C	20:53293993_C_T
20:53266697_T_C	20:53294058_A_G
20:53266697_T_C	20:53294110_T_C
20:53266697_T_C	20:53294164_G_A
20:53266697_T_C	20:53294744_G_C
20:53266697_T_C	20:53294793_T_A
20:53266697_T_C	20:60232169_G_A
3:53233933_A_C	3:59884977_C_T
3:53233933_A_C	3:59896735_A_G
3:53233933_A_C	3:61984491_A_C
16:23850631_T_G	16:15242283_C_A
16:23850631_T_G	16:18243937_G_T
16:23850631_T_G	16:18244090_A_G
16:23850631_T_G	16:18245376_A_G
16:23850631_T_G	16:23827194_T_G
16:23850631_T_G	16:31465243_A_G
11:97460059_C_T	11:97521753_G_A
11:97460059_C_T	11:97537862_C_G
3:9168142_T_C	3:8332270_G_A
3:9168142_T_C	3:9162915_T_C
3:9168142_T_C	3:9163267_C_T
3:9168142_T_C	3:9163288_G_C
3:9168142_T_C	3:9163696_A_G
3:9168142_T_C	3:9163706_T_G
3:9168142_T_C	3:9165054_AAAATATAT_A
3:9168142_T_C	3:9167123_G_T
3:9168142_T_C	3:9174737_G_T
3:9168142_T_C	3:9177336_G_C
3:9168142_T_C	3:9179090_G_A
3:9168142_T_C	3:9188790_C_T
3:9168142_T_C	3:9190638_T_G
3:9168142_T_C	3:9193073_C_G
3:9168142_T_C	3:9193324_T_C
3:9168142_T_C	3:9194156_A_G
3:9168142_T_C	3:9194282_T_C
3:9168142_T_C	3:9194351_G_C
3:9168142_T_C	3:9194403_G_A
3:9168142_T_C	3:9194542_G_GGTATAACTT
3:9168142_T_C	3:9194624_T_C
7:106475950_C_T	7:98720730_A_AT
7:106475950_C_T	7:107839948_C_T
7:106475950_C_T	7:107841732_C_T
7:106475950_C_T	7:107851747_G_C
7:106475950_C_T	7:107853337_A_G
7:106475950_C_T	7:107854784_C_T
7:106475950_C_T	7:107857418_T_C
7:106475950_C_T	7:107861842_C_T
7:106475950_C_T	7:107867258_T_C
7:106475950_C_T	7:107870631_A_G
7:106475950_C_T	7:107886389_C_T
7:106475950_C_T	7:107886413_T_A
7:106475950_C_T	7:107887916_G_C
11:124746180_C_T	11:124748185_TCTC_T
11:124746180_C_T	11:128369597_C_T
11:124746180_C_T	11:128395947_A_G
2:133406053_A_ATTT	2:126026546_A_C
2:133406053_A_ATTT	2:126026882_G_T
2:133406053_A_ATTT	2:126027405_A_G
2:133406053_A_ATTT	2:133405034_T_C
2:133406053_A_ATTT	2:133406056_T_TGTTAACA
2:133406053_A_ATTT	2:133406671_A_G
2:133406053_A_ATTT	2:133407066_T_A
2:133406053_A_ATTT	2:133408301_C_A
2:133406053_A_ATTT	2:133408302_A_AC
2:133406053_A_ATTT	2:133408868_G_C
2:133406053_A_ATTT	2:133409608_A_C
2:133406053_A_ATTT	2:133409670_G_C
2:133406053_A_ATTT	2:133409897_A_G
2:133406053_A_ATTT	2:133410440_T_C
2:133406053_A_ATTT	2:133420060_G_T
2:133406053_A_ATTT	2:134228308_G_C
16:13241955_G_A	16:3601981_T_TCACC
16:13241955_G_A	16:3920126_C_T
16:13241955_G_A	16:12833537_C_T
16:13241955_G_A	16:20392332_G_A
5:24775415_G_A	5:24683727_T_C
5:24775415_G_A	5:24726633_G_C
5:24775415_G_A	5:24735830_A_G
5:24775415_G_A	5:24738922_C_T
5:24775415_G_A	5:24745998_A_G
5:24775415_G_A	5:24761541_C_T
5:24775415_G_A	5:24770744_G_GA
5:24775415_G_A	5:24776848_G_A
5:24775415_G_A	5:24779314_G_T
5:24775415_G_A	5:24779565_G_A
5:24775415_G_A	5:24779934_C_A
5:24775415_G_A	5:24782071_T_A
11:106812206_G_T	11:106705517_G_A
11:106812206_G_T	11:106720428_CTT_C
11:106812206_G_T	11:113431960_A_G
11:106812206_G_T	11:113436072_A_G
11:106812206_G_T	11:113438068_G_A
11:106812206_G_T	11:113438092_C_A
11:106812206_G_T	11:113448762_C_A
2:235751491_G_A	2:235752256_C_T
2:235751491_G_A	2:237763499_G_T
2:235751491_G_A	2:237763501_G_T
2:235751491_G_A	2:237765890_C_A
16:55095130_G_A	16:55092463_A_T
16:55095130_G_A	16:55096050_C_T
16:55095130_G_A	16:55096394_T_A
16:55095130_G_A	16:55096813_C_T
16:55095130_G_A	16:55098833_T_C
16:55095130_G_A	16:55102259_C_T
13:25972856_G_C	13:22388316_C_T
13:25972856_G_C	13:23690794_A_C
13:25972856_G_C	13:23695531_G_A
13:25972856_G_C	13:26587626_G_A
7:95096668_G_A	7:94909899_G_A
7:95096668_G_A	7:94950177_C_T
7:95096668_G_A	7:94983354_C_T
7:95096668_G_A	7:95020305_A_G
7:95096668_G_A	7:95081804_T_C
7:95096668_G_A	7:95091703_C_CT
7:95096668_G_A	7:95092993_GC_G
7:95096668_G_A	7:95096615_C_T
7:95096668_G_A	7:95096647_C_T
7:107899810_G_A	7:107900519_G_GA
7:107899810_G_A	7:107901248_A_T
7:107899810_G_A	7:111565800_G_A
7:154031745_G_C	7:154030338_C_CT
7:154031745_G_C	7:154030823_G_A
7:154031745_G_C	7:154032378_G_C
7:154031745_G_C	7:154032555_A_G
7:8714812_G_A	7:8638717_C_G
7:8714812_G_A	7:8640530_A_G
7:8714812_G_A	7:8644056_G_A
7:8714812_G_A	7:8649267_C_A
7:8714812_G_A	7:8651021_G_C
7:8714812_G_A	7:8655912_C_CA
7:8714812_G_A	7:8656845_T_C
7:8714812_G_A	7:8671187_GT_G
7:8714812_G_A	7:8682806_TA_T
7:8714812_G_A	7:8684978_C_G
7:8714812_G_A	7:8698007_A_G
7:8714812_G_A	7:8698437_T_A
7:8714812_G_A	7:8698537_G_A
7:8714812_G_A	7:8698861_C_T
7:8714812_G_A	7:8698992_C_T
7:8714812_G_A	7:8699219_G_C
7:8714812_G_A	7:8699304_G_A
7:8714812_G_A	7:8699378_G_A
7:8714812_G_A	7:8701361_G_A
7:8714812_G_A	7:8702036_T_TG
7:8714812_G_A	7:8702277_T_C
7:8714812_G_A	7:8702432_T_A
7:8714812_G_A	7:8702509_C_T
7:8714812_G_A	7:8702831_C_T
7:8714812_G_A	7:8702840_G_A
7:8714812_G_A	7:8703000_C_T
7:8714812_G_A	7:8703044_T_C
7:8714812_G_A	7:8703288_G_C
7:8714812_G_A	7:8703427_G_T
7:8714812_G_A	7:8703661_G_A
7:8714812_G_A	7:8703798_C_T
7:8714812_G_A	7:8704253_C_T
7:8714812_G_A	7:8704489_C_A
7:8714812_G_A	7:8704653_G_T
7:8714812_G_A	7:8704709_T_TA
7:8714812_G_A	7:8704843_G_C
7:8714812_G_A	7:8704875_C_T
7:8714812_G_A	7:8705272_A_G
7:8714812_G_A	7:8706413_A_C
7:8714812_G_A	7:8709087_T_C
7:8714812_G_A	7:8714115_T_C
18:46172867_T_C	18:48910137_C_T
5:80961069_G_A	5:80968081_GAT_G
5:176535668_A_G	5:166659251_C_T
5:176535668_A_G	5:174181646_G_GT
5:176535668_A_G	5:176748666_AT_A
8:125251893_A_G	8:129632431_A_T
8:125251893_A_G	8:129659764_C_T
8:125251893_A_G	8:130161438_A_G
3:108759488_T_C	3:101649195_A_T
3:108759488_T_C	3:108653533_G_C
3:108759488_T_C	3:108809483_A_C
3:108759488_T_C	3:111517284_A_T
3:108759488_T_C	3:111520821_CA_C
3:108759488_T_C	3:111521268_T_C
3:108759488_T_C	3:111533437_A_C
3:108759488_T_C	3:111536232_T_A
3:108759488_T_C	3:111537375_C_G
3:108759488_T_C	3:111539564_T_G
3:108759488_T_C	3:111539893_G_A
3:108759488_T_C	3:111543285_T_C
3:178379233_AT_A	3:178378482_A_C
3:178379233_AT_A	3:187463686_T_G
3:178379233_AT_A	3:187467029_A_G
5:99727966_T_C	5:94389928_C_T
5:99727966_T_C	5:94449817_G_C
5:99727966_T_C	5:95018382_G_T
5:99727966_T_C	5:95024273_A_C
5:99727966_T_C	5:99924792_A_G
5:99727966_T_C	5:99925723_C_G
16:62670661_G_A	16:64677195_G_T
11:14060417_T_G	11:12025295_A_T
11:14060417_T_G	11:19367196_G_C
11:14060417_T_G	11:19368172_G_A
11:14060417_T_G	11:19371078_G_A
11:14060417_T_G	11:19372943_C_A
11:14060417_T_G	11:19374137_C_T
11:14060417_T_G	11:19388026_G_A
3:189642694_A_C	3:183943004_T_TTCTC
3:189642694_A_C	3:189598126_G_T
3:189642694_A_C	3:189623000_T_C
3:189642694_A_C	3:189627812_C_T
3:189642694_A_C	3:189628024_C_T
3:189642694_A_C	3:189629023_G_T
3:189642694_A_C	3:189634573_G_A
3:189642694_A_C	3:189634920_G_A
3:189642694_A_C	3:189635151_T_A
3:189642694_A_C	3:189636655_G_T
3:189642694_A_C	3:189638519_G_C
3:189642694_A_C	3:189858124_C_A
9:120151230_C_T	NONE
10:73328055_T_C	10:73325318_G_T
10:73328055_T_C	10:73330454_G_A
10:73328055_T_C	10:73332485_C_T
10:73328055_T_C	10:75780936_A_C
2:187402382_G_A	2:187154519_C_A
2:187402382_G_A	2:191845785_G_GC
X:123319077_TTG_T	NONE
7:29317707_C_A	7:29302950_A_G
7:29317707_C_A	7:29311873_T_C
7:29317707_C_A	7:29312302_G_A
7:29317707_C_A	7:29312316_A_T
7:29317707_C_A	7:29316287_G_A
7:29317707_C_A	7:29316489_C_A
4:102721293_TGGGGGGA_T	4:99464308_GTCATTTTACACACACCCTCA_G
4:102721293_TGGGGGGA_T	4:100140823_T_A
4:102721293_TGGGGGGA_T	4:100146845_A_T
4:102721293_TGGGGGGA_T	4:100147101_A_G
4:102721293_TGGGGGGA_T	4:100147247_A_G
4:102721293_TGGGGGGA_T	4:100158023_T_G
4:102721293_TGGGGGGA_T	4:100158920_G_C
4:102721293_TGGGGGGA_T	4:100163873_G_A
4:102721293_TGGGGGGA_T	4:100173159_A_G
4:102721293_TGGGGGGA_T	4:100268131_C_T
4:102721293_TGGGGGGA_T	4:100268553_T_C
4:102721293_TGGGGGGA_T	4:100272147_T_C
4:102721293_TGGGGGGA_T	4:100274157_G_C
4:102721293_TGGGGGGA_T	4:100274983_C_T
4:102721293_TGGGGGGA_T	4:100277362_C_T
4:102721293_TGGGGGGA_T	4:100277432_G_A
4:102721293_TGGGGGGA_T	4:100281078_T_C
4:102721293_TGGGGGGA_T	4:100281893_T_C
4:102721293_TGGGGGGA_T	4:100290340_A_T
4:102721293_TGGGGGGA_T	4:101015663_A_G
4:102721293_TGGGGGGA_T	4:103141696_A_T
4:102721293_TGGGGGGA_T	4:103141921_A_C
4:102721293_TGGGGGGA_T	4:103142759_G_T
4:102721293_TGGGGGGA_T	4:103146088_C_G
1:2987195_T_G	1:1744743_C_T
1:2987195_T_G	1:3817538_AG_A
1:2987195_T_G	1:3817971_C_T
1:2987195_T_G	1:5223875_C_T
3:56686329_T_C	3:54025030_G_A
3:56686329_T_C	3:54065040_C_T
1:177760918_A_G	1:177759029_GA_G
1:177760918_A_G	1:177759645_C_T
5:180587494_G_A	5:179247717_AG_A
5:180587494_G_A	5:180319396_A_G
5:180587494_G_A	5:180335280_G_GC
5:180587494_G_A	5:180335285_C_T
5:180587494_G_A	5:180335289_A_G
5:180587494_G_A	5:180379814_A_G
5:180587494_G_A	5:180380878_T_C
5:180587494_G_A	5:180383695_C_T
5:180587494_G_A	5:180384126_A_G
5:180587494_G_A	5:180384475_G_A
5:180587494_G_A	5:180385546_G_A
5:180587494_G_A	5:180580530_C_T
5:180587494_G_A	5:180581611_T_G
5:180587494_G_A	5:180581614_A_G
5:180587494_G_A	5:180584173_A_T
5:180587494_G_A	5:180585474_G_A
5:180587494_G_A	5:180585519_T_A
10:107034164_C_T	10:99762693_A_G
10:107034164_C_T	10:107018388_CT_C
10:107034164_C_T	10:107020331_T_C
10:107034164_C_T	10:107021173_A_G
10:107034164_C_T	10:107024459_G_A
10:107034164_C_T	10:107025800_A_G
10:107034164_C_T	10:107026979_A_C
10:107034164_C_T	10:107030782_G_A
10:107034164_C_T	10:107033606_T_A
10:107034164_C_T	10:107033940_T_G
10:107034164_C_T	10:107033965_G_A
10:107034164_C_T	10:107034169_T_C
10:107034164_C_T	10:107034175_T_C
10:107034164_C_T	10:107034723_C_T
10:107034164_C_T	10:107035115_C_T
10:107034164_C_T	10:107035786_C_T
10:107034164_C_T	10:107035953_C_G
10:107034164_C_T	10:107035968_T_A
10:107034164_C_T	10:107036085_A_G
10:107034164_C_T	10:107036505_A_G
10:107034164_C_T	10:107036552_A_G
10:107034164_C_T	10:107036666_A_G
10:107034164_C_T	10:107037778_G_T
1:63766636_T_C	1:56711763_T_C
1:63766636_T_C	1:61625643_C_T
10:86910918_ATACAT_A	10:87094627_T_A
10:86910918_ATACAT_A	10:87277125_A_G
10:86910918_ATACAT_A	10:87277597_C_T
10:86910918_ATACAT_A	10:87278643_C_T
10:86910918_ATACAT_A	10:87278711_G_T
10:86910918_ATACAT_A	10:87281575_ATCTT_A
13:108481047_G_A	13:99011920_A_C
13:108481047_G_A	13:99015874_A_T
13:108481047_G_A	13:99018631_A_G
13:108481047_G_A	13:99022637_T_C
13:108481047_G_A	13:99023812_C_CT
13:108481047_G_A	13:108479834_T_A
13:108481047_G_A	13:108481791_C_T
13:108481047_G_A	13:112767794_A_T
18:69913070_C_T	18:69526187_T_C
18:69913070_C_T	18:69910987_C_T
18:69913070_C_T	18:69912062_T_C
18:69913070_C_T	18:69913058_G_A
18:69913070_C_T	18:69920934_A_G
18:69913070_C_T	18:69927476_T_C
18:69913070_C_T	18:69940551_T_C
13:20236385_C_T	13:19662461_C_T
13:20236385_C_T	13:20261924_A_G
13:20236385_C_T	13:26600216_C_T
8:4463379_A_T	8:848652_CCTCA_C
8:4463379_A_T	8:857080_G_A
8:4463379_A_T	8:3037260_C_G
8:4463379_A_T	8:3848750_A_G
8:4463379_A_T	8:4202914_G_C
22:50824998_T_C	22:48033333_G_A
15:91103686_C_T	15:91441086_T_C
15:91103686_C_T	15:91442152_A_T
15:91103686_C_T	15:91443059_T_C
22:27309141_G_A	22:27977955_A_T
22:27309141_G_A	22:27978272_G_A
22:27309141_G_A	22:27978512_C_T
22:27309141_G_A	22:27978565_C_A
22:27309141_G_A	22:28034292_C_CCCCAAGT
22:27309141_G_A	22:34061388_C_T
8:124592374_T_C	8:124551708_A_G
8:124592374_T_C	8:124552262_A_G
8:124592374_T_C	8:124561056_T_C
8:124592374_T_C	8:124570632_G_C
8:124592374_T_C	8:124573599_G_T
8:124592374_T_C	8:124576314_T_A
8:124592374_T_C	8:124581200_C_T
8:124592374_T_C	8:124591972_C_T
8:124592374_T_C	8:124607370_G_T
4:158536160_T_A	4:160244212_T_C
4:158536160_T_A	4:165658153_C_T
14:69302399_G_A	14:69277266_AT_A
14:69302399_G_A	14:69285325_T_C
14:69302399_G_A	14:69285337_G_C
14:69302399_G_A	14:69285818_C_T
14:69302399_G_A	14:69288216_G_C
14:69302399_G_A	14:69288730_C_T
14:69302399_G_A	14:69290308_A_G
14:69302399_G_A	14:69290316_G_C
14:69302399_G_A	14:69291666_C_T
14:69302399_G_A	14:69294011_C_A
14:69302399_G_A	14:69294057_G_A
14:69302399_G_A	14:69294460_C_T
14:69302399_G_A	14:69296653_T_C
14:69302399_G_A	14:69299037_G_T
14:69302399_G_A	14:69301705_G_A
3:74391863_C_T	3:74098169_T_C
3:74391863_C_T	3:74388105_T_C
3:74391863_C_T	3:74391718_T_C
3:74391863_C_T	3:74395632_G_A
3:74391863_C_T	3:79518850_C_T
3:74391863_C_T	3:79629996_ACTT_A
X:6474746_T_C	X:6412151_G_A
X:6474746_T_C	X:6416746_A_G
X:6474746_T_C	X:6417951_T_C
X:6474746_T_C	X:6424781_A_G
X:6474746_T_C	X:6436081_C_T
X:6474746_T_C	X:6436087_G_A
X:6474746_T_C	X:6436470_C_T
X:6474746_T_C	X:6437059_C_T
X:6474746_T_C	X:6437548_T_C
X:6474746_T_C	X:6438302_G_T
X:6474746_T_C	X:6444607_T_C
X:6474746_T_C	X:6454788_C_T
X:6474746_T_C	X:6462025_T_G
X:6474746_T_C	X:6473994_T_C
X:6474746_T_C	X:6480342_T_C
2:158494100_C_A	2:156604133_C_G
4:22319347_AAAAAAAC_A	4:22303275_C_CT
4:153397608_C_T	4:143530374_T_C
4:153397608_C_T	4:143539187_T_C
4:153397608_C_T	4:143541728_T_C
4:153397608_C_T	4:143550480_A_C
4:153397608_C_T	4:143579678_A_G
4:153397608_C_T	4:143590851_T_C
4:153397608_C_T	4:143592961_C_T
4:153397608_C_T	4:143593086_C_T
4:153397608_C_T	4:153419508_C_T
4:153397608_C_T	4:153422224_C_A
4:153397608_C_T	4:153425099_A_G
4:153397608_C_T	4:153426018_C_T
4:153397608_C_T	4:153426727_C_T
4:153397608_C_T	4:153431940_G_T
11:134693504_C_T	11:125797234_G_GT
11:134693504_C_T	11:134624671_A_G
11:134693504_C_T	11:134674490_A_G
11:134693504_C_T	11:134677377_A_G
13:92544973_G_A	13:84637396_C_G
13:92544973_G_A	13:84733647_T_C
13:92544973_G_A	13:86451144_TATTTA_T
13:92544973_G_A	13:86451146_TTTA_T
13:92544973_G_A	13:92481657_A_G
X:40822126_C_T	NONE
9:114048856_GA_G	NONE
18:77416740_GTA_G	18:77381226_A_G
18:77416740_GTA_G	18:77381236_C_T
18:77416740_GTA_G	18:77535939_A_G
11:113159482_T_C	11:113160332_G_A
11:113159482_T_C	11:113160503_G_A
11:113159482_T_C	11:113161398_T_C
11:113159482_T_C	11:113163961_A_G
11:113159482_T_C	11:113164768_G_A
11:113159482_T_C	11:113164888_TC_T
11:113159482_T_C	11:113166086_T_C
11:113159482_T_C	11:113170835_C_A
11:113159482_T_C	11:113173276_G_A
11:113159482_T_C	11:113176052_T_TG
11:113159482_T_C	11:113186879_C_T
11:113159482_T_C	11:113188522_CT_C
11:113159482_T_C	11:113192406_G_A
11:113159482_T_C	11:121731803_G_A
8:95148022_G_A	NONE
11:18919117_C_T	11:18886994_G_A
11:18919117_C_T	11:19371907_G_A
11:18919117_C_T	11:19374222_T_C
5:155526907_A_G	5:155521831_C_T
5:155526907_A_G	5:155535278_G_A
5:155526907_A_G	5:155537356_G_A
5:155526907_A_G	5:155540311_G_A
5:155526907_A_G	5:157693647_C_A
5:155526907_A_G	5:158918260_T_G
7:47564182_T_C	7:47566157_A_T
7:47564182_T_C	7:55262627_T_C
2:126682015_C_T	2:127422038_A_G
2:126682015_C_T	2:127429200_C_G
2:126682015_C_T	2:127429513_C_A
2:126682015_C_T	2:127430549_C_T
2:126682015_C_T	2:127435040_AGT_A
2:126682015_C_T	2:127435300_T_C
2:126682015_C_T	2:127435301_C_T
2:126682015_C_T	2:127435986_G_A
2:126682015_C_T	2:127436130_C_T
2:126682015_C_T	2:127436724_C_T
2:126682015_C_T	2:127437596_C_T
2:126682015_C_T	2:127438127_G_A
2:126682015_C_T	2:127438392_G_A
2:126682015_C_T	2:127438476_G_T
2:126682015_C_T	2:127438542_G_A
2:126682015_C_T	2:127438827_G_T
18:59461531_C_A	18:61392044_G_C
6:137619611_C_G	6:137617756_C_T
6:137619611_C_G	6:137618908_G_C
6:137619611_C_G	6:137620209_T_C
6:137619611_C_G	6:137620950_A_T
6:137619611_C_G	6:137620951_A_C
6:137619611_C_G	6:137621298_T_C
6:137619611_C_G	6:137621542_T_G
6:137619611_C_G	6:137622082_T_G
6:137619611_C_G	6:137622135_T_C
6:137619611_C_G	6:137622434_A_G
6:137619611_C_G	6:137623186_G_T
6:137619611_C_G	6:137625174_G_A
6:137619611_C_G	6:137625741_C_G
6:137619611_C_G	6:137625920_T_G
6:137619611_C_G	6:137628326_CCAGT_C
6:137619611_C_G	6:137628995_G_A
6:137619611_C_G	6:137628996_A_C
6:137619611_C_G	6:137629746_GA_G
6:137619611_C_G	6:137629936_G_T
6:137619611_C_G	6:137630084_C_T
6:137619611_C_G	6:137633630_G_A
6:137619611_C_G	6:137640061_G_A
6:137619611_C_G	6:137644155_CA_C
6:137619611_C_G	6:137644158_A_G
6:137619611_C_G	6:137644159_GA_G
6:137619611_C_G	6:137648296_C_T
6:137619611_C_G	6:137650803_C_T
6:137619611_C_G	6:137651193_G_GT
6:137619611_C_G	6:137652150_A_C
6:137619611_C_G	6:137654393_A_G
6:137619611_C_G	6:137654786_C_T
6:137619611_C_G	6:137654892_C_T
6:137619611_C_G	6:137660873_G_A
6:137619611_C_G	6:137661129_T_C
6:137619611_C_G	6:137662228_A_C
6:137619611_C_G	6:137662477_C_T
6:137619611_C_G	6:137663749_G_C
6:137619611_C_G	6:137666366_G_A
6:137619611_C_G	6:137670145_A_T
6:137619611_C_G	6:137671253_C_T
6:137619611_C_G	6:137671441_A_G
6:137619611_C_G	6:137672223_A_C
6:137619611_C_G	6:137672769_T_A
6:137619611_C_G	6:137674385_C_T
6:137619611_C_G	6:137674386_A_G
6:137619611_C_G	6:137675541_A_G
6:137619611_C_G	6:138342712_C_A
6:137619611_C_G	6:138350160_A_C
22:27964362_A_C	22:27952608_T_C
22:27964362_A_C	22:27963467_G_A
22:27964362_A_C	22:27967652_G_A
22:27964362_A_C	22:34782064_T_C
22:27964362_A_C	22:34793429_G_A
6:148389121_T_G	6:148332390_A_T
6:148389121_T_G	6:148383070_G_A
6:148389121_T_G	6:148385104_C_T
6:148389121_T_G	6:148394659_G_A
9:3598195_A_G	9:3600194_A_G
9:3598195_A_G	9:3600712_C_T
15:99224093_CTTTTTTT_C	NONE
6:17595844_TC_T	NONE
6:117248932_A_G	6:117251526_AT_A
6:117248932_A_G	6:117257645_C_A
6:117248932_A_G	6:117266054_TTA_T
6:117248932_A_G	6:117266057_CA_C
6:117248932_A_G	6:117272016_C_T
6:117248932_A_G	6:117272616_C_A
6:117248932_A_G	6:117273923_A_ATGACT
6:117248932_A_G	6:117275772_T_TG
6:117248932_A_G	6:123061733_T_C
10:82123092_GTTTTTT_G	10:81687609_C_A
10:82123092_GTTTTTT_G	10:82157464_C_T
10:82123092_GTTTTTT_G	10:82158710_G_A
10:82123092_GTTTTTT_G	10:82159103_T_C
10:82123092_GTTTTTT_G	10:82164654_CA_C
10:82123092_GTTTTTT_G	10:82165427_C_A
10:82123092_GTTTTTT_G	10:82165640_A_G
13:48395057_T_A	13:43464397_A_C
13:48395057_T_A	13:51694447_C_T
13:48395057_T_A	13:51695419_C_T
1:196163316_C_G	1:191047613_A_G
1:196163316_C_G	1:196130192_A_C
1:196163316_C_G	1:196131955_G_A
1:196163316_C_G	1:197979464_T_C
15:92435790_A_G	15:84702734_G_A
15:92435790_A_G	15:87775868_T_A
15:92435790_A_G	15:92438070_AG_A
X:129422633_CT_C	X:124957891_T_G
X:129422633_CT_C	X:124962627_C_T
X:129422633_CT_C	X:124984886_T_A
X:129422633_CT_C	X:131919404_A_G
X:129422633_CT_C	X:131929779_T_C
X:129422633_CT_C	X:131942593_T_C
X:129422633_CT_C	X:131942995_T_C
X:129422633_CT_C	X:131944436_AGAAG_A
X:129422633_CT_C	X:131944682_C_A
X:129422633_CT_C	X:131945843_T_C
X:129422633_CT_C	X:131945985_G_T
X:129422633_CT_C	X:131946327_G_A
X:129422633_CT_C	X:131946937_G_A
X:129422633_CT_C	X:131947243_T_C
X:129422633_CT_C	X:131947668_G_T
X:129422633_CT_C	X:131949416_G_A
X:129422633_CT_C	X:131950020_G_A
X:129422633_CT_C	X:131954973_C_T
X:129422633_CT_C	X:131955054_C_T
X:129422633_CT_C	X:131957729_CAAA_C
X:129422633_CT_C	X:131959019_CTACT_C
4:5450124_C_T	4:970328_GA_G
4:5450124_C_T	4:5433770_G_A
4:5450124_C_T	4:5434297_C_CATGAAT
4:5450124_C_T	4:5445936_G_A
4:5450124_C_T	4:5445976_C_A
4:5450124_C_T	4:5446061_G_A
4:5450124_C_T	4:5446410_A_G
4:5450124_C_T	4:5446591_T_C
4:5450124_C_T	4:5446604_T_A
4:5450124_C_T	4:5449825_G_A
4:5450124_C_T	4:5451084_T_C
4:5450124_C_T	4:5451484_T_C
4:5450124_C_T	4:5457474_T_C
4:5450124_C_T	4:7272028_G_A
7:143195401_T_A	7:136354600_G_C
7:143195401_T_A	7:136361693_T_C
7:143195401_T_A	7:136368233_C_T
7:143195401_T_A	7:136800833_C_T
7:143195401_T_A	7:142525622_A_G
7:143195401_T_A	7:142574844_C_T
7:143195401_T_A	7:143047599_T_TG
7:143195401_T_A	7:143135165_A_G
7:143195401_T_A	7:143139810_C_G
7:143195401_T_A	7:143147318_C_T
7:143195401_T_A	7:143158550_A_T
7:143195401_T_A	7:143159898_GT_G
7:143195401_T_A	7:143161068_C_T
7:143195401_T_A	7:143164428_T_A
7:143195401_T_A	7:143165992_C_T
7:143195401_T_A	7:143166501_G_C
7:143195401_T_A	7:143168847_C_G
7:143195401_T_A	7:143169357_C_T
7:143195401_T_A	7:143175154_G_A
11:95588633_C_T	11:95532917_A_G
4:189205813_G_GGCGACAGA	4:181448697_T_A
4:189205813_G_GGCGACAGA	4:181449355_G_A
4:189205813_G_GGCGACAGA	4:181450436_G_A
4:189205813_G_GGCGACAGA	4:181452290_T_C
4:189205813_G_GGCGACAGA	4:189215486_C_CT
1:166503560_T_C	1:166499803_G_A
7:77683974_AT_A	7:77679755_C_A
7:77683974_AT_A	7:77681051_A_G
7:77683974_AT_A	7:77681473_G_GC
7:77683974_AT_A	7:77685648_G_T
7:77683974_AT_A	7:77687225_G_T
7:77683974_AT_A	7:77687937_T_C
7:77683974_AT_A	7:77689491_A_G
7:77683974_AT_A	7:77690707_C_T
7:77683974_AT_A	7:77692720_G_A
7:77683974_AT_A	7:77693032_A_C
7:77683974_AT_A	7:77698668_T_C
7:77683974_AT_A	7:77700415_A_G
7:77683974_AT_A	7:77701409_G_A
7:77683974_AT_A	7:77701857_C_T
3:126555544_G_A	3:118248695_G_A
3:126555544_G_A	3:118250340_G_A
3:126555544_G_A	3:118250375_A_G
3:126555544_G_A	3:118253469_G_A
3:126555544_G_A	3:118254649_G_A
3:126555544_G_A	3:118254960_A_C
3:126555544_G_A	3:118255364_C_G
3:126555544_G_A	3:118256200_T_C
3:126555544_G_A	3:118259421_A_G
3:126555544_G_A	3:118261582_A_G
3:126555544_G_A	3:118273400_G_A
3:126555544_G_A	3:118276402_A_G
3:126555544_G_A	3:126564768_T_C
3:126555544_G_A	3:132212713_C_A
3:126555544_G_A	3:132250739_G_A
3:126555544_G_A	3:135932990_G_A
18:8346342_T_C	18:8334158_T_C
18:8346342_T_C	18:8346152_G_A
4:54904456_G_A	4:46200428_T_TA
4:54904456_G_A	4:46200439_T_A
4:54904456_G_A	4:54804792_C_T
4:54904456_G_A	4:54851848_C_T
4:54904456_G_A	4:54885274_A_G
4:54904456_G_A	4:54956256_C_G
14:98264314_T_A	14:98263234_A_G
14:98264314_T_A	14:98263518_G_C
14:98264314_T_A	14:98263541_A_G
14:98264314_T_A	14:98263893_A_G
14:98264314_T_A	14:98263896_C_T
2:205803372_A_G	NONE
16:17188422_A_G	16:8229406_C_T
16:17188422_A_G	16:8229442_T_G
16:17188422_A_G	16:17179739_C_T
16:17188422_A_G	16:18229379_G_A
16:17188422_A_G	16:18264837_A_G
10:133094135_C_T	10:129691655_A_G
10:133094135_C_T	10:133082744_C_T
10:133094135_C_T	10:133083495_G_T
10:133094135_C_T	10:133087349_C_T
10:133094135_C_T	10:133092441_C_G
11:59695524_G_A	11:63246469_G_A
2:57816645_T_C	NONE
17:57311749_A_C	NONE
2:144674199_T_C	NONE
4:175766941_T_C	4:169995576_A_G
4:175766941_T_C	4:175811123_T_C
4:175766941_T_C	4:175812453_T_C
4:175766941_T_C	4:175816341_A_G
4:175766941_T_C	4:175817932_T_A
7:125640364_G_GACAC	7:125610957_C_A
7:125640364_G_GACAC	7:125614933_G_A
7:125640364_G_GACAC	7:125619338_G_T
7:125640364_G_GACAC	7:125622550_G_A
7:125640364_G_GACAC	7:132045957_G_A
7:125640364_G_GACAC	7:132048453_T_C
7:125640364_G_GACAC	7:132050290_T_C
7:125640364_G_GACAC	7:132050344_G_A
7:125640364_G_GACAC	7:132058682_T_G
7:125640364_G_GACAC	7:132064270_C_T
3:79633259_A_G	3:79590648_G_A
3:79633259_A_G	3:80155219_AT_A
7:9144206_G_A	7:6255327_T_C
1:241374401_A_T	1:238115522_G_A
1:241374401_A_T	1:239769721_G_A
1:241374401_A_T	1:247620067_C_G
8:58256406_T_C	8:63277845_T_C
8:58256406_T_C	8:63309821_TA_T
18:1408386_C_T	18:1407311_A_C
18:1408386_C_T	18:1408230_ATAAAT_A
18:1408386_C_T	18:1408592_C_G
18:1408386_C_T	18:1411308_T_C
18:1408386_C_T	18:1411545_GT_G
18:1408386_C_T	18:1414472_A_C
18:1408386_C_T	18:1414782_A_G
18:1408386_C_T	18:1415469_C_T
18:1408386_C_T	18:1415625_TTTTTTC_T
18:1408386_C_T	18:1416503_TG_T
18:1408386_C_T	18:1418313_G_A
18:1408386_C_T	18:1418371_A_T
18:1408386_C_T	18:1419599_C_G
18:1408386_C_T	18:1421108_T_C
18:1408386_C_T	18:1421487_T_C
18:1408386_C_T	18:1421841_T_A
18:1408386_C_T	18:4759091_G_A
18:1408386_C_T	18:5076468_G_A
18:1408386_C_T	18:5078130_T_C
18:1408386_C_T	18:5078877_A_C
8:29325914_A_AGTGTGTGT	NONE
8:70343515_T_TTA	8:70371467_C_G
8:70343515_T_TTA	8:70374492_A_C
5:170464626_T_C	5:170438742_G_A
5:170464626_T_C	5:170520932_G_T
5:170464626_T_C	5:172475613_A_G
5:170464626_T_C	5:172475651_A_G
5:170464626_T_C	5:172476930_T_C
18:24028875_C_T	18:24076731_C_T
11:25411811_G_T	NONE
1:29248487_G_GT	1:22987070_T_C
1:29248487_G_GT	1:26856148_C_T
1:29248487_G_GT	1:29340346_GTTT_G
1:29248487_G_GT	1:29352596_AAG_A
1:29248487_G_GT	1:29356663_T_A
1:29248487_G_GT	1:29385648_G_A
1:29248487_G_GT	1:29416640_G_T
1:29248487_G_GT	1:29429004_C_T
1:29248487_G_GT	1:29431072_C_T
1:29248487_G_GT	1:29439016_T_A
1:29248487_G_GT	1:29456085_C_T
1:29248487_G_GT	1:29457778_G_T
4:90293728_T_C	NONE
2:221423939_C_CCAGAGT	2:221400341_G_C
2:221423939_C_CCAGAGT	2:221416122_C_T
2:221423939_C_CCAGAGT	2:222534692_T_A
2:221423939_C_CCAGAGT	2:223600805_T_C
3:61981197_T_C	3:61725778_T_C
3:61981197_T_C	3:61984088_C_A
3:61981197_T_C	3:61985203_C_G
12:15654216_AT_A	12:12043677_C_G
12:15654216_AT_A	12:15644053_G_C
X:86227046_G_A	X:79377476_A_G
X:86227046_G_A	X:79397199_T_A
12:53043636_G_A	12:47122140_A_G
12:53043636_G_A	12:52673260_C_A
12:53043636_G_A	12:52676977_A_G
12:53043636_G_A	12:53046507_G_A
12:53043636_G_A	12:53049266_G_A
4:135250565_TA_T	4:134845242_C_T
4:135250565_TA_T	4:137675381_T_C
18:4196937_C_T	18:4194136_T_C
18:4196937_C_T	18:4198603_C_T
18:4196937_C_T	18:4759683_C_A
18:4196937_C_T	18:4760897_T_A
9:75340243_A_G	9:83267380_G_T
4:112776389_A_G	NONE
2:241071710_G_C	NONE
5:36297257_TTA_T	5:26643486_T_A
5:36297257_TTA_T	5:36012041_A_G
5:36297257_TTA_T	5:36021884_A_G
2:129105432_C_T	2:127839263_G_C
2:129105432_C_T	2:129056927_G_A
2:129105432_C_T	2:129104958_G_T
2:129105432_C_T	2:129107863_G_A
2:129105432_C_T	2:129110365_A_G
2:129105432_C_T	2:129128320_T_A
9:135435742_G_A	9:135611573_C_CT
2:183172958_T_C	2:183194479_G_A
9:88547927_T_G	NONE
4:43281086_C_T	4:38745665_AG_A
4:43281086_C_T	4:39076001_T_G
4:43281086_C_T	4:45920243_T_A
5:7395395_C_G	5:6691402_T_C
5:7395395_C_G	5:12568960_C_G
20:62905652_G_GTT	20:62578077_A_AT
20:62905652_G_GTT	20:62856121_C_T
20:62905652_G_GTT	20:62896110_C_T
20:62905652_G_GTT	20:62903535_T_C
19:13580845_C_T	NONE
10:69150218_G_A	NONE
7:139138551_C_T	7:136386520_G_A
7:139138551_C_T	7:139016088_C_A
1:1889500_C_T	1:1602587_C_T
16:6105319_C_T	16:6108644_C_CA
16:6105319_C_T	16:6110703_G_T
16:6105319_C_T	16:6111791_C_T
16:6105319_C_T	16:6115804_T_A
11:12548279_C_T	11:12547937_A_G
11:12548279_C_T	11:12548017_T_C
11:12548279_C_T	11:12548196_C_A
9:745038_T_A	9:5138730_T_TA
9:745038_T_A	9:5740762_T_C
13:27970590_G_C	13:27970934_C_T
13:27970590_G_C	13:28307239_C_T
13:27970590_G_C	13:28309646_G_A
13:27970590_G_C	13:28314030_A_C
13:27970590_G_C	13:28315618_T_C
13:27970590_G_C	13:28315830_A_T
13:27970590_G_C	13:28317567_T_A
16:6842784_C_T	16:8165083_G_T
20:22519415_GTTC_G	NONE
6:102777218_G_A	NONE
3:196361977_T_C	3:193737991_G_A
3:196361977_T_C	3:193740367_G_T
3:196361977_T_C	3:193740505_C_G
3:196361977_T_C	3:193740610_C_A
3:196361977_T_C	3:193740615_C_T
3:196361977_T_C	3:193740845_G_C
3:196361977_T_C	3:193741491_T_C
3:196361977_T_C	3:193742151_T_C
3:196361977_T_C	3:193742867_A_C
3:196361977_T_C	3:194722518_T_C
3:196361977_T_C	3:196482211_T_C
3:196361977_T_C	3:196514636_A_G
3:196361977_T_C	3:196519233_C_T
3:196361977_T_C	3:196519545_C_G
3:100975442_C_G	NONE
2:141595824_C_A	2:141587228_T_C
X:123004812_C_T	X:113452741_C_T
12:124995329_G_A	12:125001003_A_G
12:124995329_G_A	12:129721750_C_T
12:124995329_G_A	12:129723991_C_T
12:124995329_G_A	12:129725684_C_T
12:124995329_G_A	12:129726472_G_T
12:124995329_G_A	12:129726585_C_T
12:124995329_G_A	12:129726669_C_A
12:124995329_G_A	12:129726970_T_A
12:124995329_G_A	12:129727085_C_T
12:124995329_G_A	12:129727241_C_G
12:124995329_G_A	12:129727300_G_A
12:124995329_G_A	12:129727314_T_C
12:124995329_G_A	12:129727377_G_A
12:124995329_G_A	12:129727392_G_T
12:124995329_G_A	12:129728715_A_G
12:124995329_G_A	12:129728824_G_A
12:124995329_G_A	12:129728852_G_A
12:124995329_G_A	12:129728909_C_T
12:124995329_G_A	12:129729033_T_TA
12:124995329_G_A	12:129730186_T_C
12:124995329_G_A	12:129730868_C_T
12:124995329_G_A	12:131618798_G_A
9:120052314_T_C	NONE
2:217072227_A_G	2:216496835_G_C
2:217072227_A_G	2:216496924_G_T
2:217072227_A_G	2:216497645_A_G
2:217072227_A_G	2:216497739_T_A
2:217072227_A_G	2:216498261_A_T
2:217072227_A_G	2:216499663_G_C
2:217072227_A_G	2:216503552_C_T
2:217072227_A_G	2:217087027_G_A
2:217072227_A_G	2:217094783_T_C
4:12383271_GA_G	4:17368074_C_T
5:156850318_T_G	NONE
2:115610230_C_A	NONE
9:83254994_C_T	9:81588871_T_C
9:83254994_C_T	9:81589361_A_G
9:83254994_C_T	9:81589458_A_G
9:83254994_C_T	9:81867260_GT_G
9:83254994_C_T	9:81867269_G_T
9:83254994_C_T	9:83260743_T_C
9:83254994_C_T	9:83389277_G_A
9:83254994_C_T	9:83628400_C_T
16:89155269_T_G	16:89155276_T_G
16:89155269_T_G	16:89739850_C_G
18:24337176_T_C	18:24335423_C_T
18:24337176_T_C	18:24335432_T_C
9:112729900_C_G	9:112727481_G_C
9:112729900_C_G	9:112727492_A_T
9:112729900_C_G	9:112727518_A_G
9:112729900_C_G	9:112728435_A_T
9:112729900_C_G	9:112734445_T_C
9:112729900_C_G	9:112734459_A_T
9:112729900_C_G	9:112735377_A_G
9:112729900_C_G	9:112737578_A_G
3:1426426_T_C	3:2376301_G_A
5:173781916_G_A	NONE
9:71563344_C_T	9:72407926_A_T
10:104539932_T_C	NONE
5:6101950_C_T	NONE
3:183948153_A_G	3:183138793_T_TAATATGTCATACCAC
3:183948153_A_G	3:183948024_G_C
4:66864568_G_T	4:62736744_C_A
X:150075231_AT_A	X:150075299_CA_C
15:36595008_C_A	NONE
10:54984582_G_A	10:54955988_T_A
10:54984582_G_A	10:54974588_T_C
10:54984582_G_A	10:54982598_T_A
10:54984582_G_A	10:54982941_G_T
10:54984582_G_A	10:54983011_G_A
10:54984582_G_A	10:54983499_GA_G
10:54984582_G_A	10:54985003_A_G
10:54984582_G_A	10:54985009_C_G
10:54984582_G_A	10:54986716_C_G
10:54984582_G_A	10:54990573_T_A
14:54117010_A_T	14:54112618_C_T
14:54117010_A_T	14:54119574_A_C
14:54117010_A_T	14:54119723_C_A
14:54117010_A_T	14:54619316_C_T
14:54117010_A_T	14:54621408_A_T
14:54117010_A_T	14:54630097_T_G
14:54117010_A_T	14:54634222_T_G
14:54117010_A_T	14:54647436_T_C
18:57238958_C_G	18:57235398_G_A
18:57238958_C_G	18:57237217_A_T
18:57238958_C_G	18:57237334_T_A
18:57238958_C_G	18:57238525_T_A
18:57238958_C_G	18:57240465_C_T
18:57238958_C_G	18:57245638_A_G
18:57238958_C_G	18:57246103_C_T
18:57238958_C_G	18:57246778_G_A
18:57238958_C_G	18:57248909_G_A
18:57238958_C_G	18:57252324_C_T
18:57238958_C_G	18:57252536_C_T
18:57238958_C_G	18:57259730_A_T
18:57238958_C_G	18:57262536_T_C
18:57238958_C_G	18:57263048_A_T
18:57238958_C_G	18:57275337_G_A
18:57238958_C_G	18:57277156_C_T
13:87005528_A_C	13:88893044_A_G
13:87005528_A_C	13:89994376_A_G
7:156924891_C_T	7:155999945_G_A
2:42520916_C_A	2:37571159_A_T
4:7293793_C_G	4:7289763_C_T
20:54149924_G_T	NONE
4:89100336_C_T	NONE
6:133635585_C_T	6:127333169_C_T
1:171984175_C_CTA	1:171977930_TATATATA_T
1:171984175_C_CTA	1:171980587_G_A
1:171984175_C_CTA	1:171984161_A_AT
1:171984175_C_CTA	1:171986061_T_G
18:10797078_CAT_C	18:10727926_G_A
18:10797078_CAT_C	18:10729230_C_A
3:187186213_C_T	3:187174310_A_G
3:187186213_C_T	3:187187490_C_G
3:187186213_C_T	3:187217754_G_A
15:27878705_C_T	15:25842319_C_T
15:27878705_C_T	15:25844829_G_A
8:63856476_C_A	8:63281917_A_G
8:63856476_C_A	8:63288230_G_A
8:63856476_C_A	8:63289105_C_A
8:63856476_C_A	8:63289925_A_G
8:63856476_C_A	8:63298546_C_T
8:63856476_C_A	8:63299330_A_G
8:63856476_C_A	8:63302626_A_C
8:63856476_C_A	8:63302928_C_A
8:63856476_C_A	8:63303029_A_G
8:63856476_C_A	8:63303630_A_G
8:63856476_C_A	8:63304369_T_C
8:63856476_C_A	8:63304486_G_T
8:63856476_C_A	8:63304515_T_C
8:63856476_C_A	8:63305349_T_G
8:63856476_C_A	8:63305601_A_C
4:57066918_A_G	4:56046659_T_C
4:57066918_A_G	4:64396926_C_T
4:57066918_A_G	4:65422868_A_G
14:22693216_A_C	14:22619804_C_T
14:22693216_A_C	14:22634168_A_G
19:1941616_C_G	NONE
1:106015654_A_G	1:106014797_A_T
1:106015654_A_G	1:106015267_C_T
16:20190635_C_T	16:20184517_G_A
16:20190635_C_T	16:20186311_G_A
16:20190635_C_T	16:20186398_T_C
17:74512333_G_T	17:74509153_C_T
17:74512333_G_T	17:74512336_T_G
17:74512333_G_T	17:74512911_CAAAAAA_C
7:150002815_T_A	7:149016647_A_C
7:150002815_T_A	7:150002859_G_A
7:150002815_T_A	7:150004244_G_A
7:150002815_T_A	7:150012036_GT_G
7:150002815_T_A	7:150016523_T_C
7:150002815_T_A	7:150016697_A_C
7:150002815_T_A	7:150017228_T_C
7:150002815_T_A	7:150017408_T_C
7:150002815_T_A	7:150017589_A_C
7:150002815_T_A	7:150020381_G_A
7:150002815_T_A	7:150020422_A_T
7:150002815_T_A	7:150020457_C_T
7:150002815_T_A	7:150020489_T_C
7:150002815_T_A	7:150020526_C_T
19:15719700_T_C	19:15693860_C_A
19:15719700_T_C	19:15694470_G_C
19:15719700_T_C	19:15695048_C_G
19:15719700_T_C	19:15695476_C_T
19:15719700_T_C	19:15718834_G_C
19:15719700_T_C	19:16335293_G_A
19:15719700_T_C	19:16339030_C_T
15:67463263_C_T	NONE
1:238259649_T_C	1:238472891_C_T
1:238259649_T_C	1:238476357_G_T
1:238259649_T_C	1:238476366_T_C
1:238259649_T_C	1:239772281_A_G
10:27549347_C_T	10:27745514_G_A
5:96416985_C_CATAT	5:91081835_G_A
6:42095421_T_C	6:42072004_AAGGGAGGTCAGG_A
6:42095421_T_C	6:43982674_C_T
X:135422209_AG_A	X:141252269_A_C
16:48463017_A_T	16:48156442_C_T
16:48463017_A_T	16:52949698_T_TTTTTGTTTTGTTTTG
16:9143392_CTAAACA_C	NONE
7:186459_G_A	7:188714_A_G
15:37414466_G_T	15:45417596_A_G
2:170770276_T_TG	2:162590447_A_G
10:5994841_C_T	10:13469346_A_C
10:5994841_C_T	10:13473669_A_G
7:78884095_G_A	NONE
5:71821413_T_C	NONE
11:1822481_A_G	11:1728170_A_G
11:1822481_A_G	11:1728816_G_A
11:1822481_A_G	11:1729250_G_A
11:1822481_A_G	11:1735726_C_T
9:29708084_T_C	9:38168744_T_C
9:29708084_T_C	9:38168960_A_G
9:29708084_T_C	9:38174185_A_C
9:29708084_T_C	9:38176113_T_C
6:169629861_G_C	6:169633185_C_T
6:169629861_G_C	6:170265025_G_C
1:162864313_T_C	NONE
21:18181051_G_A	21:17955250_G_A
2:85812784_T_A	NONE
10:110917257_A_T	10:110911319_T_C
10:110917257_A_T	10:110926585_G_C
5:145426157_G_A	5:145340616_G_A
5:145426157_G_A	5:145389992_T_A
3:72686023_T_C	NONE
22:23246544_C_T	22:20026525_A_G
22:23246544_C_T	22:23246545_T_A
15:70065245_C_T	15:70063036_C_A
2:65934408_G_A	NONE
5:126910558_T_C	NONE
7:71672614_AT_A	7:71669140_A_ATT
7:71672614_AT_A	7:71671657_ATTTG_A
7:71672614_AT_A	7:71675931_T_C
10:34151815_C_T	10:34129757_GTA_G
6:110902265_T_C	6:112003748_T_C
6:110902265_T_C	6:114223361_C_T
4:5093912_A_G	NONE
1:81485027_TTA_T	NONE
11:67346493_C_T	11:65343399_C_CCCCGCT
11:67346493_C_T	11:66451560_C_T
11:67346493_C_T	11:66649597_T_G
11:67346493_C_T	11:67743517_C_T
X:92218637_C_T	NONE
2:55074908_A_T	2:55938855_C_CT
15:23924256_C_A	NONE
4:52749699_G_A	NONE
6:170353402_G_A	6:170348411_A_G
6:170353402_G_A	6:170349367_T_C
14:94857503_G_A	14:88603893_G_C
7:120361077_T_A	7:121954033_G_A
7:120361077_T_A	7:121955100_T_C
7:120361077_T_A	7:121972755_ATCC_A
7:120361077_T_A	7:121975504_T_C
7:120361077_T_A	7:121987256_TG_T
7:120361077_T_A	7:128771968_C_T
X:101447785_T_C	NONE
5:122049960_T_C	5:122050019_C_A
2:8360459_G_A	NONE
2:236040306_C_A	2:236039769_A_G
18:5063271_T_C	18:5061254_T_C
X:71204676_C_CT	NONE
14:36267377_CT_C	14:35943644_CCTT_C
20:3050393_T_C	20:3050335_C_A
20:3050393_T_C	20:4614279_A_G
20:3050393_T_C	20:4615596_A_G
3:36739882_A_G	NONE
2:21579163_T_C	NONE
18:32389205_A_T	NONE
4:41546287_A_G	NONE
2:162636614_T_C	NONE
18:12428617_C_T	18:12437549_ATT_A
4:28824309_A_G	4:25086977_CTTTTTTTTTT_C
4:28824309_A_G	4:28727594_A_G
7:92643024_A_G	NONE
15:82319743_C_G	15:82320886_C_G
15:82319743_C_G	15:82328514_C_T
3:119210019_T_A	3:119938443_ATTT_A
3:119210019_T_A	3:119977925_T_A
3:119210019_T_A	3:120008327_A_G
18:98761_T_TAACCCAAACCCG	NONE
5:140843620_T_C	5:141136867_A_G
5:140843620_T_C	5:141225318_G_C
1:202759709_G_A	1:202632232_C_T
6:68811603_A_C	6:68811720_T_C
6:68811603_A_C	6:68812780_A_G
2:1628294_AT_A	2:2799469_T_C
21:43146475_C_A	NONE
3:133236157_A_G	NONE
10:3889060_T_C	NONE
1:160057964_C_T	1:157051801_C_T
12:107198435_T_C	12:106683907_C_A
12:107198435_T_C	12:106685848_CAT_C
4:10744054_G_T	NONE
3:168854602_A_T	NONE
6:96383998_T_A	NONE
14:92354952_CA_C	14:92218768_T_C
22:48854561_G_C	22:45615281_A_G
11:76842930_G_A	NONE
10:51558660_G_A	NONE
5:82021186_CAAAA_C	NONE
11:95116851_A_G	NONE
5:50690278_G_GAA	NONE
1:94464684_C_T	NONE
9:4930732_T_G	9:4930755_C_G
10:19765768_G_A	NONE
1:233381768_C_T	1:233377447_C_A
1:233381768_C_T	1:235600053_A_AC
9:27667378_G_T	NONE
17:2312663_T_C	NONE
12:66992868_T_C	12:67053708_C_T
12:66992868_T_C	12:67073363_G_A
8:15304200_C_T	8:18010920_A_AAT
7:158512748_C_G	NONE
10:62917826_T_TGA	10:62352727_T_A
10:62917826_T_TGA	10:62907028_A_C
10:62917826_T_TGA	10:62907185_T_A
1:35711818_CT_C	NONE
16:5927708_C_G	16:9789066_G_C
10:60238864_C_T	NONE
16:1200232_C_T	16:1265600_G_A
12:50449976_T_C	12:42896336_C_G
21:27185700_G_T	NONE
9:101646877_C_T	NONE
8:52667858_GT_G	NONE
X:43706249_A_G	X:45780630_T_C
5:100405659_G_A	NONE
4:117804320_G_A	NONE
12:87150471_T_C	NONE
6:52816083_T_G	6:46729768_C_T
6:52816083_T_G	6:52816630_G_A
6:52816083_T_G	6:52817244_G_A
18:56807089_A_G	NONE
8:139605464_G_C	8:139595463_T_C
8:139605464_G_C	8:139604728_T_C
13:24664471_A_T	NONE
15:87718292_A_G	NONE
10:29719971_C_T	NONE
3:2377907_TG_T	3:2316045_C_T
2:230957170_CA_C	NONE
8:40585214_A_T	NONE
5:11945135_G_A	NONE
9:32933492_C_T	NONE
17:5354471_A_G	17:11190747_A_G
17:5354471_A_G	17:11190853_G_A
17:5354471_A_G	17:13693103_A_G
17:78008025_GAA_G	NONE
3:187678985_T_C	NONE
14:24441580_T_C	NONE
5:31985223_C_CA	NONE
1:183007234_G_T	NONE
1:232603738_T_G	1:230762203_C_G
3:112101587_C_T	NONE
7:3948372_T_G	NONE
6:81288657_T_G	NONE
9:97080944_GAGA_G	NONE
X:150863223_CG_C	NONE
16:88283703_G_A	16:88280481_G_A
4:39163233_CT_C	NONE
1:20380573_CCTCCTCCATG_C	NONE
2:71522906_C_CT	2:75218453_CG_C
17:22198015_C_A	17:22174758_G_T
13:112093683_C_T	13:112094306_G_C
13:112093683_C_T	13:112098450_G_T
13:112093683_C_T	13:112099828_C_T
13:112093683_C_T	13:112100706_T_A
13:22951467_T_C	NONE
12:95950002_A_T	NONE
6:90279487_A_G	NONE
6:86096993_C_A	NONE
X:152917556_C_T	NONE
9:90422294_AT_A	NONE
2:124610172_C_A	NONE
X:14708799_C_G	NONE
2:9967620_T_TA	NONE
10:122063356_A_G	10:122054082_C_T
10:122063356_A_G	10:122057157_A_G
10:94066343_A_G	10:94057129_G_A
21:15730867_G_C	21:25012798_T_C
20:60215224_G_A	NONE
8:30509511_G_T	NONE
17:76930571_C_A	17:76933645_G_C
4:165336126_T_C	NONE
1:22847660_A_G	NONE
2:108887450_AG_A	NONE
11:36166210_A_C	NONE
16:84867526_G_T	NONE
5:31420826_CCTAA_C	NONE
7:100722737_G_GAAA	NONE
3:167404204_C_T	NONE
10:13471607_A_AACAG	NONE
5:16864941_C_T	NONE
3:114662411_C_A	NONE
20:11772439_T_C	20:11772875_G_A
1:62525980_A_C	NONE
5:1721003_G_A	NONE
8:423998_A_G	NONE
5:151412876_C_CT	NONE
18:62287407_A_C	NONE
8:135337294_A_G	NONE
	
	
